-0.090716
-1.875700
-0.920302
0.189890
-3.143368
-3.475590
-2.030189
-1.378322
-1.057658
0.428461
0.089406
0.512493
-1.926062
-2.787595
-0.234298
-1.157297
-0.025542
0.177852
-1.651426
-0.291294
0.073795
0.159556
0.352760
-1.069500
0.445197
-3.913729
-1.158968
0.784512
-0.539553
-0.170607
0.083922
-3.047925
-1.141811
0.652027
0.519744
-0.820063
0.239081
-0.943407
-1.072157
-3.520835
-1.339729
-1.018965
0.518022
0.508463
-0.121826
-0.002565
-1.402138
0.412498
-2.038860
-0.501316
0.594467
-0.456894
-0.746415
-0.484055
-1.922946
-2.209467
-0.089151
0.681313
-0.488537
-1.299529
0.205091
-0.507747
-2.342577
-2.333668
