-1.223501
-1.329637
-1.299683
-1.285346
-1.316022
-1.275115
-1.436384
-1.611125
-1.250468
-2.237707
-1.204739
-3.504703
-1.380248
-1.368020
-2.802443
-5.703223
-1.348417
-1.222943
-1.369494
-1.117925
-1.423882
-1.244102
-1.419214
-1.173940
-1.296176
-1.260795
-1.175122
-1.273607
-1.115986
-1.360241
-1.314381
-1.288272
-3.862204
-1.359173
-2.577544
-1.354992
-2.078636
-1.162449
-1.346131
-1.345695
-1.287607
-1.244118
-3.356473
-1.329074
-1.275548
-1.362370
-1.330803
-1.235249
-1.339741
-3.862430
-1.369631
-1.301238
-1.278928
-1.205664
-1.378750
-1.266222
-1.330114
-1.249374
-1.164492
-1.172526
-1.339565
-3.197803
-1.330158
-1.398899
-1.293202
-1.278712
-1.321497
-1.239902
-1.329463
-1.283520
-1.454838
-1.172880
-1.297561
-1.288948
-1.369433
-1.327917
-1.312397
-1.288991
-1.427217
-3.425540
-1.266532
-1.415968
-1.302073
-1.167680
-1.349055
-1.349169
-1.278213
-3.303908
-1.248050
-1.387366
-1.202341
-1.338716
-1.241694
-41.292068
-1.389313
-1.232118
-1.350998
-1.339094
-1.362202
-1.278046
