2.640000
-2.000000
1.760000
-2.560000
2.560000
-1.840000
1.760000
-1.760000
-2.880000
2.000000
-2.000000
1.040000
-0.640000
2.880000
-1.040000
2.720000
2.560000
-2.320000
2.800000
-1.280000
2.800000
-3.680000
1.040000
-3.040000
-0.880000
1.840000
-2.320000
3.680000
-3.280000
2.800000
-2.240000
2.320000
-1.040000
-0.320000
1.760000
-2.640000
3.120000
-2.320000
2.720000
-2.160000
0.080000
0.960000
-1.680000
1.760000
-1.360000
1.840000
-2.320000
1.440000
-1.600000
1.760000
0.400000
-0.960000
1.600000
-1.040000
-0.160000
0.880000
1.280000
-1.440000
1.840000
-1.840000
2.080000
-0.800000
1.040000
-1.600000
