-1.022583
-1.097859
-1.082728
-1.054903
-1.083286
-1.050100
-1.202054
-1.392004
-1.018139
-2.081197
-0.986004
-1.087792
-1.157860
-1.137623
-2.659837
-4.063867
-1.113327
-1.014804
-1.126208
-0.945968
-1.200355
-1.014223
-1.190751
-0.993113
-1.078102
-1.045453
-1.011044
-1.071739
-0.941952
-1.132049
-1.091622
-1.062948
-2.943151
-1.102248
-1.106624
-1.132528
-1.795474
-0.979263
-1.119135
-1.122966
-1.049780
-1.053265
-3.196962
-1.100308
-1.049842
-1.129145
-1.140622
-1.012665
-1.106466
-3.839793
-1.145416
-1.087441
-1.048225
-0.995464
-1.151382
-1.056758
-1.108199
-1.028148
-0.985240
-0.958853
-1.116934
-3.060176
-1.189709
-1.170614
-1.076638
-1.056228
-1.082988
-1.029959
-1.095628
-1.064101
-1.191496
-1.000852
-1.071584
-1.047484
-1.143361
-1.082982
-1.081184
-1.092614
-1.205125
-3.272654
-1.048946
-1.154348
-1.076114
-0.997492
-1.113150
-1.105586
-1.054852
-1.035926
-1.031062
-1.131325
-0.989227
-1.088357
-1.041130
-2.386903
-1.159108
-1.018166
-1.126997
-1.121469
-1.119294
-1.079700
