3.040000
-1.840000
1.680000
-2.800000
2.400000
-1.920000
1.600000
-2.000000
-2.640000
2.000000
-2.160000
0.960000
-0.640000
2.960000
-1.040000
2.720000
2.480000
-2.480000
2.960000
-1.120000
2.480000
-3.520000
1.360000
-2.880000
-0.960000
1.280000
-2.560000
3.520000
-3.280000
3.280000
-1.760000
2.400000
-0.800000
-0.160000
1.680000
-2.960000
3.040000
-2.560000
2.560000
-2.480000
0.160000
1.120000
-1.600000
2.240000
-1.760000
1.600000
-2.400000
1.440000
-1.600000
1.600000
0.400000
-0.720000
1.200000
-0.800000
0.240000
0.400000
1.520000
-1.520000
1.600000
-2.000000
2.080000
-1.680000
1.040000
-1.520000
