0.884250
4.588688
15.103080
5.781781
3.732414
15.546790
7.473418
3.738674
15.956340
13.962496
13.076884
4.367197
16.047454
0.631769
15.954090
-0.036141
6.663207
-1.449589
-0.320958
13.252110
15.459748
13.529290
15.884586
4.749954
3.729074
5.036083
11.733727
16.050500
15.428783
15.880996
4.065077
15.901438
15.256962
15.979766
1.090140
3.336999
1.460507
12.194165
16.005015
0.638224
5.156810
4.400453
1.588575
3.615128
15.888767
10.716492
-0.012039
14.096702
4.700588
4.618219
9.213169
4.979699
15.443549
1.505270
16.070818
10.008112
15.914310
15.331430
16.016794
13.597577
16.032685
4.766744
5.190531
12.668285
9.407953
15.491431
3.424040
16.020262
15.092727
7.112794
0.568356
0.991258
4.943399
16.093383
6.918161
11.552226
8.959491
8.932566
4.015446
15.751737
11.580639
15.889671
1.449738
0.677478
13.906933
15.049898
1.542248
15.829174
15.800860
6.656771
6.134221
0.838155
5.976259
16.044417
9.330053
15.388450
15.862417
11.413416
4.248375
1.371170
