4.285748
11.463799
10.364731
8.587439
8.918561
11.097543
11.120859
10.235905
11.537645
10.534351
10.400690
4.721337
11.305822
11.277768
11.357093
4.515726
2.328662
9.159249
11.667485
10.046734
10.725449
11.221362
11.693685
7.313541
10.206021
7.498473
10.090785
11.556303
6.891946
10.895084
10.459532
11.339772
11.035316
11.516533
11.187642
4.806894
6.822303
10.290259
11.592021
11.506531
7.136594
6.661927
4.768631
10.483260
11.115798
10.221382
4.712508
10.662884
9.481754
5.944236
10.158987
7.393299
10.297483
9.704714
11.557643
10.382204
11.074122
11.624655
11.547337
9.032861
11.503863
5.699868
4.942607
11.300589
11.529341
11.161267
2.318226
11.538287
11.339942
9.167353
5.520964
3.019850
10.889287
11.644176
10.194975
7.253494
11.625131
10.915361
3.540495
3.529377
10.408081
10.996797
11.209032
4.104971
10.170026
10.349295
5.896433
11.078835
10.817453
11.469012
10.649327
6.527577
9.741602
11.371679
11.114269
10.910537
11.176343
11.587187
7.533516
6.849208
