0.035400
0.034000
0.034000
0.035000
0.033200
0.034600
0.033200
0.033900
0.033600
0.035300
0.033700
0.035200
0.034500
0.033900
0.034800
0.034700
0.035400
0.034900
0.035100
0.034300
0.036200
0.036600
0.034700
0.033800
0.035900
0.033000
0.034200
0.035200
0.035200
0.035800
0.034300
0.033500
0.033700
0.034400
0.035800
0.034500
0.034900
0.035400
0.033800
0.031800
0.033800
0.033600
0.035000
0.036000
0.034700
0.034900
0.034100
0.034400
0.033600
0.034300
0.035100
0.033900
0.034000
0.034800
0.033300
0.034200
0.034200
0.035100
0.034600
0.034900
0.036200
0.035600
0.034200
0.033300
