0.940084
-0.355459
1.186241
0.022484
-0.277012
0.225546
-0.037227
0.192782
0.991212
-1.432460
0.792032
-0.452019
-1.508292
-1.736644
-1.355398
-0.386068
-0.929647
-0.346199
0.047161
-1.046739
-0.152014
0.132495
-2.005333
-1.331431
0.659692
-1.837521
-1.596350
-0.393216
1.050701
-0.382192
-1.106574
0.071106
1.527653
0.529881
0.589692
0.016427
-0.679660
0.604680
-1.841807
-0.403766
-0.164539
0.909699
-1.732246
1.382812
0.074346
0.159629
1.097059
0.737466
-0.712115
1.247949
-1.387234
-1.502020
-0.389415
-1.173850
0.170752
-1.558797
0.681347
-2.059114
0.148929
1.275874
0.202158
-1.156622
0.403650
0.130390
-0.215306
1.346428
0.403931
1.154201
0.995002
-0.148747
0.772694
-1.491049
0.954627
-0.804738
1.275981
1.049484
-0.216751
-0.205015
-1.238504
-0.221405
0.880949
-0.892757
0.244389
1.258816
0.761292
-1.016753
-0.670771
-0.603441
0.396688
1.188571
0.607060
1.333712
0.240294
-1.315732
-1.801648
0.943733
1.079830
0.269078
-1.084045
1.038177
