0.595100
0.269800
0.185800
0.025300
0.425400
0.556100
0.019900
0.109800
0.090000
0.300700
-0.043100
0.812900
0.557200
0.262700
0.533900
0.568000
-0.056500
0.335600
0.412000
-0.265600
0.659600
0.277600
0.779000
-0.135300
0.169400
0.266900
0.226400
-0.704100
0.173600
0.513400
0.210400
0.266800
0.558800
-0.592500
-0.040900
0.268200
0.172500
0.345700
0.140500
0.251200
0.457300
-0.151400
-0.126800
0.218100
-0.217700
-0.366100
0.448600
0.637800
0.511700
0.048100
0.610200
0.629900
0.222900
-0.326500
0.573900
0.925200
0.134300
-0.165900
0.165900
0.600400
0.593900
0.496700
0.506600
0.637900
