4.319918
4.344750
4.037666
3.961875
3.906407
4.181575
4.308927
3.995850
4.376065
4.076664
4.046381
3.939944
4.221707
4.426608
4.219200
3.906776
4.166427
3.998118
4.471124
3.954091
4.102199
4.239260
4.404687
3.907116
4.195323
4.369209
3.945057
4.324125
4.129314
4.134488
4.030866
4.240266
4.150891
4.298916
4.299241
4.360735
4.016206
4.013781
4.392358
4.433316
3.949706
4.459043
3.926847
4.094178
4.170525
3.978511
4.111403
4.089025
3.965161
4.065466
3.958927
3.939963
4.076527
4.093930
4.325687
4.071652
4.178727
4.364845
4.379302
4.046334
4.289064
4.250608
4.182984
4.225754
4.418416
4.172735
3.975837
4.363872
4.242956
4.416554
4.172580
4.077871
4.174334
4.350608
3.973187
3.973498
4.416704
4.112537
4.060717
4.089472
4.045783
4.176997
4.365339
4.401417
3.987391
3.994110
4.080156
4.166517
4.107763
4.447233
4.375468
4.306182
4.105382
4.235981
4.297988
4.104390
4.184122
4.395559
3.974278
4.011308
