7.597388
8.806904
7.739074
7.424463
7.265442
8.344643
8.709207
7.530757
8.834196
7.925878
7.803791
7.227051
8.632107
8.651417
8.717848
7.398906
6.903937
7.619298
8.915847
7.410846
8.047485
8.438847
8.992793
7.244055
7.006523
8.371308
7.414328
8.819937
8.021845
8.272642
7.785929
8.689075
8.340911
8.767400
8.541445
7.807537
7.733345
7.624119
8.878324
8.755843
7.586817
8.685202
7.259959
7.882119
8.447993
7.537749
6.809233
7.935547
7.469503
7.586094
7.576630
7.414033
7.952338
7.895729
8.846165
7.804398
8.467555
8.912511
8.849546
7.688305
8.782574
7.253927
7.896433
8.664038
8.825682
8.377019
7.451271
8.835748
8.682241
8.387040
7.585772
7.865965
8.512253
8.936610
7.573079
7.405817
8.908306
8.280482
7.568063
7.793788
7.783143
8.374944
8.479381
8.445470
7.483022
7.634485
7.783230
8.378941
8.152144
8.815872
8.919283
7.556655
7.946367
8.666318
8.438409
8.182536
8.455123
8.886153
7.312282
7.491586
