0.072000
-0.320000
0.024000
-0.480000
0.416000
-0.168000
0.384000
-0.256000
0.440000
-0.016000
-0.192000
-0.352000
-0.008000
0.208000
-0.032000
0.504000
-0.536000
0.304000
-0.232000
0.288000
-0.040000
0.232000
-0.016000
-0.832000
0.312000
-0.552000
0.280000
0.240000
-0.272000
0.184000
-0.160000
0.304000
-0.392000
0.808000
-0.792000
0.352000
0.496000
-0.096000
-0.584000
0.064000
-0.144000
-0.560000
0.936000
-0.936000
0.296000
-0.328000
0.192000
-0.240000
-0.560000
1.040000
-1.032000
1.448000
-1.616000
0.872000
-0.704000
0.512000
0.056000
-0.824000
0.712000
-0.904000
0.856000
-0.704000
0.688000
-0.528000
