-3.250667
-1.615755
-1.587328
-1.589031
-1.565114
-1.606690
-1.627164
-1.581635
-3.168630
-1.614889
-1.646057
-1.571741
-2.810453
-2.669610
-4.299062
-1.579028
-1.640280
-2.210325
-1.604057
-1.592833
-1.610664
-1.629275
-2.951204
-1.570514
-2.846855
-1.619791
-1.599151
-1.640143
-3.115148
-1.597868
-1.615598
-1.615342
-1.638201
-1.615032
-2.559208
-1.644049
-3.405446
-1.672136
-1.696853
-1.641281
-1.600583
-1.647653
-2.358564
-1.898741
-1.596680
-1.601289
-1.619391
-1.631435
-1.597247
-1.667106
-1.598046
-1.630814
-1.606942
-1.629643
-3.367485
-1.588646
-1.607759
-3.214536
-1.609751
-1.687133
-2.493755
-2.348544
-1.617774
-1.606845
-3.147023
-3.139430
-1.599494
-1.646648
-1.625884
-2.523198
-2.424945
-1.650031
-2.172881
-1.599502
-1.690898
-1.581034
-1.606027
-1.596488
-3.701618
-2.878809
-1.589478
-3.991612
-3.909227
-2.885540
-1.589951
-1.606188
-1.604689
-1.646288
-1.597572
-3.618900
-2.720643
-2.224687
-1.617549
-3.004632
-3.624930
-1.590828
-1.660216
-3.368439
-2.399840
-1.641816
