-3.357045
-1.366109
-1.338927
-1.342208
-1.317833
-1.354389
-1.372572
-1.331794
-3.375046
-1.363958
-1.389565
-1.325636
-3.690390
-3.793980
-3.508619
-1.328784
-1.389623
-2.803122
-1.353697
-1.345501
-1.366366
-1.375801
-3.608187
-1.322567
-4.653719
-1.369934
-1.353848
-1.387016
-2.864158
-1.348816
-1.369026
-1.361480
-1.381094
-1.363874
-3.057341
-1.393464
-2.479850
-1.409134
-1.437483
-1.386371
-1.348345
-1.396219
-3.365709
-1.568969
-1.347340
-1.349059
-1.369540
-1.376808
-1.345427
-1.407404
-1.345551
-1.384736
-1.355619
-1.383556
-3.375843
-1.342669
-1.358082
-3.397984
-1.359948
-1.423238
-3.757903
-3.422059
-1.369089
-1.355631
-3.392138
-3.085920
-1.348613
-1.392895
-1.374122
-3.427617
-2.812639
-1.389593
-2.790356
-1.349804
-1.418046
-1.330825
-1.360042
-1.349465
-2.923022
-3.241090
-1.339469
-3.375256
-3.330567
-3.036950
-1.339513
-1.354551
-1.355364
-1.403062
-1.349304
-2.962870
-2.877538
-3.939180
-1.361505
-3.425141
-2.896283
-1.340450
-1.402859
-2.884115
-3.569682
-1.385123
