-0.400000
0.096000
0.088000
-0.040000
0.208000
-0.088000
0.312000
-0.440000
0.544000
-0.456000
0.072000
-0.672000
0.160000
0.080000
-0.088000
0.536000
-0.440000
0.448000
-0.224000
0.344000
0.264000
0.280000
0.096000
-0.824000
0.016000
-0.240000
-0.392000
0.456000
-0.576000
0.352000
-0.256000
0.464000
-0.096000
0.000000
-0.040000
0.104000
0.168000
-0.056000
-0.080000
-0.272000
-0.200000
0.096000
0.192000
-0.448000
0.288000
-0.296000
-0.184000
-0.184000
-0.440000
0.176000
-0.336000
0.720000
-0.680000
0.352000
-0.272000
0.152000
-0.064000
-0.168000
-0.408000
0.096000
0.240000
-0.120000
0.392000
-0.392000
