0.639730
0.654557
0.659090
0.663695
0.662478
0.649291
0.645996
0.662653
0.653934
0.657289
0.657852
0.674532
0.656953
0.645352
0.650681
0.653479
0.634140
0.655584
0.642787
0.662407
0.657295
0.653915
0.644351
0.667188
0.637615
0.645602
0.661856
0.650857
0.650783
0.656663
0.655813
0.647568
0.651072
0.651815
0.658459
0.651872
0.648215
0.658701
0.650066
0.638972
0.651428
0.649539
0.663240
0.662304
0.657722
0.660297
0.635181
0.655145
0.661471
0.670148
0.651335
0.660348
0.658064
0.659263
0.653717
0.660612
0.657098
0.648920
0.658543
0.663708
0.654182
0.638987
0.652933
0.649720
0.653571
0.655469
0.664159
0.658087
0.658114
0.643110
0.644112
0.656844
0.651117
0.645986
0.657195
0.666378
0.652302
0.650045
0.651150
0.663288
0.659242
0.661109
0.648230
0.643714
0.665854
0.657956
0.657191
0.655198
0.654809
0.653263
0.641752
0.644927
0.656320
0.653786
0.651589
0.650349
0.655014
0.648939
0.668845
0.661844
