-1.446047
-1.102720
-1.948768
-2.139727
-1.963358
-1.681685
-2.017710
-2.014768
-1.773829
-1.341610
-1.797375
0.040282
-1.468641
-1.015762
-1.747761
-1.147215
-0.000787
-1.858317
-1.612771
-1.648884
-2.074787
-1.601951
-1.646653
-1.820668
-1.140001
-0.840710
-1.374272
-1.518208
-1.157539
-1.151822
-2.283793
-1.489141
-2.343735
-1.962844
-1.751616
-1.635354
-2.207288
-1.492611
-1.268416
-1.140259
-0.693851
-1.530813
-1.731159
-2.227312
-1.449423
-2.170877
-1.400638
-1.652477
-2.377536
-1.865065
-1.047376
-1.190721
-1.422627
-1.321032
-1.874889
-1.660634
-2.172705
-1.606330
-1.415057
-1.985308
-1.548021
-1.923423
-2.066871
-1.165218
-1.410496
-1.983902
-0.528681
-0.700297
-1.836309
-1.714854
-1.745882
-1.305591
-1.282199
-1.493401
-1.376733
-0.568207
-1.235276
-1.712694
-0.951219
-1.224324
-1.812530
-1.779546
-1.482259
-1.165961
-2.277937
-2.032703
-0.423044
-1.875012
-0.500535
-1.510843
-1.302097
-1.848688
-1.506348
-1.667458
-1.620809
-2.300086
-0.998825
-1.210845
-1.225840
-1.841654
