0.964600
0.368200
1.033900
1.149400
0.436800
0.886900
0.827400
0.684600
1.140300
0.675500
0.884100
-0.131600
0.600600
1.216600
1.543500
1.280300
-0.036400
1.110900
0.867300
0.447300
1.271200
0.508900
0.965300
0.102200
0.739200
0.056700
0.549500
1.934100
0.053900
0.429100
0.901600
-0.301700
0.420700
2.192400
-0.552300
1.285200
0.505400
1.416100
-0.019600
0.646800
0.658700
0.115500
1.320200
0.353500
0.868700
0.912100
0.735700
0.653100
-0.076300
1.129800
0.541100
1.376200
-0.048300
1.180200
0.290500
0.507500
1.060500
0.385000
0.821100
0.076300
0.611800
0.372400
1.122800
1.139600
