0.167600
0.102800
0.080800
0.132200
0.121900
0.134600
0.082500
0.111200
0.072600
0.113700
0.106000
0.134100
0.123800
0.106600
0.151900
0.194700
0.077400
0.094300
0.160900
0.073900
0.132300
0.156900
0.196800
0.079000
0.109100
0.121200
0.118300
0.080000
0.114700
0.084300
0.133500
0.086800
0.163800
0.084800
0.126800
0.085200
0.119500
0.076000
0.091800
0.127000
0.142000
0.123500
0.101600
0.113000
0.127600
0.098500
0.108800
0.139600
0.133200
0.113100
0.125300
0.116800
0.134900
0.095900
0.126500
0.140900
0.089800
0.063100
0.111000
0.114800
0.160200
0.087300
0.146700
0.101300
