-1.219738
-1.184266
-1.151041
-1.221545
-1.143268
-1.185326
-7.422221
-1.233855
-1.161880
-1.223542
-1.185349
-1.196178
-1.250992
-1.149995
-6.840355
-1.171169
-1.228418
-1.176176
-1.237538
-1.143204
-1.171349
-1.115910
-7.717130
-1.226658
-1.190673
-1.199027
-1.221981
-1.170461
-1.141123
-1.200385
-1.173018
-1.172407
-7.943289
-1.198163
-8.867763
-1.243230
-7.983548
-1.155566
-1.177010
-1.207721
-1.118468
-1.229344
-6.567435
-1.185317
-1.191906
-1.223291
-6.976547
-1.137089
-1.207595
-1.180246
-1.191316
-6.818277
-1.194212
-1.146678
-1.146001
-1.214646
-7.989457
-1.175199
-1.225692
-1.140752
-1.214360
-7.194665
-6.806076
-1.183587
-7.335538
-1.178589
-1.185296
-1.184094
-7.437194
-7.167780
-1.185070
-1.150184
-1.021828
-1.198359
-1.188805
-1.228381
-1.226799
-7.337199
-7.852290
-7.328911
-1.237105
-1.130163
-1.161750
-1.187243
-1.240856
-1.188159
-1.119900
-1.242565
-1.138032
-1.185121
-1.153992
-1.218131
-1.183008
-1.173667
-1.202122
-1.183811
-1.183525
-7.157497
-6.428606
-7.611105
