-2.245000
-0.705000
-0.915000
1.065000
3.230000
-0.700000
-1.885000
-0.935000
-0.495000
-1.910000
-2.495000
-1.625000
-0.555000
-1.750000
-1.940000
-0.340000
-0.545000
-0.705000
-1.745000
-1.640000
-0.560000
0.055000
-2.805000
-3.220000
-0.830000
-2.080000
-2.600000
-2.035000
-1.270000
-1.660000
-2.315000
-1.665000
-2.250000
-0.780000
-1.045000
-2.260000
-0.280000
0.005000
-1.640000
-3.095000
-1.920000
-2.890000
-1.180000
-1.320000
-1.505000
-0.830000
-1.580000
-1.575000
-0.765000
-0.970000
-0.330000
-0.325000
2.690000
0.485000
-1.125000
-1.385000
-1.060000
-1.000000
-1.445000
2.600000
12.280000
2.265000
-0.410000
-1.275000
