8.968260
10.427583
9.348664
9.072670
8.273844
10.141709
10.389043
9.196672
10.471149
9.549295
9.425482
7.561105
10.255965
10.458794
10.292006
8.007386
5.804841
9.181507
10.717647
9.054135
9.675259
10.216907
10.665637
7.955279
8.382799
8.417245
9.089716
10.516844
8.895717
9.860345
9.494220
10.327649
9.965270
10.486438
10.117975
7.472582
9.205586
9.273170
10.556817
10.604955
9.122091
10.044190
7.920463
9.427424
10.047905
9.203129
6.307123
9.666793
9.087951
7.973683
9.059113
9.043325
9.517714
9.513339
10.487113
9.388326
10.000613
10.578387
10.472099
9.258067
10.430361
8.404292
6.691967
10.313900
10.493176
10.095898
6.844317
10.472554
10.199451
9.917917
6.952079
7.588395
9.969079
10.621473
9.191898
8.853237
10.569167
9.867070
7.432084
8.652479
9.404027
9.971023
10.304660
9.704536
9.109110
9.325143
9.230047
10.063437
9.804636
10.475530
10.491248
9.258213
8.414809
10.323911
10.138923
9.956347
10.161089
10.558947
7.971323
8.520670
