-0.025402
-0.076916
-0.088698
-0.089831
-0.085022
-0.077255
-0.081448
-0.054669
-0.014032
-0.097328
-0.050670
-0.067698
-0.091916
-0.119070
-0.097652
-0.096673
-0.092468
-0.108553
-0.065215
-0.100242
-0.081723
-0.050035
-0.111225
-0.099582
-0.036715
-0.111487
-0.106172
-0.085890
-0.047429
-0.068267
-0.086972
-0.053507
-0.060956
-0.076022
-0.074805
-0.061998
-0.103707
-0.036586
-0.094444
-0.084295
-0.075612
-0.073265
-0.121222
-0.022624
-0.055434
-0.073887
-0.056367
-0.030072
-0.093641
-0.011372
-0.101780
-0.089350
-0.031199
-0.099505
-0.075373
-0.094273
-0.076590
-0.112446
-0.044309
0.006355
-0.040414
-0.089041
-0.039207
-0.073163
-0.089490
-0.009961
-0.079182
-0.026045
-0.061472
-0.073576
-0.044358
-0.094385
-0.035944
-0.090744
-0.023480
-0.059604
-0.074613
-0.087280
-0.094753
-0.089965
-0.060910
-0.102540
-0.094508
-0.014310
-0.026346
-0.088914
-0.094529
-0.071614
-0.076255
-0.025323
-0.063348
0.004921
-0.028440
-0.110265
-0.117157
-0.075087
-0.065194
-0.076698
-0.088327
-0.039071
