0.067000
0.067400
0.039800
0.068200
0.054400
0.057400
0.027000
0.046000
0.032400
0.055600
0.053800
0.052000
0.044400
0.041600
0.050200
0.075000
0.043600
0.045400
0.058600
0.037200
0.070200
0.078200
0.081400
0.025400
0.043800
0.043800
0.037600
0.026200
0.054000
0.030200
0.040000
0.008400
0.051000
0.032400
0.056600
0.026000
0.044200
0.039600
0.025200
0.025200
0.069400
0.055600
0.043400
0.039400
0.049400
0.054400
0.031800
0.046200
0.057000
0.067600
0.063000
0.037600
0.059600
0.045800
0.064000
0.059200
0.041600
0.039400
0.052600
0.048200
0.067400
0.053000
0.081000
0.058600
