-1.432143
-1.254641
-1.522721
-1.273081
-1.243526
-1.275997
-1.484543
-1.309044
-1.272460
-1.291149
-1.298682
-1.366480
-1.373112
-1.281832
-7.713585
-1.309339
-1.312468
-1.333142
-1.315089
-11.796543
-1.454734
-1.380686
-6.390963
-1.357826
-1.277918
-1.225041
-1.319946
-1.367827
-1.352181
-1.479780
-1.323411
-1.323330
-1.483080
-1.302101
-8.124080
-1.352568
-7.305859
-9.138947
-1.322282
-1.325010
-1.380652
-1.313744
-7.237171
-1.292347
-1.398320
-1.217384
-4.121634
-1.345976
-1.258884
-1.248475
-1.293055
-1.494331
-1.370601
-1.425596
-1.247007
-1.309443
-1.345507
-1.250354
-1.385841
-1.314677
-1.389648
-8.732631
-1.415263
-1.387055
-1.418507
-1.302555
-1.302188
-5.250327
-1.374973
-1.404878
-1.230182
-1.419957
-1.353586
-1.400342
-1.306922
-1.239374
-1.418514
-1.385695
-9.373367
-1.487300
-1.275839
-2.275282
-1.316094
-1.355165
-9.355941
-1.291852
-1.401957
-1.315535
-1.361613
-1.296707
-1.396099
-1.266561
-1.282583
-1.382546
-1.358924
-1.339545
-1.343435
-9.294360
-8.506860
-1.474823
