2.660000
-1.960000
1.680000
-2.520000
2.520000
-1.820000
1.610000
-1.750000
-2.800000
2.030000
-1.960000
1.120000
-0.770000
2.870000
-1.050000
2.450000
2.520000
-2.240000
2.660000
-1.400000
2.730000
-3.570000
0.980000
-2.940000
-0.840000
1.610000
-2.310000
3.500000
-3.150000
2.660000
-2.170000
2.310000
-0.980000
-0.280000
1.750000
-2.520000
3.010000
-2.240000
2.520000
-2.100000
0.140000
0.910000
-1.540000
1.610000
-1.050000
1.610000
-2.100000
1.330000
-1.540000
1.610000
0.280000
-0.840000
1.400000
-0.770000
-0.210000
0.910000
1.120000
-1.120000
1.750000
-1.750000
2.030000
-0.980000
1.050000
-1.610000
