7.744673
8.985776
7.871042
7.553830
7.418434
8.654861
8.956620
7.665723
8.979432
8.087471
7.973525
7.334505
8.778771
8.980675
8.839777
7.589670
7.030101
7.768764
9.227163
7.535143
8.191550
8.694074
9.194726
7.365408
7.151565
8.564492
7.559015
9.027876
8.206987
8.395678
7.995815
8.911562
8.500522
8.993183
8.621232
8.503542
7.959461
7.752687
9.073510
9.111306
7.805645
8.921317
7.396021
7.997379
8.582016
7.664359
7.004017
8.154260
7.597466
7.621593
7.695888
7.548098
8.080831
8.056457
9.007162
7.928379
8.542409
9.087864
8.989115
7.812358
8.950583
7.719535
7.924516
8.893463
9.006331
8.629494
7.582292
8.993039
8.734165
8.765435
7.685058
7.987462
8.686642
9.137904
7.706510
7.521112
9.081303
8.435498
7.689752
7.819153
7.923623
8.508291
8.764211
8.746823
7.591365
7.790667
7.932457
8.577980
8.332098
9.012551
9.114568
7.947952
8.052119
8.842624
8.676249
8.483874
8.685944
9.084891
7.405972
7.584690
