2.790484
11.977623
10.909722
8.023016
6.157967
11.523048
7.389283
10.765742
12.071810
11.061647
9.891968
4.265079
11.877656
9.064092
11.941770
2.252609
4.226733
6.882560
12.147979
10.627012
11.269168
11.680270
12.214799
6.066356
7.153090
6.855321
10.629916
12.063287
6.001585
11.498228
10.967605
11.789632
11.531877
12.014047
11.753835
0.901069
2.792616
10.803454
12.104078
11.979289
6.402067
7.303657
6.261305
10.993946
11.672255
10.784296
4.437196
11.130127
10.541672
6.116268
10.406703
6.673687
11.066185
10.013081
12.090635
10.901822
11.694409
12.163762
12.084576
9.549168
12.035560
6.172435
3.443164
11.790450
12.054686
11.576794
1.203322
12.065443
11.921993
6.596594
6.275496
1.760165
11.492594
12.172457
10.031393
7.201512
12.146009
11.455653
1.711704
5.463258
10.955389
11.577959
11.647066
2.151072
10.701099
10.878998
3.300514
11.603078
11.352548
11.996478
9.548269
5.898937
8.699242
11.910973
11.502653
11.395151
11.668860
12.105175
5.663760
4.193127
