-2.814834
-3.252723
-1.637605
-3.686184
-3.540554
-1.709250
-3.158589
-1.624200
-3.694704
-1.895768
-1.609012
-3.237986
-2.590127
-3.866374
-2.577876
-1.656301
-1.773454
-2.874425
-2.438242
-2.987608
-3.111123
-1.677329
-2.780163
-3.704613
-2.782264
-3.611096
-3.198142
-3.540193
-3.920006
-3.134416
-3.358735
-1.663873
-3.257276
-1.719491
-2.967901
-4.435104
-2.586656
-1.741302
-3.211785
-4.591035
-1.613387
-2.592569
-2.691031
-2.678309
-1.788657
-1.704358
-2.705203
-1.629174
-1.772218
-1.649308
-1.673603
-3.074481
-3.057040
-3.073412
-3.417558
-11.245313
-3.264109
-15.120617
-1.650761
-1.627272
-3.311084
-2.111728
-3.687761
-3.186283
-3.772440
-1.619359
-3.108017
-1.730632
-3.370227
-2.853240
-3.540466
-3.670682
-3.136132
-1.856561
-1.649224
-1.693658
-3.567880
-3.245150
-2.843359
-2.853697
-1.736573
-2.441854
-3.838102
-2.531123
-1.588372
-1.625464
-2.140924
-1.857135
-1.758487
-3.285855
-3.370203
-2.987831
-3.532956
-2.931446
-3.068784
-1.716986
-1.618722
-13.762720
-3.507137
-3.022203
