-0.205000
-0.185000
0.610000
-0.080000
0.040000
-0.160000
0.810000
-0.410000
0.440000
0.175000
-0.110000
-0.375000
0.165000
0.350000
-0.235000
1.040000
-0.105000
0.210000
0.070000
0.150000
0.215000
0.450000
-0.185000
-0.770000
0.060000
-0.460000
0.365000
0.105000
0.085000
-0.125000
0.300000
0.305000
-0.580000
0.995000
-0.930000
0.670000
-0.400000
0.120000
-0.115000
-0.245000
0.200000
-0.330000
0.415000
-0.360000
0.550000
0.025000
-0.120000
-0.455000
-0.615000
0.505000
-0.280000
0.785000
-0.850000
0.365000
-0.030000
0.350000
0.220000
-0.255000
0.340000
-0.515000
0.585000
-0.485000
0.570000
-0.165000
