-0.669000
-2.434000
-1.378000
0.198000
1.930000
0.147000
-2.067500
-2.072000
1.029000
-2.210000
-3.870500
-0.197500
1.449000
0.652000
0.045000
0.432000
-0.184000
-1.546500
-0.714500
-0.147500
-0.206000
-0.162000
0.946000
0.929000
0.732000
-0.016000
0.829500
0.971000
1.114500
0.723500
2.467000
2.781000
1.828000
1.892500
0.593000
1.046500
0.931000
0.467000
1.752000
2.136000
1.128000
1.203500
0.429000
0.623000
0.882000
1.093000
0.098500
0.330000
-0.488000
-0.273000
0.566000
2.604500
1.702000
1.308500
-0.568500
-1.434000
-0.266000
0.173500
-0.106000
0.308000
1.005000
1.043000
-1.238000
-3.285000
