3.188298
1.068041
1.357793
2.720828
0.457075
2.356888
2.618401
2.923540
1.947375
0.792347
3.029364
2.141483
1.841539
1.620895
3.102930
2.115871
5.249028
1.338423
1.300904
2.666320
2.289439
0.767623
1.399035
2.355413
2.863916
0.505699
1.491562
0.706681
2.606526
1.130613
1.552903
3.014160
3.789728
0.864044
0.617754
2.343860
-0.643732
2.174188
1.211834
2.682497
3.943096
0.895119
0.768439
1.775648
2.207940
1.351260
1.880373
1.742662
1.394815
3.950223
1.811456
2.054295
1.987813
2.300547
1.774757
0.439670
1.930637
0.539928
2.812055
0.805834
2.499483
1.904479
2.430979
0.316037
1.622639
2.660701
1.314045
0.725949
2.371261
0.897402
2.552253
4.127719
0.420825
1.578519
1.375045
1.387716
-2.254315
1.470146
1.799277
2.505675
1.412009
0.203786
1.248871
1.866750
2.411788
1.309901
0.752518
0.593853
1.989448
1.926304
2.864171
1.590557
2.323727
0.912859
0.782100
0.868979
4.067375
1.262827
2.302731
0.900066
