0.048551
0.047988
0.048166
0.048121
0.048154
0.047737
0.047465
0.049127
0.049292
0.047734
0.048647
0.049491
0.047788
0.046183
0.047442
0.047237
0.046945
0.047306
0.047697
0.048002
0.048234
0.048531
0.046218
0.048008
0.048397
0.046702
0.047652
0.048013
0.048499
0.048260
0.047893
0.047907
0.048307
0.048085
0.048654
0.048379
0.047011
0.048734
0.047689
0.047011
0.047704
0.048162
0.046624
0.049538
0.048751
0.048288
0.047738
0.049167
0.048305
0.050545
0.046930
0.047911
0.048551
0.047958
0.048501
0.047958
0.048471
0.046791
0.049130
0.050488
0.048792
0.047074
0.048526
0.048060
0.048051
0.049855
0.048892
0.049517
0.048700
0.047781
0.048005
0.047681
0.048516
0.047184
0.049192
0.049101
0.048003
0.047695
0.047332
0.048579
0.048670
0.048171
0.047590
0.048969
0.049858
0.048258
0.047974
0.048495
0.048215
0.049245
0.047463
0.049867
0.049007
0.047341
0.046891
0.047790
0.048480
0.047937
0.048661
0.048883
