-0.098000
-0.315000
0.490000
-0.357000
0.140000
0.224000
0.119000
-0.224000
0.504000
-0.091000
-0.217000
-0.070000
-0.014000
-0.105000
-0.007000
0.679000
-0.560000
0.259000
0.042000
-0.154000
0.567000
-0.014000
0.084000
-0.966000
0.021000
-0.329000
-0.105000
0.532000
-0.476000
0.378000
0.203000
0.322000
-0.042000
0.392000
-0.371000
0.378000
0.287000
-0.315000
-0.231000
-0.329000
-0.287000
-0.217000
0.700000
-0.448000
0.126000
0.091000
-0.287000
-0.168000
-0.203000
0.511000
-0.630000
0.833000
-0.910000
0.168000
-0.077000
0.014000
-0.035000
-0.371000
0.119000
-0.329000
0.084000
-0.119000
0.217000
-0.308000
