-2.867764
-1.396422
-1.357797
-1.409466
-1.343405
-1.370118
-1.454601
-1.343174
-3.239849
-1.379239
-1.398594
-1.378062
-3.737372
-3.050015
-2.759077
-1.345803
-3.375348
-3.412559
-1.377730
-1.375188
-1.430918
-1.406574
-3.714103
-1.367981
-2.753279
-1.423446
-2.559175
-1.465812
-3.251988
-1.368265
-3.555567
-1.376298
-3.213536
-1.401822
-2.797163
-3.241032
-3.410280
-1.468727
-3.171155
-1.476233
-1.357664
-1.656260
-3.807124
-2.921003
-1.379542
-1.366518
-2.538928
-1.399237
-1.373234
-1.456400
-1.367058
-3.329774
-1.411714
-3.306671
-2.571018
-1.375986
-1.395038
-3.481751
-1.384057
-1.508727
-2.915004
-2.967291
-1.416169
-1.402091
-2.433625
-2.950148
-1.379610
-1.466942
-1.499668
-3.075220
-2.744711
-3.219287
-3.874448
-1.378511
-1.434397
-1.338744
-1.378922
-1.362917
-3.340961
-3.192276
-1.370356
-4.685702
-1.437792
-3.215656
-1.357955
-1.372431
-1.398451
-1.396983
-1.369359
-3.068429
-4.114196
-3.342440
-1.402703
-3.880708
-3.290206
-1.357053
-1.437340
-1.381322
-2.888838
-1.441093
