-0.372000
-0.102000
0.522000
-0.222000
0.240000
-0.276000
0.180000
-0.258000
0.498000
-0.222000
-0.384000
-0.402000
0.048000
0.438000
0.018000
0.522000
-0.060000
0.246000
0.036000
0.240000
0.282000
-0.264000
0.126000
-0.582000
0.282000
-0.810000
0.390000
0.066000
-0.426000
0.324000
0.138000
-0.024000
-0.222000
0.732000
-0.870000
0.642000
0.186000
-0.174000
-0.504000
-0.108000
-0.216000
-0.084000
0.180000
-0.648000
0.522000
-0.222000
0.162000
-0.252000
-0.114000
0.030000
-0.174000
0.714000
-1.212000
0.816000
-0.288000
0.024000
-0.312000
0.096000
-0.276000
0.084000
0.300000
-0.408000
0.198000
-0.186000
