-2.792331
-1.521243
-1.541278
-3.229390
-3.401718
-1.467775
-3.037427
-1.349297
-1.595630
-1.394264
-1.400883
-3.541253
-2.983956
-2.386927
-3.379918
-1.390209
-3.089091
-2.577947
-1.405129
-1.399336
-1.395142
-1.420964
-3.067380
-2.745505
-2.899548
-2.404723
-3.086648
-3.614109
-3.077384
-1.387404
-1.432104
-1.364296
-1.444465
-3.487821
-3.065148
-2.924298
-3.493304
-1.399610
-2.541840
-4.137042
-1.362354
-4.610727
-3.388503
-3.715990
-1.435027
-1.380112
-3.652124
-1.466152
-1.470837
-1.539403
-1.478021
-3.217524
-3.705112
-3.852308
-2.992393
-1.423776
-3.086905
-2.649922
-1.431277
-3.092702
-3.554481
-3.348941
-3.308556
-1.511397
-2.448904
-1.393869
-3.182419
-1.450260
-2.906597
-3.793659
-3.464378
-3.357087
-3.383216
-1.410066
-1.365010
-1.391902
-1.452835
-1.392097
-3.852868
-3.716173
-1.494628
-3.719222
-3.142725
-2.836053
-1.360454
-1.422693
-2.925631
-1.393911
-1.393545
-2.022401
-2.878995
-3.178592
-1.448515
-3.213115
-2.751896
-1.381668
-1.383017
-1.436078
-3.487451
-1.435666
