-0.022090
-0.177343
-0.081737
0.051609
-0.302644
-0.359762
-0.196105
-0.144960
-0.100542
0.053101
0.010201
0.020789
-0.198071
-0.280352
0.006062
-0.093659
-0.018571
0.054918
-0.158980
-0.010248
0.018433
0.030224
0.014198
-0.064237
0.056843
-0.386402
-0.086711
0.036742
-0.036307
-0.014782
0.022018
-0.300890
-0.075585
0.052917
0.054189
-0.112103
0.052192
-0.094417
-0.136859
-0.351782
-0.139357
-0.112672
0.051543
0.051894
-0.016830
0.022401
-0.142177
0.005875
-0.210454
-0.025703
0.049193
-0.035292
-0.051597
-0.058946
-0.164845
-0.223803
-0.047254
0.049616
-0.036940
-0.118874
0.031071
-0.058646
-0.240687
-0.260304
