3.060000
-1.890000
1.710000
-2.790000
2.430000
-1.980000
1.710000
-2.160000
-2.700000
2.070000
-2.160000
0.900000
-0.540000
2.970000
-1.080000
2.700000
2.520000
-2.520000
3.060000
-0.900000
2.520000
-3.600000
1.350000
-2.880000
-0.900000
1.350000
-2.610000
3.600000
-3.420000
3.420000
-1.890000
2.430000
-0.990000
-0.270000
1.800000
-3.150000
3.150000
-2.520000
2.700000
-2.700000
0.090000
1.080000
-1.800000
2.520000
-1.800000
1.890000
-2.520000
1.530000
-1.710000
1.710000
0.360000
-0.810000
1.350000
-0.900000
0.450000
0.360000
1.620000
-1.710000
1.710000
-2.070000
2.160000
-1.620000
0.900000
-1.530000
