-1.170874
-0.978496
-2.557851
-1.092132
-1.160786
-1.043073
-1.139863
-1.115584
-1.175991
-1.084484
-1.061332
-1.124890
-1.762468
-1.047313
-1.091238
-1.133876
-1.127778
-1.131481
-1.010536
-1.074357
-2.325265
-0.997947
-1.123296
-1.103888
-0.959228
-1.093834
-1.068823
-1.142559
-1.131087
-1.205831
-1.103584
-1.027069
-3.159647
-1.128287
-2.237985
-1.250572
-1.218134
-0.972145
-1.003724
-1.155142
-1.102752
-1.100072
-2.681348
-1.087573
-1.147291
-1.092181
-2.184863
-1.073881
-1.087667
-1.168185
-1.065299
-1.100946
-2.984086
-1.025687
-1.705050
-1.048327
-1.105008
-1.050567
-1.055596
-1.035360
-1.831431
-1.221006
-1.714023
-1.167809
-1.100649
-1.070495
-1.069081
-1.003757
-1.084565
-1.129076
-1.087348
-0.991844
-1.082859
-1.026797
-1.155340
-1.269889
-1.149044
-1.068441
-1.139105
-1.797042
-1.131387
-1.108340
-1.147196
-1.239660
-1.258357
-0.980579
-1.124481
-1.010926
-1.047402
-1.068328
-1.064450
-1.128363
-1.187110
-0.987165
-1.089698
-1.127322
-1.102323
-1.122206
-1.852492
-1.231558
