-0.618656
-1.164759
-1.126841
1.109111
-1.361705
-1.459782
-0.198823
-1.185863
-1.111283
-1.619973
-1.453294
-1.351505
-1.401451
-1.093558
-1.395282
-10.183260
-1.373785
-0.703826
-1.423594
-0.979628
-1.335849
-6.282379
-1.631630
-1.331772
-1.091225
-1.108002
-0.187026
-1.351917
-0.262584
-1.403836
-0.528337
-1.332566
0.168513
-1.268242
0.076115
-0.866366
-1.364300
1.474131
-0.337278
-1.381872
-7.787993
-1.248018
-1.562256
-1.130238
-1.154424
-1.390468
-1.535632
0.520680
-1.243031
-0.992077
-1.412546
-0.218899
-1.602093
-1.336512
-1.339708
-1.546344
-1.600204
-5.172898
-0.500818
-1.283613
-1.265178
-1.611674
-0.916012
-1.177642
-1.020099
-1.273837
-0.780115
0.422654
-0.905140
-1.773075
0.049564
-0.892643
-1.381146
-1.243452
-0.408857
0.898453
-1.111296
-0.876917
-1.512364
-1.192025
-0.545740
-2.237869
-1.365173
-0.354584
-1.266569
-1.385689
-1.369818
-1.343852
-1.531714
-1.361995
-1.141410
-1.250950
-1.057933
0.148782
-1.906568
-0.594303
-1.333216
-1.496536
-0.478371
-1.136589
