-4.841928
-3.219099
-3.346705
-4.629251
-6.448697
-5.048787
-3.767482
-0.612427
-1.319544
-2.094613
-2.017347
0.795433
-1.724589
-1.979480
-4.563691
-1.088673
-2.781613
-3.065688
-4.660227
-1.200838
-4.590211
-4.962813
-1.766064
-1.086947
-5.601145
-3.030189
-2.646617
-5.133101
-2.865626
-6.655955
-2.938220
-5.479317
-5.351816
-4.087015
-2.447894
-5.396015
-3.519964
-4.072063
-1.431678
-2.066126
-2.266762
-3.564487
-2.657355
-1.158302
-3.012108
-4.414006
-0.775344
-3.085041
-1.717442
-2.853739
-4.255951
-3.062656
-1.426757
-2.239777
-4.113169
-4.571634
-3.269058
-3.927304
-3.479786
-4.704765
-4.537719
-2.300073
-3.358686
-3.938022
-2.806298
-3.899006
-1.265331
0.052446
-3.317823
-3.991673
-5.118735
-2.724194
-1.414663
-5.303516
-2.834364
-1.145196
-3.612205
-3.330613
-2.998245
-3.706733
-1.726177
-0.387717
-3.302820
-2.158714
-3.406939
-4.387482
-0.111644
-1.303907
0.571541
-4.681611
-3.767040
-3.365556
-3.374199
-3.817201
-2.690904
-4.383056
-1.788788
-3.708577
0.446974
-5.287008
