0.060000
-0.135500
-0.788000
1.742500
-0.209000
1.096000
0.048500
0.768000
0.979500
0.304000
1.836500
-0.871000
0.551000
0.513500
1.379000
1.569500
-0.826000
-0.429000
0.059500
1.470000
0.191500
1.042500
-0.601500
-0.940000
0.054000
-0.126500
-0.191500
0.677000
0.969500
-0.733000
1.430000
-0.059000
1.987500
1.015500
-2.246500
2.114500
-0.143000
-0.002500
-0.468000
1.009000
-0.402000
0.736000
2.028000
-1.153000
0.784500
0.178500
1.273500
-0.283000
-0.606000
0.842500
-0.024000
0.417000
-0.933500
1.813500
-0.422500
-1.396500
1.066500
-0.388500
0.327000
1.079500
-0.599500
0.454000
0.105500
3.056000
