-1.675780
-1.646551
-1.704599
-1.604194
-1.923760
-1.646258
-3.885111
-1.648579
-1.772598
-1.870842
-1.755593
-1.616708
-1.745242
-1.826051
-1.645570
-1.861907
-1.734360
-1.613398
-1.782386
-1.775084
-1.633633
-1.832805
-1.647180
-1.888335
-1.721043
-1.561293
-1.698847
-1.611955
-1.789527
-2.854399
-1.875676
-2.533799
-1.801896
-1.643980
-1.693605
-1.726493
-1.758521
-1.651242
-4.476260
-1.576474
-1.619223
-1.688566
-1.654082
-1.634350
-1.783314
-1.631597
-10.146494
-1.831151
-1.592352
-1.576189
-3.237892
-5.516723
-1.603885
-1.904747
-1.687205
-1.701193
-1.642986
-3.256682
-1.710655
-3.170583
-1.619530
-1.745143
-1.759065
-1.614145
-1.806399
-2.225809
-1.853678
-1.798453
-1.664763
-1.670120
-1.642512
-1.791808
-1.707762
-1.719610
-2.217805
-1.635924
-1.627068
-1.695817
-1.615712
-1.793729
-1.595961
-1.747553
-1.671377
-1.680939
-1.661839
-1.825391
-2.219452
-1.646869
-1.725835
-1.811935
-1.719429
-1.617357
-1.731405
-1.755777
-1.713051
-1.729678
-3.992397
-2.940398
-1.711760
-2.828297
