0.707202
0.723655
0.728470
0.733470
0.731991
0.717717
0.714094
0.732169
0.722769
0.726580
0.727016
0.745108
0.726309
0.713729
0.719388
0.722174
0.701466
0.724660
0.710659
0.732047
0.726528
0.722903
0.712533
0.737231
0.705059
0.713968
0.731398
0.719464
0.719313
0.725878
0.724885
0.715782
0.719635
0.720555
0.727876
0.720764
0.716480
0.727866
0.718733
0.706497
0.719912
0.718172
0.733062
0.731880
0.726992
0.729760
0.702471
0.723993
0.730919
0.740390
0.719928
0.729795
0.727299
0.728748
0.722564
0.730220
0.726295
0.717598
0.727887
0.733310
0.723083
0.706608
0.721584
0.718189
0.722613
0.724212
0.733840
0.727354
0.727436
0.711164
0.712029
0.726117
0.719720
0.714206
0.726125
0.736339
0.721188
0.718530
0.719735
0.733125
0.728569
0.730835
0.716667
0.711449
0.735602
0.727146
0.726473
0.724188
0.723770
0.722112
0.709503
0.712887
0.725370
0.722777
0.720519
0.718813
0.723993
0.717469
0.739095
0.731401
