0.352896
0.923386
0.566168
0.410624
0.352896
1.184134
0.921125
1.024472
1.565334
0.411792
0.352896
0.352896
0.682875
1.569276
0.352896
0.763700
0.775302
0.076172
0.923386
0.352896
0.980030
0.745624
-0.709363
1.024472
0.566168
0.745625
1.536533
0.479728
0.745624
0.580033
0.479728
0.923386
0.479728
0.352896
0.479728
0.763700
0.479728
0.763700
1.536533
0.410624
0.352896
0.580033
0.566162
0.664231
0.580033
0.566168
1.024472
0.980030
0.580033
0.566168
1.110906
0.411792
0.923386
0.300201
1.536533
0.076172
0.775302
0.682875
0.076172
1.536533
1.715224
0.479728
0.352896
0.076172
1.024472
2.152467
0.580033
0.745625
0.479728
1.071425
0.566168
0.479728
0.076172
0.300201
0.479728
0.890614
0.352896
0.413223
0.980030
1.383698
1.024472
0.076172
0.745625
0.479728
0.479728
1.536533
0.890614
0.076172
1.024472
0.664231
0.745625
1.712101
0.479728
1.528248
0.745624
0.923386
1.024472
1.024472
2.380176
0.763700
