-0.308000
-11.044000
-8314.464000
-6.869000
-1.628000
-1.060000
-1.390000
-0.829000
-0.841000
-0.750000
-12.828000
-1.375000
-1.077000
-1.029000
-1.290000
-1.300000
-0.381000
-1.509000
-1.774000
-1.531000
-1.167000
-1.370000
-0.725000
-0.259000
-1.315000
-1.984000
-1.585000
-0.940000
0.032000
-1.291000
-1.499000
-1.265000
-1.438000
-1.361000
-1.212000
-0.581000
-1.162000
-1.248000
-1.182000
-1.699000
-1.068000
-1.597000
-1.290000
-0.270000
1.267000
-1.730000
-1.295000
-1.427000
-1.148000
-0.789000
-1.370000
-0.560000
1.372000
-1.967000
-1.298000
-1.627000
0.712000
0.064000
-4.134000
-0.973000
1.653000
-0.360000
-1.024000
-1.069000
