0.180842
0.183121
0.183960
0.184887
0.184569
0.181692
0.180831
0.185580
0.184050
0.183286
0.184114
0.188486
0.183352
0.179737
0.181706
0.181874
0.178694
0.182447
0.180665
0.184467
0.183755
0.183395
0.179488
0.185479
0.180497
0.180217
0.184110
0.182320
0.182613
0.183627
0.183097
0.181472
0.182470
0.182574
0.184550
0.183076
0.180685
0.184342
0.181942
0.179134
0.181902
0.182306
0.183477
0.185887
0.184310
0.184311
0.179446
0.184088
0.184573
0.188493
0.181262
0.183947
0.184134
0.183978
0.183292
0.184207
0.183923
0.180872
0.184987
0.186946
0.183644
0.179312
0.183081
0.182108
0.183022
0.184776
0.185695
0.185171
0.184337
0.180809
0.180897
0.183169
0.182627
0.180570
0.184339
0.186291
0.182665
0.181791
0.181602
0.185316
0.184440
0.184614
0.181455
0.181756
0.186874
0.183781
0.183520
0.183595
0.183183
0.183960
0.179962
0.183006
0.184153
0.182338
0.181513
0.181861
0.183432
0.181862
0.186501
0.185113
