5.218661
5.496132
4.929833
4.821297
4.749895
5.219093
5.449841
4.864418
5.520715
4.992559
4.947855
4.775796
5.293397
5.548874
5.337586
4.767955
4.954149
4.876851
5.622928
4.812847
5.029680
5.306770
5.610391
4.744450
5.000698
5.456399
4.803740
5.485540
5.095984
5.093438
4.931374
5.382845
5.162098
5.447905
5.377718
5.336322
4.922019
4.892000
5.564718
5.546974
4.834573
5.588975
4.769610
5.001938
5.178864
4.849965
4.879860
5.020947
4.832017
4.928519
4.843642
4.798854
4.986419
5.004717
5.482238
4.964600
5.182549
5.539456
5.532623
4.933252
5.432675
5.118294
5.148814
5.345088
5.566576
5.193507
4.842278
5.514890
5.335149
5.451046
5.095912
4.988133
5.221630
5.550692
4.851350
4.829836
5.587041
5.100002
4.926223
4.974397
4.939504
5.154331
5.453884
5.522338
4.851878
4.877517
4.984203
5.163783
5.053331
5.597946
5.589667
5.201846
5.021159
5.333071
5.385533
5.071338
5.205948
5.560363
4.815671
4.870525
