3.224319
10.612152
9.999341
9.721041
6.442610
10.375999
10.049975
9.753921
10.740316
10.153938
10.065988
6.594793
10.787853
4.047110
10.748685
6.067391
6.808693
6.979665
3.054075
9.774199
10.276481
10.381913
10.689906
7.776775
6.929249
7.433367
9.657859
10.792645
10.238850
10.626957
9.976884
10.653578
10.280063
10.710019
8.037127
4.760987
3.455959
9.850211
10.779073
5.084005
7.914998
5.689970
6.975694
8.510837
10.646382
9.847373
3.742644
9.999872
9.667260
5.782997
9.781674
9.302930
10.296513
9.880941
10.803459
10.070717
10.682332
10.481122
10.784633
9.811595
10.760748
5.677921
8.758455
10.545324
10.330800
10.273468
6.463907
10.788566
10.718619
7.472567
4.744334
9.617500
10.005060
10.837378
9.688481
9.754115
10.216266
10.328388
5.728523
10.521708
9.974513
10.636409
2.746935
4.673530
9.753799
9.912025
8.035602
10.591661
10.558415
10.462855
10.716102
7.326846
10.112297
10.780433
10.270779
10.204981
10.602012
9.725170
5.852010
6.219761
