-0.597706
-0.295446
-0.543616
-0.889447
-0.913568
-0.527410
-0.968751
-0.974049
-0.907962
-0.460938
-0.817267
-0.032189
-0.872398
-0.815720
-0.787965
-0.722095
-0.379133
-0.789379
-0.341178
-0.772961
-1.160736
-0.154522
-0.735037
-0.976513
-0.689287
-0.370815
-0.421788
-0.753332
-0.720914
-0.355079
-0.742754
-0.676781
-0.925254
-0.720672
-0.599515
-0.456977
-0.910040
-0.638446
-0.888131
-0.758855
-0.896390
-0.350934
-0.763633
-0.806340
-0.201822
-0.717975
0.040890
-0.248736
-0.527712
-1.001301
-0.044585
-0.600775
-0.333464
-0.727095
-0.799095
-0.480429
-0.333951
-0.735516
-0.741785
-0.876692
-1.024607
-0.775032
-0.710534
-0.992862
-1.025054
-1.054156
-0.195697
-0.700237
-0.764654
-1.044748
-0.560006
-0.568051
-0.551330
-0.967736
-0.096484
-0.498124
-0.774589
-0.603373
-0.633195
-0.863996
-0.915759
-0.984632
-0.702003
-0.481844
-0.887980
-0.690039
-0.294451
-0.983493
-0.896035
-0.710958
-0.203895
-1.035773
-0.586431
-0.713970
-0.785857
-0.897764
-0.290167
-0.529989
-1.052467
-0.417605
