0.575100
0.298500
0.654300
0.826200
0.139200
0.595800
0.689100
0.572400
0.668400
0.315000
0.588600
0.179700
0.693000
0.792600
0.483300
0.950700
0.290100
0.677100
0.511200
0.599700
0.588300
0.337800
0.578700
0.171900
0.169800
0.318000
0.525900
0.665400
0.426000
0.521700
0.573300
0.205200
0.276300
0.960900
0.209700
0.647100
0.387000
0.838500
0.311100
0.780600
0.560100
0.306900
0.814500
0.307200
0.762300
0.338700
0.771000
0.368700
0.069300
0.704100
0.495600
0.875400
-0.002700
0.857400
0.309600
0.563700
0.671700
0.294000
0.912000
0.150000
0.482100
0.418500
0.783600
0.423600
