7.398229
9.836589
9.194684
8.994732
8.631140
9.540513
9.494710
9.021374
9.881283
9.349684
9.247229
8.256667
9.910248
7.770314
9.895677
8.575320
7.253172
9.098555
7.669550
9.002594
9.436948
9.569580
9.829025
8.599356
7.549900
9.410810
8.942066
9.921994
9.417606
9.764019
9.216026
9.817656
9.527260
9.836061
9.242896
7.369608
7.484577
9.088042
9.917821
8.061656
8.999656
8.344561
8.736538
9.135459
9.779341
9.081985
5.960111
9.192183
8.959949
8.860197
9.050407
8.944784
9.478287
9.232104
9.925529
9.281444
9.824583
9.644758
9.921187
9.044909
9.886851
7.393002
9.204992
9.770227
9.567725
9.433029
8.736629
9.917959
9.860043
8.164807
8.095713
9.285257
9.683062
9.965777
9.017124
8.993679
9.465862
9.606605
8.322923
9.665327
9.196165
9.771384
8.032351
9.011007
8.991142
9.107703
9.154596
9.736765
9.702638
9.731093
9.902064
8.176937
9.360113
9.904771
9.583911
9.394783
9.733804
8.988293
8.149685
8.702159
