0.000570
-0.002495
-0.001473
0.000280
-0.004808
-0.005214
-0.004486
-0.002744
-0.001552
0.001189
-0.002503
-0.002228
-0.003622
-0.003508
-0.001081
0.000767
-0.002433
-0.000737
-0.005213
-0.001839
0.000280
-0.001694
-0.001139
-0.003987
0.001517
-0.006467
-0.002026
0.000728
-0.000570
-0.003495
-0.001314
-0.006904
-0.003326
-0.002548
-0.001400
-0.001240
0.001187
-0.003970
-0.003359
-0.007211
-0.002677
-0.002647
-0.002437
-0.002102
-0.003024
-0.000152
-0.005080
-0.002569
-0.004026
-0.000643
0.002060
-0.001633
-0.000856
-0.002404
-0.002960
-0.005523
0.000915
-0.000268
0.000789
-0.002740
-0.000605
-0.002531
-0.003973
-0.002664
