-0.691934
-0.396233
-1.042938
-0.953482
-0.958674
-0.999209
-1.136149
-0.587243
-1.020122
-0.991332
-0.514145
-1.161791
-0.641954
-0.964631
-0.610896
-1.495034
-0.670969
-1.459651
-0.805033
-1.071604
-0.495187
-0.829871
-1.363842
-1.328836
-0.377244
-0.902054
-0.988665
-0.869061
-0.450733
-0.856761
-0.381424
-0.585516
-0.353088
-0.876356
-0.475625
-0.877374
-1.030529
-1.019543
-0.982224
-0.956173
-1.332896
-0.492585
-1.583529
-0.670020
-0.917307
-1.151535
-0.863035
-0.560405
-1.010748
-1.120610
-0.865227
-1.413764
-1.239595
-0.946369
-1.088464
-0.792609
-0.383697
-1.334471
-1.133076
-0.794425
-0.674930
-0.661652
-0.917687
-0.604917
-0.751404
-0.815440
-0.557038
-0.827190
-1.092669
-1.114407
-0.710539
-0.388643
-0.689559
-1.032648
-0.905078
-0.483270
-1.064448
-1.383546
-0.944929
-1.317214
-1.123825
-1.356556
-1.035753
-0.562538
-0.535753
-0.956477
-1.004803
-0.777791
-0.603238
-0.571000
-0.687366
-1.246203
-1.005228
-1.125921
-0.516359
-0.524604
-0.752039
-1.035217
-0.494594
-0.894399
