0.820000
0.920000
0.800000
0.930000
0.500000
0.530000
0.360000
0.460000
0.730000
0.660000
0.490000
0.640000
0.430000
0.590000
0.660000
1.110000
1.040000
0.750000
0.210000
0.560000
1.240000
0.650000
1.060000
0.540000
1.030000
0.470000
0.440000
0.730000
0.880000
0.250000
0.750000
0.250000
0.680000
0.900000
0.720000
0.670000
0.980000
0.580000
0.550000
0.150000
0.830000
0.420000
0.490000
0.650000
0.450000
0.640000
0.230000
0.490000
0.530000
0.690000
1.190000
0.640000
0.790000
0.660000
0.500000
0.290000
0.700000
0.870000
0.900000
0.880000
0.710000
1.080000
0.660000
0.600000
