8.998371
10.171403
9.101102
8.826271
8.458576
9.897415
10.149442
8.933510
10.201949
9.308811
9.181210
7.821028
9.999469
10.206249
10.035093
8.725365
6.640132
9.008984
10.458688
8.812663
9.413238
9.970136
10.408647
8.081925
8.237789
9.332047
8.839135
10.256307
9.192024
9.599677
9.236388
10.070649
9.695775
10.225234
9.858114
8.536227
9.131620
9.010637
10.296061
10.354267
8.961437
9.949779
8.259623
9.173411
9.779836
8.945622
7.111785
9.405928
8.845844
8.369214
8.829433
8.803606
9.263146
9.293682
10.220239
9.150553
9.735525
10.316991
10.205114
9.013848
10.163978
8.810561
7.523424
10.055739
10.232374
9.810601
7.789016
10.207059
9.926517
9.815350
7.722049
8.806287
9.765725
10.361295
8.952458
8.701531
10.303943
9.607552
8.198108
8.892188
9.144694
9.718660
10.067601
9.859033
8.851813
9.062560
9.105208
9.803306
9.545146
10.223004
10.258959
9.239693
9.157244
10.066389
9.900015
9.697447
9.898980
10.297201
8.089651
8.666938
