0.562000
0.324400
0.806800
1.035200
-0.105600
1.014400
0.552400
0.822800
0.862800
0.330800
0.886400
-0.037600
0.757200
1.100400
0.521600
1.358400
0.172000
0.824000
0.591600
0.856800
0.824800
0.379600
0.834800
0.034400
0.426800
0.220400
0.556800
0.657600
0.556400
0.610800
0.817200
0.024000
0.288800
1.375600
-0.021600
0.982400
0.406000
0.917200
0.348400
1.026000
0.721600
0.154000
1.230400
0.448800
1.015200
0.455200
0.812400
0.521600
0.178000
0.873600
0.593600
0.958800
-0.151200
1.190400
0.422800
0.626000
0.771200
0.346800
1.147600
-0.002000
0.523600
0.575200
0.908000
0.604400
