-1.168958
-0.541497
-0.829444
-0.999139
-1.170058
-0.953915
-1.073741
-1.220056
-1.101732
-0.689654
-0.901421
0.006493
-1.156746
-0.851008
-0.985642
-0.917326
-0.345253
-1.044326
-0.707237
-1.108255
-1.470062
-0.554378
-0.867063
-1.139028
-0.945866
-0.527280
-0.753926
-0.856112
-0.708652
-0.686618
-0.894724
-0.823393
-1.210856
-1.032982
-0.790017
-0.935476
-1.239337
-0.849698
-0.932526
-0.932056
-0.917385
-0.758259
-1.054394
-1.165881
-0.421819
-1.264839
0.091307
-0.629012
-0.578312
-1.315918
-0.695800
-0.645405
-0.441816
-0.964530
-1.440639
-0.938580
-0.506951
-0.988625
-0.929345
-1.124694
-1.252833
-0.845624
-1.104022
-0.981944
-1.314223
-1.259483
-0.323404
-0.757950
-0.830657
-1.348933
-0.660770
-0.790337
-0.712045
-1.164513
-0.074732
-0.580504
-1.053252
-0.710779
-0.676812
-1.020089
-1.296704
-1.216990
-0.915824
-0.398290
-1.126966
-0.936446
-0.474269
-1.047166
-1.016021
-0.765330
-0.275395
-1.421761
-0.516008
-0.857765
-1.211135
-1.123845
-0.244032
-0.896710
-1.346871
-0.580338
