0.477900
0.400900
0.805100
0.523200
0.763100
0.430900
0.575600
0.551900
0.732600
0.472800
0.271200
0.408700
0.682500
0.629300
0.384300
0.124800
0.595000
0.241900
0.282000
0.545400
0.318200
0.147000
0.435100
0.630900
0.492900
0.378100
0.502100
0.566200
0.515400
0.356100
0.643200
0.887500
0.584500
0.851300
0.302700
0.643300
0.510400
0.300000
0.890200
0.754300
0.955000
0.564900
0.269600
0.418700
0.531900
0.325500
0.455800
0.594300
0.553200
0.340100
0.468900
0.817400
0.511600
0.608700
0.433400
0.541000
0.817200
0.777600
0.430400
0.515400
0.583600
0.793400
0.387600
0.443400
