1.127355
0.262453
0.637157
0.311633
0.505403
0.594222
0.602183
0.774970
1.062564
0.164083
1.102388
0.325656
0.927160
-0.119251
0.233107
-0.320255
0.516011
0.273246
0.642108
0.431373
0.544874
0.509630
-0.066296
0.200459
0.963035
-0.001002
0.560478
0.561335
0.817929
0.336346
0.759341
0.689918
1.032627
0.595373
0.925908
0.732925
-0.032937
0.754588
0.844351
0.565401
0.654797
0.873677
0.121549
1.108631
0.849678
0.369267
1.206103
0.906160
0.501085
1.305192
0.172969
0.540117
0.695930
0.494545
0.714871
0.406257
0.864116
0.068693
0.565072
1.270405
0.471104
0.796578
0.541580
0.742828
0.540029
1.035572
0.647697
1.062405
0.640348
0.319073
0.966971
0.707663
0.929466
0.847038
0.936709
0.588954
0.220459
0.184117
0.423250
0.282231
0.703611
0.329305
0.504383
0.845864
1.016838
0.455708
0.491755
0.547338
0.673337
1.127390
0.332643
0.972263
0.868331
0.150158
0.167302
1.123657
1.228451
0.607428
0.664468
0.766987
