2.380337
2.372707
2.350749
2.346546
2.329844
2.345605
2.346106
2.349497
2.369213
2.353785
2.348067
2.359108
2.368520
2.367449
2.350061
2.312665
2.403099
2.337675
2.366075
2.341434
2.356070
2.361212
2.355471
2.338810
2.397277
2.357674
2.339224
2.360186
2.342950
2.358475
2.343208
2.343288
2.343933
2.359948
2.375260
2.391682
2.323672
2.344799
2.366617
2.355648
2.316920
2.379114
2.339036
2.363860
2.362464
2.342810
2.393397
2.347254
2.341310
2.377044
2.321387
2.334671
2.354152
2.361669
2.365755
2.360933
2.363499
2.361479
2.382269
2.358344
2.363468
2.365777
2.352006
2.348144
2.378502
2.354183
2.348549
2.380039
2.368703
2.378185
2.336413
2.352990
2.346229
2.350389
2.331566
2.352643
2.372708
2.338502
2.339072
2.368258
2.351670
2.375413
2.360490
2.346287
2.353254
2.340348
2.353536
2.358176
2.350466
2.378714
2.339285
2.384617
2.352430
2.361844
2.363880
2.339844
2.359083
2.361336
2.359622
2.352601
