-3.409831
-1.347529
-1.345238
-1.321325
-1.307103
-1.350693
-1.346107
-1.325926
-1.514942
-1.365885
-1.355024
-1.306601
-3.280167
-3.904417
-3.088293
-1.326007
-1.360287
-1.411835
-1.335027
-1.329955
-1.331260
-1.368434
-1.454270
-1.311403
-3.040567
-1.386141
-1.317703
-1.376343
-2.948357
-1.333880
-1.334384
-1.349841
-1.337568
-1.387236
-3.287682
-1.380507
-2.800990
-1.372726
-3.348245
-1.345095
-1.335500
-1.385112
-2.345311
-1.432071
-1.330239
-1.348219
-2.923939
-1.341950
-1.337348
-1.356882
-1.353727
-1.341335
-1.336851
-1.329079
-3.050809
-1.328400
-1.346745
-3.553854
-1.356460
-1.333650
-3.532468
-3.556832
-2.967418
-1.336237
-2.950613
-1.404714
-1.316173
-1.388346
-1.342321
-3.810760
-3.203461
-1.377807
-2.402172
-1.339200
-1.362708
-1.322193
-1.361455
-1.343464
-3.802781
-3.541091
-1.334377
-1.358002
-3.333480
-2.833231
-1.321894
-1.349446
-1.350636
-1.358599
-1.334224
-2.878752
-4.081016
-4.298179
-1.324420
-2.953989
-3.533826
-1.331785
-1.389355
-3.000917
-3.554128
-1.351329
