-3.711920
-3.343804
-3.408526
-2.729298
-3.131005
-2.990337
-3.897030
-2.899361
-2.808428
-3.126075
-2.893671
-3.059296
-4.245818
-3.443262
-3.512577
-3.412594
-2.314476
-3.865875
-2.144938
-3.624625
-1.419605
-3.995713
-3.259199
-3.264020
-3.625620
-3.737823
-3.434843
-3.625195
-3.325244
-2.733890
-3.190928
-4.648080
-2.632274
-3.892249
-4.237646
-3.794536
-3.709663
-4.286527
-4.195836
-3.268352
-3.539907
-2.379459
-3.553692
-3.185854
-4.416962
-2.846900
-2.827463
-2.253830
-3.189964
-3.286316
-2.931353
-3.754216
-2.758562
-3.378153
-3.475078
-4.422190
-3.851860
-2.569174
-4.973417
-3.359978
-4.362911
-3.502888
-3.512514
-4.811760
-2.683742
-4.207639
-2.991213
-3.179081
-3.428431
-3.102886
-3.090149
-3.317522
-3.515669
-3.425155
-4.068950
-2.899076
-3.317555
-4.233005
-2.395304
-2.694640
-3.942426
-3.412979
-2.413893
-3.276680
-1.840162
-2.310610
-3.972846
-4.204735
-3.207790
-2.290308
-3.438222
-4.346941
-3.117136
-3.463190
-3.737757
-2.660763
-3.784194
-5.439832
-3.885353
-2.575173
