-0.180000
-0.252000
0.855000
-0.027000
0.147000
-0.018000
0.672000
-0.621000
0.852000
0.219000
0.051000
-0.615000
0.228000
0.306000
0.246000
0.738000
-0.366000
0.225000
0.060000
0.402000
-0.051000
0.102000
0.063000
-0.174000
0.537000
-0.582000
0.663000
-0.072000
0.522000
0.183000
0.291000
-0.312000
-0.360000
1.083000
-0.594000
0.372000
-0.291000
0.516000
-0.702000
0.825000
0.033000
-0.057000
0.891000
-0.576000
0.978000
-0.252000
0.597000
-0.720000
-0.048000
0.408000
-0.417000
0.798000
-0.981000
0.879000
-0.366000
0.267000
-0.225000
-0.249000
0.552000
-0.324000
0.747000
-0.306000
0.462000
0.426000
