0.029300
0.048850
0.047350
0.062550
0.053950
0.043200
0.069900
0.056700
0.054100
0.035950
0.064950
0.018000
0.068700
0.086350
0.056850
0.056350
0.049950
0.040400
0.058000
0.063450
0.075800
0.009600
0.040600
0.026700
0.033900
0.064150
0.002000
0.099850
-0.023800
0.080350
0.020150
0.067700
0.048250
0.029900
0.110650
-0.024900
0.119250
-0.004900
0.090600
0.015550
0.024450
0.089500
0.003600
0.090850
-0.029650
0.119300
0.014500
0.052400
0.033150
0.046150
0.062900
0.049850
0.062700
0.041100
0.071900
0.042650
0.061400
0.020200
0.048400
0.067950
0.015800
0.069450
0.045100
0.065400
