0.010977
0.036533
-0.037991
-0.160956
-0.176511
-0.009676
-0.059316
-0.215257
-0.085456
-0.014773
-0.112922
-0.126781
-0.063354
-0.099481
-0.036276
-0.174893
-0.085675
-0.109460
-0.040982
-0.038408
-0.103715
-0.097147
-0.056974
-0.208429
0.054897
-0.065960
-0.005966
-0.078924
-0.072045
-0.083634
-0.120633
-0.069298
-0.056353
-0.103802
-0.162663
0.020717
-0.037555
-0.067681
-0.095025
-0.005367
-0.122816
-0.068265
0.016941
0.027942
-0.123572
-0.105447
0.180717
0.019087
-0.097587
-0.158031
0.086582
-0.173065
-0.045446
-0.147387
0.059518
0.003279
-0.038631
-0.098746
-0.175134
-0.046670
-0.074399
-0.063285
0.008490
-0.123017
-0.100606
-0.107720
-0.087761
-0.054478
-0.149673
-0.058054
0.090779
-0.088194
-0.152836
-0.084887
0.040015
-0.064954
-0.090727
-0.017762
0.004567
-0.171055
-0.077556
-0.080703
-0.095175
0.005931
-0.174887
-0.015536
-0.055058
-0.269115
0.000602
-0.064312
0.117835
-0.103161
-0.051388
-0.111233
-0.181933
-0.108396
-0.038213
0.058273
-0.139321
-0.064859
