0.092240
0.082000
0.121920
0.117040
0.115760
0.071520
0.146880
0.121360
0.107840
0.080480
0.133360
0.054320
0.127600
0.187520
0.102880
0.122240
0.087520
0.099840
0.108000
0.129280
0.127440
0.030400
0.096400
0.061600
0.088800
0.108880
0.031840
0.188320
0.009920
0.132640
0.067840
0.135200
0.061920
0.111280
0.188160
-0.000160
0.186640
0.052320
0.144800
0.067120
0.098320
0.134720
0.057600
0.142320
0.011920
0.173760
0.098000
0.085120
0.028960
0.136000
0.096240
0.144480
0.084960
0.130400
0.099040
0.132880
0.160560
0.031040
0.136720
0.108800
0.059920
0.114000
0.132400
0.101600
