-0.044552
0.052625
-0.046780
-0.252928
-0.276486
-0.066519
-0.185688
-0.338350
-0.196846
-0.031042
-0.209547
-0.180886
-0.160823
-0.171609
-0.075799
-0.269031
-0.204974
-0.213507
-0.104343
-0.069237
-0.271208
-0.134442
-0.115377
-0.306014
0.022721
-0.152884
-0.019885
-0.158920
-0.156712
-0.149764
-0.257800
-0.167208
-0.168540
-0.167453
-0.249800
-0.002746
-0.194851
-0.133319
-0.213050
-0.039778
-0.200864
-0.126679
0.011568
0.022676
-0.150316
-0.138557
0.158243
0.023964
-0.118980
-0.285247
0.080673
-0.256868
-0.091625
-0.236540
0.069732
0.027880
-0.081193
-0.221892
-0.267679
-0.099458
-0.167018
-0.183281
-0.088756
-0.240792
-0.214826
-0.205397
-0.106714
-0.109256
-0.254036
-0.172025
0.045912
-0.142034
-0.249003
-0.161073
0.036713
-0.086480
-0.159604
-0.095243
-0.128264
-0.275244
-0.152428
-0.127668
-0.229623
-0.067692
-0.298156
-0.075995
-0.105344
-0.422687
-0.034378
-0.163993
0.179679
-0.204667
-0.162295
-0.212198
-0.272798
-0.202588
-0.077335
0.017935
-0.247964
-0.146936
