0.357800
0.350100
0.343200
0.345600
0.342000
0.355800
0.347400
0.350300
0.345100
0.347100
0.338300
0.355000
0.355100
0.356900
0.351400
0.351700
0.353200
0.344300
0.352600
0.345900
0.366000
0.364800
0.347900
0.346000
0.355500
0.341100
0.349900
0.353000
0.358500
0.355700
0.346500
0.349500
0.343400
0.342600
0.356200
0.355600
0.351000
0.357900
0.350400
0.338000
0.349800
0.342600
0.346600
0.359600
0.346300
0.343300
0.350500
0.347700
0.343600
0.350400
0.347900
0.343900
0.339900
0.346600
0.344100
0.351700
0.347600
0.351000
0.347800
0.358200
0.361500
0.361500
0.353800
0.346600
