-3.976425
-0.398341
-1.523427
-4.963427
-1.668788
-4.067616
-4.351711
-2.436599
-2.253537
-1.236785
-1.142329
0.087935
-2.928082
-0.790953
-4.555032
-2.457608
-1.325242
-2.553860
-1.495786
-4.204514
-4.998367
-2.339502
-2.414503
-3.278380
-2.232547
-1.999297
-0.703717
-2.368347
-2.377854
-1.771852
-3.695619
-3.847447
-4.380795
-6.454370
-0.291027
-3.282106
-2.311679
-3.151109
-3.810574
-2.236892
-0.359742
-2.193297
-4.001019
-4.660905
0.215869
-2.728525
0.548553
-2.687123
-1.517039
-2.357911
-0.612488
-0.623216
-0.419991
-3.129564
-1.634342
-4.688834
-3.909154
-0.978184
-2.407407
-4.732384
-3.326122
-2.608755
-4.344237
-3.233816
-3.368630
-3.069188
-0.699938
-0.697878
-2.635927
-3.824546
-1.174284
-3.130963
-1.792412
-2.242785
1.067933
-0.196415
-3.771996
-1.358638
-0.723478
-0.924569
-3.808804
-4.416147
-2.924579
-1.066634
-1.396165
-2.754945
0.092914
-2.800827
-0.174933
-1.482599
-1.594295
-3.940739
-0.550782
-1.146695
-0.702741
-3.382425
-0.551996
-2.989806
-4.100281
-4.595709
