0.633600
1.207200
-0.945200
0.672400
-1.070800
1.095200
0.852400
1.007200
0.581200
-1.080800
1.613200
-1.926000
1.828400
2.085200
-0.287200
0.202000
-0.643600
1.450000
-0.030000
0.598400
1.320000
-1.142400
-0.506400
-0.786800
0.135200
-0.963600
0.014400
-0.316800
-0.288000
0.301600
1.967600
-2.168400
0.372000
4.079200
-1.426800
2.853600
-0.852400
1.595600
0.769600
1.339200
-0.246000
-2.306800
1.863200
-0.177200
1.550400
0.539200
-1.791600
1.337600
0.410400
-0.216000
0.282800
1.316400
-1.059200
1.746800
1.660000
-1.580800
2.277200
-2.731200
1.625200
-0.938000
1.008800
0.467600
-0.028000
0.199200
