0.339478
0.346970
0.349518
0.352180
0.351554
0.343915
0.342009
0.352119
0.347264
0.348308
0.349073
0.359320
0.348147
0.341039
0.344467
0.345961
0.335987
0.347118
0.340595
0.351369
0.348588
0.346886
0.340484
0.354229
0.338450
0.341454
0.350950
0.344929
0.345090
0.348194
0.347584
0.343043
0.345126
0.345485
0.349515
0.345776
0.342886
0.349610
0.344351
0.338078
0.345033
0.344325
0.351220
0.352039
0.349070
0.350287
0.336835
0.347867
0.351012
0.357068
0.344592
0.350140
0.349140
0.349564
0.346720
0.350326
0.348561
0.343212
0.349782
0.353296
0.347132
0.338203
0.346285
0.344342
0.346463
0.348407
0.352851
0.349706
0.349234
0.340800
0.341267
0.348039
0.345215
0.341813
0.348951
0.354186
0.345702
0.344312
0.344687
0.352125
0.349862
0.350736
0.343296
0.341652
0.354293
0.348950
0.348416
0.347562
0.347151
0.346906
0.339720
0.342910
0.348388
0.346200
0.344738
0.344475
0.347366
0.343812
0.355431
0.351424
