0.901400
-0.423000
0.266600
1.172800
-1.085400
-0.448200
0.661200
1.605200
0.187600
0.677000
-0.532000
-0.294200
1.281600
1.665600
0.106400
0.469800
-0.590000
1.922200
0.227400
1.760800
0.290400
-1.259800
-0.090800
-0.040200
-0.627200
0.788400
0.233600
0.984800
0.112200
1.089800
1.269200
-1.819600
-1.275400
2.539400
-0.412400
0.675600
1.556000
1.396800
0.862200
1.524600
0.485600
-0.306800
0.450800
0.573800
-0.342800
-0.549000
0.691800
0.973000
-0.743000
0.068400
1.153800
2.166400
-0.678000
1.384200
-0.169800
1.291000
0.482800
-0.888000
1.795600
-0.188000
-0.870800
0.530600
0.508600
0.778400
