0.280771
1.544439
0.517177
-2.171410
-2.187690
0.105887
-2.455740
-2.161708
-2.836026
-0.508132
-0.680641
0.449257
-2.322469
-0.465872
-1.836661
-2.582427
0.307966
-2.678918
0.411276
-2.591345
-3.050901
0.273186
-0.798467
-2.021517
-1.696860
0.680316
0.806693
-0.666707
-1.470748
0.086033
-2.531500
-0.908981
-2.104619
-0.872519
-0.294028
0.481435
-0.934816
-1.161812
-1.492918
-2.056773
-0.982522
-0.826497
-0.524755
-1.816010
0.064123
-1.343568
0.706866
1.095746
-0.694776
-2.144012
0.499907
0.293046
0.293327
-0.418325
-1.216370
-0.347941
0.046974
-1.070393
-1.103854
-1.905360
-1.946911
-2.079316
-0.382801
-2.419695
-2.506709
-2.667847
-0.385045
0.347795
-1.434860
-1.450013
-1.051571
-1.298334
-0.337161
-2.189719
1.211956
-0.536597
-1.417112
-0.507215
-0.748826
-1.622721
-0.729848
-3.429654
-1.219564
-1.145140
-0.991091
-0.515674
0.107285
-1.005973
-1.278710
-2.124014
-0.125009
-2.214447
-1.002204
-0.705212
-1.207937
-0.623625
-0.611568
-0.438107
-2.272930
-0.079665
