0.820000
0.740000
0.790000
0.960000
0.680000
0.530000
0.120000
0.440000
0.750000
0.780000
0.490000
0.570000
0.560000
0.390000
0.310000
1.310000
0.640000
0.460000
0.250000
0.810000
0.950000
0.870000
0.880000
0.700000
1.170000
0.580000
0.540000
0.720000
0.880000
0.270000
0.650000
0.540000
0.760000
0.800000
0.750000
0.710000
0.880000
0.520000
0.440000
0.180000
0.810000
0.290000
0.490000
0.620000
0.430000
0.530000
0.420000
0.530000
0.320000
0.480000
0.740000
0.420000
0.710000
0.460000
0.710000
0.240000
0.600000
0.740000
0.800000
0.780000
0.800000
0.810000
0.800000
0.460000
