-0.270594
-1.675887
-1.991555
-3.395037
-1.481681
-3.829701
-3.873094
2.293163
-2.471356
-1.743743
-0.317573
-1.261752
-4.140868
-5.288306
-1.147846
-4.015411
-2.763273
-2.222790
-2.529026
-4.022576
-5.358996
-4.224862
-0.482384
-4.589902
-2.450522
-2.331983
0.798604
-3.295694
-3.123867
-1.721152
-1.264185
0.170719
-2.893562
-3.928098
-2.971495
-3.117032
-2.608257
-4.709597
-0.953341
-2.683505
-2.779436
-2.854329
-7.186321
-1.590490
-3.170385
-0.132326
-0.509987
0.217871
-1.764377
-0.521766
0.028171
-1.453816
-5.134067
-2.254223
-2.031949
-2.572129
-1.899460
-2.229992
-6.384568
-1.668337
-2.331983
-2.695006
-1.676367
-2.805732
-1.295455
-1.401642
-3.050608
-3.721053
-1.389422
-0.357043
-4.777837
-1.919994
-2.137514
-0.661241
-2.799565
0.938826
-1.835758
-3.681372
-2.139022
-2.822558
-2.151280
-2.425881
-2.840994
-1.331815
-0.255286
0.313994
-0.167924
-3.404269
-4.156421
-3.858978
-1.851336
0.812639
-3.107535
-4.588431
-2.023763
-2.787287
-2.516251
-3.438035
-2.342661
-0.852824
