-2.882790
-3.292756
-2.905449
-14.027090
-4.066282
-3.093935
-3.237712
-3.674993
-4.802542
-3.546527
-3.525389
-6.344765
-3.828732
-3.281394
-12.386958
-2.760567
-4.030296
-3.333056
-8.218523
-3.496786
-1.686397
-14.561418
-2.864187
-3.479136
-2.975014
-2.679306
-15.947736
-4.135999
-3.198706
-2.604803
-11.322864
-2.820938
-4.030043
-2.670737
-2.387628
-2.851419
-3.566993
-3.438132
-2.899630
-2.889960
-3.920957
-8.601858
-3.322933
-4.044839
-2.893709
-3.196133
-12.878313
-4.165752
-3.488755
-4.100185
-3.420948
-2.956838
-2.940993
-10.816967
-3.161857
-19.748892
-3.469897
-10.151194
-15.350762
-2.915952
-4.290850
-3.336243
-3.318765
-3.120190
-2.971228
-3.242662
-11.346796
-2.241588
-12.428050
-3.165977
-5.405957
-2.648895
-2.575772
-2.953550
-2.311773
-2.902496
-3.787059
-1.991852
-14.109105
-2.759100
-3.181272
-3.170799
-2.244129
-3.580304
-3.320391
-2.955949
-3.371932
-3.139283
-2.692483
-1.942290
-2.926868
-2.963196
-3.268538
-3.631901
-3.938842
-2.796172
-2.524372
-2.715879
-3.987374
-3.674456
