-0.441000
-0.216000
0.357000
0.501000
0.063000
0.201000
-0.219000
0.180000
1.035000
-0.138000
0.270000
-0.414000
0.102000
0.237000
0.042000
0.855000
-0.270000
0.636000
-0.351000
0.243000
-0.063000
0.249000
0.033000
-0.384000
0.357000
-0.681000
0.864000
-0.051000
0.459000
0.048000
0.297000
-0.462000
-0.453000
1.173000
-0.990000
0.846000
-0.414000
0.459000
-0.261000
0.333000
-0.324000
0.294000
0.600000
-0.657000
0.939000
-0.099000
0.189000
-0.360000
-0.021000
0.285000
-0.126000
0.756000
-0.744000
0.606000
-0.252000
0.279000
0.096000
-0.423000
0.633000
-0.366000
0.321000
0.105000
0.564000
-0.081000
