0.245800
0.152700
0.195500
0.202500
0.176400
0.305300
0.127100
0.282400
0.228700
0.306300
0.259900
0.256000
0.241200
0.329500
0.303100
0.288500
0.257800
0.180500
0.159400
0.252400
0.118200
0.233500
0.306300
0.305500
0.283700
0.269500
0.273400
0.280400
0.268400
0.236600
0.234100
0.202900
0.280400
0.283900
0.229100
0.269800
0.242300
0.167700
0.169400
0.157900
0.303400
0.302600
0.231500
0.254400
0.277700
0.204500
0.211300
0.191400
0.212000
0.211500
0.198800
0.149000
0.237200
0.083100
0.133200
0.152600
0.239700
0.211600
0.154900
0.164100
0.368400
0.203900
0.151000
0.215100
