-0.814184
-0.876008
-1.036339
-0.928333
-0.926970
-0.973394
-0.972353
-0.960274
-0.864816
-1.287271
-0.937681
-1.422220
-0.819049
0.147083
-0.909785
-0.969126
-0.969687
-1.055942
-0.823755
-0.878187
-1.037714
-1.180542
0.163602
-1.184095
-1.099811
-1.182914
-0.894579
-0.921850
-1.021524
-0.951721
-0.906721
-1.182534
-0.835256
-1.050204
-0.897208
-0.947002
-0.978677
-0.874200
-0.811715
-1.177834
-1.229605
-0.772282
0.100624
-0.814357
-0.917364
-1.177757
-0.852348
-0.963589
-1.038586
-0.773065
-0.947449
-0.987756
-1.111384
-1.191742
-1.072384
-0.945060
-0.839609
-0.891195
-1.062831
-0.810386
-1.003565
-0.911210
-0.970573
-0.856673
-0.936557
-0.784222
-0.930087
-0.826308
-0.851423
-1.206741
-0.867175
-0.863376
-0.969114
-0.998002
-0.836052
-0.854052
-0.848973
-1.031866
-0.765453
-1.220926
-1.120178
-0.892426
-1.204403
-0.833725
-0.870065
-1.399767
-1.128987
-1.424304
-1.153951
-0.804249
-1.039737
-0.813671
-1.071853
-0.862433
-0.963348
-0.849664
-0.820505
-0.984262
-0.965997
-0.786400
-0.812602
-0.930818
-0.904578
-0.874446
-1.153321
-1.477875
-1.144077
-0.989023
-1.156654
-0.885111
-1.370724
-0.852333
-1.075890
-0.893594
-1.250720
-0.883946
-0.840472
-1.049149
-0.834083
-0.843962
-1.176119
-1.118361
-0.945703
-1.119391
-0.954770
-0.967943
-1.066517
-0.879675
-1.249903
-0.979445
-1.234748
-0.881642
-1.069402
-0.873907
-1.118319
-0.759188
-0.923237
-0.897549
-0.723918
-0.860737
-1.010487
-0.848051
-1.452991
-1.223512
-0.813670
-0.952153
-0.719561
-0.815235
-1.154945
-0.861302
-0.996595
-1.102786
-0.858221
-0.845363
-1.077395
-1.357446
-1.141292
-0.909753
-0.863625
-1.029661
-0.876696
-0.827049
-0.958881
-0.893360
-0.876556
-0.818363
-0.789602
-1.150913
-1.132360
-0.853101
-0.809157
-0.861413
-0.851397
-0.862004
-1.361993
-1.048064
-1.414249
-1.299473
-0.983626
-1.395832
-1.168043
-1.025197
-1.099422
-0.884796
-1.124139
-1.030011
-1.093738
-1.107303
-0.934114
-1.129021
-0.871156
-1.470054
-1.308154
-0.840584
-1.189676
-0.849902
-1.278453
-0.852527
-0.992609
-0.987557
-0.812085
-0.938972
-1.175924
-0.909976
-0.839784
-0.911774
-1.072859
-0.899876
-0.997843
-1.025932
-0.870446
-0.920783
-1.237700
0.120289
-0.765236
-0.941669
0.176563
-0.804833
-1.062348
-0.843347
-0.899211
-1.470715
0.111583
-0.826479
-1.061666
-1.189025
-1.025359
-0.930722
-1.342331
-0.828797
-1.283935
-0.931826
-0.899106
-0.874847
-0.836957
-0.879440
-0.854682
-1.050678
-0.882722
-0.903750
-0.986429
-1.171786
-1.187015
-1.172220
-0.891951
-1.093637
-0.973311
-0.466999
-0.890012
-0.858472
-1.376166
-1.041509
-0.875026
-0.915258
-0.809978
-0.851896
-1.144422
-0.953311
-1.225935
-0.997479
-0.825785
-1.088435
-1.136422
-0.913987
-0.838684
-1.102754
-0.868147
-1.081966
-1.727812
-0.852460
-0.724179
-1.045599
-0.909580
-0.975055
-1.247278
-0.915216
-0.956515
-0.895506
-0.810076
-0.725018
-0.890401
-0.852621
-0.855912
-1.205451
-1.152995
-1.065839
0.154046
-0.939182
-1.062235
-0.908741
-1.002151
-0.853934
-0.944604
-1.181066
-1.015244
-0.747715
-0.896518
-1.213562
-0.743838
-1.261719
-0.870921
-1.223743
-0.905063
-1.165059
-1.202845
-1.073956
-1.417149
-0.932175
-0.858535
-0.852870
-0.876143
-1.057697
-0.845471
-0.994039
-1.159747
-1.246697
-0.804633
-1.137114
-0.845814
-0.843853
-0.841153
-0.879232
-1.031696
-1.174331
-1.224448
-1.118618
-0.778552
-0.954054
-1.190378
-0.937909
-0.981749
-0.990228
-0.921977
-1.282348
-0.962383
-1.085223
-0.768514
-1.233274
-0.942691
-1.073580
-0.880852
-1.099522
-0.839495
-1.065467
-0.852476
-1.049392
-0.791826
-0.758387
-0.860739
-0.810416
-1.016685
-1.283690
-0.858891
-1.084357
-0.861490
-0.828198
-1.159626
-0.968417
-0.836033
-1.041707
-0.705230
-0.841209
-1.154122
-0.947396
-0.996851
-0.834436
0.072046
-0.965085
-0.822531
-0.949416
-1.038420
-0.852155
-0.891570
-0.870191
-0.897544
-0.972253
-0.938615
0.102267
-0.786106
-0.997810
-0.824479
-0.925020
-1.053651
-1.023687
-0.933658
-0.855095
-0.835352
-0.793104
-1.122657
-1.122739
-0.912244
-0.894003
-1.183298
-0.830088
-1.152460
-0.857093
-1.319361
-0.867393
-0.795534
-0.972452
-1.070192
-0.953319
-1.034886
-0.852130
-1.347765
-1.395306
0.076663
-1.143671
-0.958002
-0.899690
-0.960582
-1.231935
-0.949186
-0.851724
-1.259641
-1.034169
-0.847381
-0.942078
-0.878107
-0.958886
-0.939914
-1.147213
-0.837155
-1.052360
-1.127043
-0.832757
-0.810026
-1.099067
-0.933622
-1.173435
-1.118400
-1.038836
-0.872958
-0.896756
-0.828506
-1.046709
-1.318943
-0.838405
-0.920827
-0.834933
-0.843188
-0.909669
-0.763237
-0.963127
-1.016011
-0.982392
-0.981742
-1.084347
-0.873439
-0.861508
-1.174026
-0.960264
-0.923683
-1.089481
-0.830726
-0.846255
-0.887118
-1.257765
-0.937045
-1.202306
-1.054898
-0.960002
-1.165643
-0.933155
-1.046705
-1.021385
-0.831550
-0.867914
-0.952741
-0.896833
-1.584227
-1.188792
-1.062616
-0.912253
-0.907746
-1.538458
-1.093507
-0.975073
-1.247542
-1.607178
-0.955667
-0.918952
-0.855878
-1.081481
-0.640059
-0.733040
-1.017171
-0.945874
-0.900313
-0.931402
-0.975025
-1.199924
-1.120587
-1.036919
-0.860151
-0.895810
-1.127689
-0.854172
-0.977615
-0.899311
-1.106237
-0.995840
-0.856859
-0.966630
-1.056644
-1.351362
-1.166683
-1.201308
-1.103911
-0.994699
-1.300743
-1.070625
-1.066382
-0.921423
-0.907235
-1.230486
-0.959519
-0.857836
-0.889567
0.108742
-1.010091
-0.951149
-1.143384
-0.890459
-1.198657
-1.035697
-1.217461
-1.098396
-1.642095
-0.852755
-0.861326
-0.945744
-1.147877
-1.164252
-0.799383
-0.970331
-1.244123
-0.815106
-0.986840
-0.965334
-0.859954
-0.977007
-1.002793
-1.193279
-1.050271
-1.211651
-1.243267
-1.049045
-0.809971
-0.896753
-1.046562
-1.062221
-0.823004
-0.822731
-1.434437
-1.057350
-0.800806
-0.956726
-0.946063
-1.087026
-1.322385
-0.847595
-1.139540
-0.925458
-0.952661
-1.056854
-0.848727
-1.045566
-0.758217
-1.045437
-0.832938
-1.114054
-1.009991
-0.898152
-1.179942
-1.307696
-1.121329
-0.910882
-0.848068
-1.009801
-0.910311
-0.839699
-0.801360
-0.979172
-0.868352
-0.830073
-0.820720
-1.107110
-0.867205
-1.201137
-0.875382
-0.990448
-0.845290
-0.871562
-0.847661
-0.934648
-0.999115
-0.926909
-0.844973
-1.227073
-1.361071
0.136252
-0.633246
-0.973864
-0.860730
-0.944239
-0.839177
0.187530
-0.963950
-0.874554
-0.989899
-0.893476
-1.006050
-0.910453
-0.953983
-0.804329
-0.859201
-0.839639
-0.973556
-0.916574
-1.212765
-1.044422
0.159721
-0.975312
0.137292
-1.188088
-0.942886
-0.802796
-0.909512
-1.129727
-0.925925
-0.850441
-0.882853
-1.114431
0.111776
-1.104881
-0.853281
-1.207176
-0.837388
-0.864260
-0.892572
-1.081788
-0.950276
-0.837938
-0.857162
-1.275872
-1.215577
-0.909320
-0.915040
-0.793367
-1.272861
-0.930634
-1.005621
-0.812640
-1.140835
-0.929594
-1.285826
-0.826788
-0.699868
-0.872952
-0.949170
-1.153767
-1.199544
-0.810525
-0.886078
-1.265500
-0.868480
-0.830224
-1.259966
-0.824539
-1.127999
-1.355250
-1.165883
-1.068382
-0.851208
-1.249750
-0.827098
-0.944156
-1.023790
-1.222613
-1.173877
-0.864699
-1.018633
-0.864508
-0.981672
-0.893421
-1.025500
-0.964511
-0.865716
-0.948927
-0.877398
-0.844712
-0.870820
0.090074
-0.882583
-0.920641
-0.891137
-1.373265
-1.077456
-1.220901
-0.841428
-0.910149
-0.837121
-0.892064
0.156979
-1.132769
-0.902561
-0.878176
-0.886345
-0.961732
-0.921521
-0.978416
-0.993793
-1.218624
-0.862327
-0.921251
-0.932986
-1.071355
-0.711513
-0.929969
-0.880680
-0.816239
-0.840164
-0.782447
-1.065535
-1.069778
-1.038096
-1.366626
-0.805708
-0.778849
-0.937173
-0.905353
-1.051998
-0.884078
-1.218123
-1.129581
-0.950250
-0.825723
-0.762511
-1.530934
-0.565238
-1.177130
-0.866086
-0.882316
-1.313431
-0.935421
-0.965225
-1.357642
-1.026290
-0.861505
-0.868148
-1.013424
-1.573757
-1.220503
-0.860118
-0.887140
-1.224396
-0.872095
-1.098204
-1.089774
-0.928408
0.126343
-0.911502
-1.284924
-0.869699
-0.838222
-1.173605
-0.901246
-1.490392
-0.679561
0.134473
-1.063618
-1.066027
-0.997623
-1.062586
-0.950179
-0.871447
-1.089523
-0.858478
-1.292214
-1.181635
-1.008581
-0.958090
-1.024412
-1.852023
-0.853051
-0.825988
-1.155636
-1.385434
-1.296792
-0.745353
-0.617261
-1.210669
0.190634
-0.896751
-0.948534
-0.929895
-1.583248
-0.981715
-1.275156
-0.925872
-0.996329
-0.943349
-0.969378
-0.805203
-0.999756
-1.120437
-0.833158
-1.053945
-1.123216
-0.839027
-0.900596
-0.819363
-0.958619
-1.142909
-1.011355
-0.843016
-0.882868
-0.819643
-1.332567
-0.925432
-0.938169
-0.890910
-1.056083
-0.926843
-1.043550
-0.711762
-1.034536
-1.150795
-0.896983
-0.883719
-1.204852
-0.871471
-1.130744
-0.996214
-0.851634
-1.222591
-1.212409
-0.971201
-0.855494
-0.904536
-0.873446
-1.090198
0.109220
-1.017156
-1.314524
-0.885100
-0.893693
-0.888346
-1.178168
-1.124551
-0.883982
-0.844951
-0.946364
-1.023832
-0.814309
-1.021246
-1.043136
-1.336267
-0.979668
-0.968547
-1.099989
-0.901643
-0.824830
-0.880013
-1.058331
-0.927717
-0.877410
-0.786083
-1.039060
-0.802352
-1.020492
-1.110490
-0.831522
-0.939060
-0.819883
-0.912741
-0.950154
-0.853640
-0.780196
-1.114850
-1.235516
-1.023964
-0.962960
-0.869256
-0.900614
-0.860171
-0.904828
-1.055324
-1.174947
-1.051296
-0.874128
-0.937115
-0.919951
-0.960429
-0.823593
-0.830674
-1.024580
-0.821778
-1.165289
-1.141187
-1.141429
-0.790721
-1.061061
-1.333258
-0.865706
-0.709101
-1.090308
-0.872056
-0.740414
-0.904099
-0.819927
-0.886910
-0.889086
-0.855565
-1.523476
-0.878219
-0.948385
-0.900906
-0.942882
-0.779811
-1.084123
-0.834572
-0.901445
-1.278407
-0.930544
-1.121624
-0.861818
-0.523881
-0.856377
-1.166736
-1.078403
-0.773526
-1.154711
-0.850403
0.184040
-0.055681
-1.005011
-0.903534
-0.862177
-1.018304
-1.006732
-1.261451
-0.821140
-0.876841
-1.124177
0.110552
-0.858855
-0.811221
-0.916416
-0.982608
-0.974099
-0.861087
-0.975711
-1.051034
-1.252315
-0.961664
-0.891175
-1.416291
-0.908644
-0.847715
-1.499936
-1.027763
-1.135788
-0.961120
-1.167889
-1.084980
0.177739
-1.265928
-1.222764
-1.123806
-1.042697
-0.933830
-0.878190
-0.872930
-1.067136
-1.105991
-1.000488
-0.938667
-1.085094
-0.916041
-0.784973
-0.823886
-1.212682
-1.217529
-1.013364
0.112433
-0.946693
-0.824888
-0.911355
-1.156363
-0.946928
-0.871731
-0.842865
-0.788814
-0.831617
-0.937961
-0.837642
-1.155005
-1.186299
