0.810000
0.780000
0.580000
0.860000
0.470000
0.330000
0.090000
0.530000
0.690000
0.600000
0.590000
0.480000
0.560000
0.340000
0.530000
1.160000
0.950000
0.660000
0.170000
0.670000
1.030000
0.620000
0.860000
0.620000
0.970000
0.460000
0.330000
0.320000
0.730000
0.080000
0.670000
0.070000
0.520000
0.610000
0.580000
0.340000
0.630000
0.550000
0.620000
-0.110000
1.010000
0.220000
0.560000
0.590000
0.540000
0.510000
0.070000
0.330000
0.230000
0.450000
0.930000
0.630000
0.730000
0.260000
0.350000
0.320000
0.600000
0.690000
0.660000
0.720000
0.710000
0.770000
0.520000
0.370000
