-3.309533
-17.283713
-10.011509
-3.177710
-4.008699
-16.615939
-1.472115
-9.470288
-17.718887
-3.836836
-4.865521
-2.675335
-2.495292
-3.047437
-4.401020
1.202716
-0.513458
-6.888208
-9.754514
-9.986172
-19.291220
-22.338331
-12.099363
-2.544806
-1.136765
-1.879683
-5.007290
-16.515413
-2.593606
-11.207576
-5.421590
-10.670037
-15.629541
-7.996721
1.393137
-4.726270
-22.392583
1.140742
-3.559187
0.682105
-1.388901
-3.544555
-11.278430
-3.725098
-5.857581
-9.516158
-7.635144
-2.841420
0.016840
-9.230931
-3.222842
0.327226
-5.628286
-7.770954
1.234498
-0.246468
-6.757484
-8.498265
-16.067246
0.067253
-16.669890
0.629186
-0.219892
4.521716
-1.620704
-7.336850
-8.117944
-7.853141
-5.344741
-10.502832
-17.135002
-10.344051
-1.870441
-7.299308
-0.498723
-1.747159
-6.780804
-9.801455
-7.070698
-4.687083
0.562888
-9.496538
-22.382287
-0.853101
-6.227487
0.061181
-0.542181
-3.678491
-14.739933
-9.922196
-5.894973
-0.020959
-7.387722
-6.523094
-23.988006
-11.904993
-0.534448
0.897582
-21.679757
-10.204450
