0.262400
0.252600
0.243400
0.256800
0.245000
0.263300
0.240200
0.254400
0.254600
0.250800
0.245300
0.252100
0.263400
0.270300
0.256700
0.256500
0.261000
0.235200
0.250600
0.251900
0.268000
0.275000
0.280900
0.261200
0.258300
0.246700
0.261800
0.252700
0.268600
0.258100
0.254500
0.255600
0.258100
0.249000
0.258500
0.265300
0.253000
0.238900
0.259100
0.243400
0.274500
0.257700
0.239100
0.259400
0.256300
0.238200
0.238100
0.244100
0.240000
0.246300
0.251500
0.236300
0.242300
0.238700
0.242800
0.253400
0.253700
0.257400
0.237800
0.250400
0.277900
0.266200
0.258800
0.246800
