-0.211739
-0.248594
-0.245355
-0.254656
-0.249022
-0.243800
-0.241288
-0.225970
-0.208213
-0.262356
-0.226877
-0.237601
-0.258834
-0.047814
-0.261652
-0.253683
-0.254288
-0.265111
-0.239642
-0.259727
-0.243467
-0.227810
-0.071205
-0.262697
-0.213924
-0.270624
-0.261003
-0.243978
-0.224083
-0.240906
-0.249813
-0.232857
-0.227875
-0.240693
-0.238160
-0.233416
-0.261158
-0.226110
-0.252086
-0.248207
-0.244479
-0.241184
-0.023518
-0.214661
-0.228322
-0.239900
-0.225328
-0.215978
-0.251590
-0.201457
-0.266311
-0.253665
-0.229386
-0.258265
-0.234175
-0.257301
-0.241274
-0.246160
-0.221307
-0.196665
-0.224608
-0.251183
-0.225701
-0.237209
-0.253639
-0.202430
-0.237981
-0.211722
-0.231229
-0.242484
-0.228211
-0.262299
-0.217917
-0.252084
-0.209304
-0.234057
-0.248442
-0.244009
-0.254771
-0.246628
-0.229935
-0.256203
-0.249416
-0.205045
-0.214029
-0.243170
-0.251088
-0.234352
-0.235522
-0.213774
-0.239589
-0.191349
-0.217986
-0.266835
-0.269168
-0.240929
-0.231134
-0.239885
-0.251395
-0.221070
-0.203817
-0.240422
-0.242703
-0.225397
-0.229640
-0.235383
-0.222062
-0.220017
-0.253025
-0.256123
-0.247115
-0.219747
-0.249858
-0.247737
-0.238102
-0.256649
-0.221718
-0.237719
-0.202004
-0.222856
-0.264358
-0.263291
-0.243832
-0.249118
-0.265944
-0.225849
-0.224022
-0.248502
-0.231791
-0.264218
-0.246263
-0.242676
-0.238352
-0.254507
-0.235695
-0.266079
-0.259090
-0.235449
-0.213060
-0.231607
-0.257466
-0.254135
-0.263158
-0.232053
-0.210426
-0.236684
-0.249490
-0.232323
-0.253763
-0.231170
-0.245040
-0.223317
-0.225373
-0.219040
-0.267126
-0.228878
-0.244998
-0.223399
-0.206476
-0.252175
-0.260079
-0.245221
-0.255750
-0.229884
-0.218020
-0.243012
-0.231832
-0.216382
-0.250602
-0.224275
-0.205960
-0.251778
-0.235656
-0.237150
-0.235126
-0.247085
-0.252105
-0.248037
-0.201041
-0.262470
-0.258638
-0.268521
-0.241338
-0.244854
-0.232006
-0.212932
-0.248283
-0.224522
-0.270531
-0.255722
-0.242864
-0.249779
-0.239296
-0.244029
-0.228806
-0.225872
-0.226835
-0.254077
-0.244962
-0.261203
-0.232540
-0.220290
-0.231995
-0.261543
-0.264500
-0.244121
-0.259434
-0.247229
-0.221207
-0.236964
-0.260757
-0.249097
-0.231951
-0.044751
-0.227349
-0.232956
-0.070240
-0.229670
-0.254505
-0.233537
-0.215716
-0.247091
-0.035464
-0.215036
-0.258553
-0.229217
-0.253076
-0.206196
-0.259059
-0.250064
-0.242515
-0.249103
-0.244737
-0.260681
-0.250695
-0.214631
-0.229138
-0.267707
-0.252582
-0.202151
-0.238772
-0.264104
-0.239719
-0.211209
-0.222962
-0.226584
-0.239869
-0.088594
-0.244246
-0.257499
-0.253301
-0.262222
-0.227047
-0.262988
-0.221692
-0.216742
-0.228451
-0.262589
-0.241905
-0.247980
-0.256608
-0.233820
-0.254316
-0.242641
-0.269130
-0.232006
-0.242460
-0.233523
-0.256691
-0.266498
-0.106351
-0.232931
-0.209796
-0.266365
-0.251083
-0.265833
-0.257420
-0.231320
-0.222468
-0.207878
-0.258858
-0.231588
-0.243942
-0.268211
-0.259324
-0.222725
-0.074303
-0.220094
-0.249931
-0.247098
-0.226392
-0.228639
-0.217374
-0.263632
-0.246557
-0.197319
-0.251663
-0.260648
-0.204326
-0.268098
-0.251805
-0.260561
-0.257663
-0.223127
-0.236149
-0.236959
-0.260693
-0.236199
-0.257310
-0.267274
-0.225776
-0.212217
-0.253804
-0.217801
-0.243749
-0.245899
-0.209378
-0.234350
-0.240133
-0.209113
-0.236302
-0.233191
-0.255845
-0.242607
-0.216848
-0.231611
-0.217825
-0.264795
-0.254083
-0.266109
-0.230222
-0.236903
-0.227932
-0.251764
-0.236367
-0.240855
-0.238358
-0.253268
-0.232113
-0.268813
-0.220916
-0.264257
-0.266228
-0.237544
-0.231511
-0.230544
-0.208706
-0.206186
-0.213493
-0.198246
-0.254458
-0.229335
-0.262066
-0.220678
-0.217971
-0.230479
-0.249284
-0.267506
-0.227660
-0.234384
-0.223074
-0.226509
-0.234864
-0.250371
-0.246652
-0.234936
-0.019150
-0.234771
-0.216761
-0.232026
-0.244846
-0.219225
-0.250091
-0.205125
-0.252913
-0.257125
-0.219264
-0.030039
-0.198451
-0.240373
-0.222514
-0.241483
-0.245577
-0.236399
-0.243957
-0.209578
-0.220431
-0.231448
-0.249358
-0.234163
-0.240227
-0.232155
-0.245583
-0.201979
-0.264294
-0.240394
-0.221817
-0.234523
-0.252554
-0.268141
-0.256626
-0.244413
-0.252416
-0.219939
-0.257452
-0.237949
-0.023754
-0.241226
-0.207213
-0.245152
-0.250873
-0.261402
-0.247361
-0.252208
-0.234746
-0.252378
-0.230675
-0.244846
-0.243581
-0.237284
-0.261861
-0.220729
-0.208700
-0.232720
-0.206601
-0.226044
-0.248697
-0.235558
-0.232490
-0.255169
-0.249396
-0.252919
-0.208753
-0.253419
-0.240704
-0.234453
-0.243762
-0.252663
-0.237497
-0.216580
-0.216193
-0.232227
-0.226122
-0.235847
-0.239930
-0.226829
-0.232094
-0.240679
-0.213472
-0.213377
-0.224767
-0.213963
-0.217039
-0.227594
-0.221218
-0.263195
-0.237385
-0.269680
-0.231668
-0.236468
-0.240203
-0.210345
-0.249839
-0.256532
-0.237335
-0.222623
-0.246370
-0.255996
-0.213212
-0.244448
-0.238430
-0.265304
-0.226433
-0.247273
-0.265388
-0.234363
-0.256877
-0.255481
-0.261967
-0.229372
-0.220590
-0.235342
-0.256355
-0.244392
-0.224279
-0.229373
-0.258182
-0.260827
-0.225586
-0.263182
-0.221221
-0.253301
-0.214778
-0.208772
-0.231178
-0.238620
-0.238473
-0.236088
-0.267504
-0.206759
-0.205772
-0.216771
-0.203076
-0.233999
-0.237495
-0.229816
-0.252530
-0.228918
-0.226023
-0.238358
-0.251866
-0.266662
-0.234166
-0.222241
-0.251822
-0.237838
-0.264593
-0.252099
-0.230436
-0.044547
-0.268839
-0.226521
-0.240000
-0.268891
-0.230745
-0.266611
-0.220937
-0.235579
-0.231681
-0.233980
-0.236166
-0.226091
-0.263552
-0.224541
-0.217441
-0.226052
-0.230221
-0.218264
-0.217309
-0.262583
-0.207749
-0.247826
-0.258042
-0.234917
-0.228257
-0.206738
-0.239755
-0.244539
-0.212034
-0.207516
-0.217052
-0.229408
-0.202634
-0.232873
-0.262844
-0.256564
-0.230967
-0.213694
-0.262652
-0.238602
-0.259606
-0.228150
-0.260814
-0.245124
-0.247932
-0.248461
-0.220158
-0.224164
-0.227289
-0.267873
-0.255332
-0.242420
-0.239178
-0.253985
-0.240661
-0.245521
-0.230112
-0.209758
-0.223783
-0.240242
-0.240881
-0.235658
-0.226187
-0.259574
-0.224342
-0.254666
-0.226550
-0.216000
-0.233595
-0.226123
-0.214347
-0.261501
-0.203516
-0.206537
-0.211456
-0.241846
-0.258241
-0.256933
-0.227582
-0.214266
-0.236086
-0.032791
-0.238725
-0.243628
-0.231835
-0.270991
-0.253610
-0.065619
-0.221969
-0.213583
-0.246715
-0.265324
-0.241596
-0.245132
-0.242902
-0.220521
-0.252295
-0.212329
-0.258429
-0.257363
-0.245253
-0.262683
-0.047212
-0.241521
-0.041046
-0.251593
-0.253300
-0.220927
-0.233616
-0.236869
-0.221784
-0.266725
-0.258704
-0.239905
-0.075720
-0.231882
-0.222683
-0.252291
-0.250578
-0.243602
-0.238575
-0.241706
-0.246413
-0.209780
-0.232995
-0.253023
-0.260197
-0.255817
-0.249825
-0.223466
-0.261477
-0.263925
-0.258190
-0.216806
-0.224906
-0.236408
-0.244314
-0.254396
-0.229070
-0.266978
-0.221745
-0.248149
-0.241965
-0.252814
-0.266297
-0.228182
-0.230549
-0.222093
-0.265997
-0.221829
-0.244627
-0.225278
-0.235666
-0.241011
-0.249723
-0.256279
-0.216660
-0.264969
-0.238399
-0.254711
-0.261511
-0.222841
-0.226621
-0.227868
-0.229305
-0.227988
-0.252439
-0.269758
-0.266586
-0.253464
-0.230182
-0.224475
-0.225417
-0.021764
-0.263540
-0.225206
-0.237733
-0.239438
-0.229143
-0.256368
-0.230180
-0.221639
-0.228380
-0.240535
-0.039857
-0.255551
-0.245287
-0.205053
-0.264609
-0.225793
-0.242497
-0.203786
-0.219715
-0.268361
-0.248200
-0.267044
-0.258584
-0.242213
-0.230328
-0.225697
-0.257394
-0.216339
-0.253335
-0.244312
-0.224091
-0.244218
-0.236822
-0.237099
-0.260545
-0.201218
-0.230264
-0.226393
-0.226488
-0.244552
-0.247925
-0.224575
-0.211418
-0.200851
-0.198407
-0.246604
-0.215589
-0.246838
-0.265313
-0.261506
-0.261020
-0.253106
-0.227094
-0.259715
-0.237366
-0.188052
-0.253188
-0.261172
-0.272011
-0.252301
-0.207231
-0.203138
-0.229296
-0.239468
-0.225155
-0.245092
-0.254415
-0.034059
-0.216365
-0.263976
-0.214744
-0.267784
-0.248956
-0.248921
-0.256511
-0.217625
-0.036549
-0.251077
-0.225161
-0.263479
-0.263018
-0.241514
-0.220836
-0.220021
-0.238353
-0.236807
-0.256933
-0.252183
-0.242269
-0.226525
-0.234748
-0.253170
-0.236546
-0.236916
-0.248328
-0.254989
-0.218572
-0.213370
-0.230392
-0.059692
-0.247899
-0.268108
-0.224644
-0.251207
-0.225600
-0.237091
-0.247971
-0.243008
-0.225445
-0.255315
-0.260518
-0.238679
-0.254675
-0.205182
-0.219625
-0.245321
-0.252703
-0.234318
-0.223219
-0.250631
-0.241609
-0.256000
-0.253426
-0.244972
-0.237532
-0.263046
-0.263101
-0.204027
-0.231217
-0.237891
-0.243859
-0.242184
-0.272346
-0.227406
-0.247044
-0.231963
-0.246925
-0.237087
-0.254403
-0.246848
-0.239838
-0.240888
-0.247584
-0.234782
-0.226199
-0.204434
-0.224804
-0.212563
-0.240936
-0.042141
-0.231552
-0.248949
-0.252252
-0.241969
-0.229623
-0.251891
-0.250211
-0.225337
-0.257977
-0.263510
-0.217813
-0.249009
-0.256696
-0.269332
-0.261849
-0.229631
-0.209359
-0.212573
-0.222045
-0.210059
-0.208684
-0.215866
-0.245219
-0.213241
-0.204428
-0.254758
-0.201536
-0.252275
-0.252201
-0.210629
-0.264964
-0.212718
-0.249918
-0.247992
-0.215166
-0.258561
-0.247995
-0.246126
-0.214690
-0.242006
-0.222910
-0.256362
-0.238627
-0.224444
-0.253811
-0.213967
-0.224831
-0.243742
-0.264364
-0.254501
-0.222782
-0.265320
-0.204506
-0.259865
-0.209143
-0.225340
-0.253338
-0.236713
-0.256244
-0.268843
-0.236893
-0.255975
-0.199628
-0.249294
-0.247288
-0.234894
-0.246802
-0.214515
-0.264850
-0.254761
-0.247251
-0.256540
-0.234053
-0.214876
-0.219887
-0.258431
-0.219414
-0.228814
-0.267372
-0.227456
-0.239088
-0.244513
-0.237992
-0.240875
-0.211497
-0.241308
-0.221402
-0.258715
-0.266595
-0.224498
-0.258901
-0.060923
-0.081132
-0.260707
-0.240189
-0.225974
-0.264073
-0.225548
-0.264760
-0.267877
-0.225311
-0.229778
-0.032718
-0.207407
-0.201384
-0.243370
-0.246564
-0.266650
-0.241890
-0.256682
-0.240244
-0.249919
-0.264488
-0.216391
-0.236116
-0.218373
-0.216227
-0.246069
-0.250733
-0.243518
-0.268573
-0.233275
-0.226552
-0.049142
-0.241249
-0.232439
-0.251350
-0.235650
-0.249286
-0.263260
-0.256011
-0.229403
-0.235331
-0.235654
-0.221051
-0.254188
-0.237717
-0.218785
-0.241342
-0.246695
-0.234645
-0.242326
-0.038400
-0.237262
-0.204784
-0.227340
-0.232696
-0.225395
-0.256446
-0.200419
-0.269186
-0.223430
-0.259751
-0.266557
-0.244915
-0.244196
