0.024684
0.001702
-0.024662
-0.027290
-0.032019
0.022203
0.019323
-0.023615
-0.012840
-0.019221
-0.021862
-0.049380
-0.011360
0.011131
0.007976
-0.035755
0.044083
-0.009659
0.022432
-0.034657
-0.014586
-0.004448
0.013036
-0.065268
0.038167
0.021170
-0.020045
0.002901
0.033350
-0.013430
-0.004684
0.006342
0.010959
-0.002509
-0.058903
0.017708
0.017254
-0.013359
0.001698
0.015595
-0.026796
0.001299
-0.027093
-0.024115
-0.016463
-0.024963
0.071309
0.020674
-0.025728
-0.029215
0.032894
-0.025584
-0.013466
-0.023958
-0.002958
-0.023573
-0.018931
0.004340
-0.013298
-0.024324
-0.004412
0.023317
-0.007253
0.009607
-0.003236
-0.001581
-0.016131
-0.002155
-0.020321
0.015869
0.081129
-0.028549
-0.001885
0.007383
-0.012740
-0.029970
0.003116
0.009857
0.016161
-0.040664
-0.016837
-0.022461
0.009575
0.036141
-0.028929
-0.015266
-0.017243
-0.003712
-0.008239
0.002520
0.021016
0.019822
-0.020588
-0.011699
-0.030058
0.002247
-0.015315
0.014583
-0.031878
-0.026209
