-0.000530
0.000480
0.006200
0.005420
0.002820
0.005030
0.002860
0.004070
-0.001820
0.009090
-0.005650
-0.000260
0.003430
0.010260
0.002700
-0.001350
0.015790
-0.014140
0.022680
-0.002100
0.015330
-0.008920
0.007950
-0.004800
-0.017140
0.025050
-0.022420
0.030350
-0.034740
0.025410
-0.010770
0.010710
0.033180
-0.034130
0.048030
-0.041560
0.046330
-0.031710
0.025560
-0.014240
-0.036350
0.049430
-0.055810
0.057540
-0.054950
0.042520
-0.030600
0.014850
0.034780
-0.043470
0.057220
-0.045290
0.044280
-0.035660
0.041710
-0.019320
-0.022680
0.037640
-0.038080
0.039170
-0.034210
0.038710
-0.023820
0.028950
