0.431622
0.442131
0.445644
0.449193
0.448404
0.438232
0.435738
0.448710
0.442073
0.444144
0.444872
0.458014
0.443847
0.434817
0.439100
0.441338
0.427232
0.442800
0.433528
0.448190
0.444309
0.441862
0.434115
0.451958
0.430115
0.435195
0.447726
0.439434
0.439552
0.443786
0.443140
0.437007
0.439694
0.440158
0.445253
0.440245
0.437249
0.445570
0.438735
0.430512
0.439891
0.438462
0.448484
0.448435
0.444741
0.446631
0.428169
0.443013
0.447582
0.454670
0.439565
0.446609
0.444961
0.445679
0.441669
0.446721
0.444175
0.437594
0.445420
0.449790
0.442111
0.430559
0.441126
0.438650
0.441392
0.443451
0.449768
0.445207
0.444981
0.433756
0.434545
0.443798
0.439755
0.435595
0.444584
0.451490
0.440430
0.438801
0.439501
0.448873
0.445906
0.447107
0.437371
0.434607
0.451329
0.444872
0.444170
0.442804
0.442426
0.441546
0.432657
0.435763
0.443794
0.441397
0.439597
0.439031
0.442618
0.437960
0.453250
0.447931
