0.135200
0.105100
0.164600
0.160100
0.152800
0.090500
0.192600
0.169400
0.133600
0.110000
0.182900
0.071100
0.172000
0.243400
0.140400
0.161200
0.115500
0.139100
0.139400
0.172300
0.150000
0.055100
0.129500
0.082500
0.113900
0.137100
0.058500
0.242300
0.040200
0.167200
0.108700
0.169300
0.066300
0.179900
0.228600
0.024600
0.221800
0.098100
0.182300
0.113900
0.158500
0.152700
0.104600
0.168800
0.052600
0.194800
0.159200
0.102300
0.024100
0.193400
0.116100
0.215900
0.087900
0.197200
0.112800
0.193500
0.222300
0.040200
0.203400
0.120500
0.089100
0.147600
0.188200
0.135100
