-0.077820
0.054040
-0.044732
-0.322001
-0.328185
-0.093835
-0.273403
-0.421045
-0.265838
-0.041823
-0.255116
-0.189815
-0.226566
-0.214759
-0.100773
-0.318961
-0.274582
-0.266158
-0.154543
-0.103871
-0.370591
-0.144161
-0.142711
-0.368512
0.013826
-0.189796
-0.037278
-0.215015
-0.235181
-0.175900
-0.338853
-0.227029
-0.245812
-0.210515
-0.288431
-0.019548
-0.305957
-0.185096
-0.279924
-0.071580
-0.253450
-0.168707
0.005463
-0.000989
-0.141972
-0.169318
0.132253
0.019276
-0.162887
-0.338917
0.070367
-0.311476
-0.115997
-0.293419
0.063907
0.041579
-0.112855
-0.300856
-0.310430
-0.132547
-0.237174
-0.264249
-0.163298
-0.343447
-0.292735
-0.273676
-0.112770
-0.138907
-0.303870
-0.237826
0.024930
-0.198934
-0.291654
-0.241832
0.038186
-0.099356
-0.197113
-0.173577
-0.179622
-0.339804
-0.197475
-0.182493
-0.297232
-0.129325
-0.359981
-0.119183
-0.146454
-0.512021
-0.074422
-0.226868
0.186202
-0.288554
-0.235249
-0.266585
-0.326139
-0.287019
-0.088932
-0.021653
-0.331276
-0.187175
