-2.345000
-0.570000
-0.940000
0.890000
3.120000
-0.585000
-1.935000
-0.975000
-0.530000
-1.910000
-2.475000
-1.665000
-0.585000
-1.745000
-1.915000
-0.445000
-0.465000
-0.835000
-1.610000
-1.760000
-0.655000
-0.030000
-2.690000
-3.230000
-0.910000
-2.175000
-2.530000
-1.950000
-1.235000
-1.800000
-2.290000
-1.715000
-2.085000
-0.875000
-1.195000
-2.235000
-0.255000
0.050000
-1.675000
-3.130000
-1.800000
-2.870000
-1.190000
-1.390000
-1.410000
-0.775000
-1.550000
-1.515000
-0.905000
-0.910000
-0.245000
-0.380000
2.685000
0.495000
-1.075000
-1.385000
-0.995000
-0.910000
-1.390000
2.655000
13.775000
2.340000
-0.430000
-1.250000
