-0.546627
-0.546628
-0.546635
-0.546634
-0.546628
-0.546627
-0.546637
-0.546624
-0.546632
-0.546628
-0.546633
-0.546632
-0.546636
-0.546613
-0.546631
-0.546616
-0.546635
-0.546630
-0.546638
-0.546628
-0.546635
-0.546634
-0.546643
-0.546637
-0.546630
-0.546631
-0.546631
-0.546634
-0.546634
-0.546625
-0.546638
-0.546632
-0.546629
-0.546633
-0.546632
-0.546628
-0.546634
-0.546610
-0.546632
-0.546638
-0.546632
-0.546628
-0.546623
-0.546622
-0.546635
-0.546623
-0.546617
-0.546631
-0.546629
-0.546505
-0.546640
-0.546521
-0.546617
-0.546633
-0.546612
-0.546623
-0.546635
-0.546631
-0.546628
-0.546608
-0.546636
-0.546633
-0.546601
-0.546632
-0.546631
-0.546635
-0.546640
-0.546620
-0.546631
-0.546626
-0.546632
-0.546634
-0.546622
-0.546628
-0.546638
-0.546628
-0.546611
-0.546630
-0.546623
-0.546596
-0.546629
-0.546621
-0.546634
-0.546633
-0.546628
-0.546616
-0.546630
-0.546634
-0.546626
-0.546632
-0.546642
-0.546637
-0.546635
-0.546632
-0.546630
-0.546627
-0.546630
-0.546616
-0.546630
-0.546631
