3.249433
11.877762
10.824931
8.359086
7.082338
11.462654
8.323633
10.681552
11.996823
10.980221
9.773021
4.745715
11.789386
8.502253
11.846917
2.880505
3.320159
7.359104
12.068401
10.536754
11.196435
11.614371
12.134885
6.069016
8.943495
6.940815
10.538610
11.989773
6.248337
11.404863
10.885126
11.731370
11.459835
11.940930
11.674479
1.723495
2.896915
10.716064
12.028092
11.904535
6.713232
7.359930
6.384574
10.927658
11.588058
10.690455
4.524392
11.060206
10.046341
5.809258
9.881303
7.439492
10.959874
9.843144
12.014077
10.811950
11.589406
12.089647
12.007396
8.793199
11.947812
6.135674
4.870497
11.718235
11.978403
11.528530
0.969539
11.996030
11.835236
8.527114
6.476082
1.446258
11.042606
12.097342
9.953915
6.929835
12.077504
11.370926
2.384772
5.532901
10.876428
11.496195
11.566338
2.160734
10.621751
10.787032
5.345361
11.530596
11.278883
11.923835
9.322447
6.033368
9.819615
11.830092
11.489833
11.325883
11.602358
12.039987
6.403144
3.843635
