0.067690
0.068390
0.093590
0.097370
0.094360
0.059710
0.120120
0.094220
0.087570
0.063420
0.110600
0.041300
0.106680
0.147770
0.086030
0.099680
0.069930
0.078960
0.090090
0.104230
0.110180
0.023450
0.074060
0.046900
0.072030
0.091280
0.021280
0.154770
-0.004200
0.111370
0.053480
0.108990
0.058870
0.081410
0.159880
-0.007070
0.158410
0.032830
0.122990
0.052640
0.071680
0.116900
0.037660
0.122010
-0.001400
0.153230
0.067760
0.071820
0.029680
0.101220
0.083510
0.113820
0.075460
0.101780
0.086660
0.100660
0.123760
0.026670
0.104300
0.093800
0.044800
0.096740
0.103320
0.087220
