-0.017391
0.047389
-0.050196
-0.215214
-0.224227
-0.039261
-0.143425
-0.298871
-0.162731
-0.031341
-0.183053
-0.153383
-0.122857
-0.145907
-0.064318
-0.235311
-0.175617
-0.176684
-0.088745
-0.042614
-0.216885
-0.129285
-0.088995
-0.275202
0.029818
-0.123161
-0.008962
-0.130763
-0.126607
-0.126237
-0.211501
-0.137745
-0.120628
-0.147406
-0.223149
0.007412
-0.135204
-0.110806
-0.177715
-0.030732
-0.173720
-0.114329
0.012968
0.037048
-0.154617
-0.120005
0.167871
0.023937
-0.114400
-0.245413
0.089280
-0.231173
-0.064163
-0.206420
0.076860
0.023638
-0.058485
-0.186054
-0.247755
-0.077051
-0.136516
-0.141875
-0.049248
-0.199471
-0.180586
-0.171442
-0.100807
-0.089067
-0.214914
-0.135531
0.059376
-0.123337
-0.213314
-0.142592
0.049625
-0.078187
-0.137229
-0.067423
-0.071895
-0.250963
-0.127319
-0.113554
-0.192743
-0.034498
-0.254940
-0.051007
-0.092242
-0.378746
-0.012861
-0.130696
0.165134
-0.168880
-0.109905
-0.179005
-0.247933
-0.172065
-0.060388
0.038914
-0.206190
-0.110087
