0.000569
-0.002495
-0.001473
0.000281
-0.004807
-0.005213
-0.004485
-0.002744
-0.001553
0.001189
-0.002504
-0.002228
-0.003622
-0.003506
-0.001081
0.000767
-0.002433
-0.000737
-0.005212
-0.001838
0.000279
-0.001693
-0.001139
-0.003987
0.001516
-0.006466
-0.002025
0.000727
-0.000570
-0.003494
-0.001315
-0.006903
-0.003326
-0.002547
-0.001400
-0.001240
0.001187
-0.003969
-0.003359
-0.007209
-0.002677
-0.002647
-0.002436
-0.002101
-0.003023
-0.000152
-0.005077
-0.002568
-0.004025
-0.000643
0.002059
-0.001633
-0.000856
-0.002402
-0.002960
-0.005521
0.000914
-0.000269
0.000788
-0.002739
-0.000605
-0.002530
-0.003972
-0.002663
