-0.710722
-1.213028
-1.247891
-1.052046
-1.365448
-1.462517
-1.036912
-1.214199
-1.146606
-1.634438
-1.456464
-1.371874
-1.403019
-1.120652
-1.396135
-1.593706
-1.377505
-1.200145
-1.512222
-1.071146
-1.337430
-0.849993
-1.541134
-1.530557
-1.129480
-1.543036
-1.543026
-1.354227
-0.877461
-1.404579
-1.544160
-1.338319
-1.089074
-1.086987
-1.952606
-0.914653
-1.564737
-1.016703
-1.050160
-1.391655
-0.582055
-1.164592
-1.591075
-1.138335
-1.185351
-1.397684
-1.535990
-0.834586
-1.251672
-1.032884
-1.515779
-0.873190
-1.602226
-1.546411
-1.121731
-1.546463
-1.600344
-2.106626
-1.208088
-1.284529
-1.275202
-1.612246
-0.926917
-1.198839
-1.434160
-1.274875
-1.528173
-1.097816
-1.024840
-1.529591
-0.935617
-1.012359
-1.384995
-1.251918
-0.867701
-0.792634
-1.111808
-1.098126
-1.536876
-1.535212
-1.218096
-1.542278
-1.540236
-0.764918
-1.267783
-1.470678
-1.430433
-1.349053
-1.532064
-1.373366
-1.154691
-1.252438
-0.786329
-1.536896
-1.551919
-0.690727
-1.338525
-1.498442
-0.768052
-1.187202
