1.010800
-1.264200
-0.023800
1.822100
0.097300
-0.691600
1.663900
-1.078700
1.185800
0.905100
0.921200
-1.781500
0.931700
0.275800
-0.165200
1.958600
-1.423100
0.553000
0.366100
0.541800
0.072100
0.977200
0.765100
-1.192800
0.799400
0.038500
0.024500
0.923300
0.292600
0.102200
0.012600
0.311500
-1.470000
2.810500
-0.855400
0.601300
0.035000
0.637700
-0.034300
-0.073500
0.991200
-0.954800
1.744400
-0.195300
0.313600
0.653800
0.298200
-0.344400
-1.937600
1.690500
-0.678300
1.353800
-1.372000
0.916300
-0.402500
-0.159600
1.301300
-0.481600
0.607600
-1.122800
1.689100
-0.609000
1.011500
0.845600
