-1.034392
-0.728299
-2.336423
-5.124215
-6.779329
-2.749614
-6.652212
-4.442626
-4.217162
-6.107887
-2.524737
-0.945227
-5.209364
-1.451484
-7.256871
-1.819205
-6.114742
-2.507098
-2.375652
-5.064543
-5.090361
-3.523884
-7.114156
-4.226507
-1.263101
-4.153756
-0.367016
-5.269420
-1.606784
-2.901962
-4.254179
-2.679121
-4.914905
-2.302174
-3.067603
-4.241777
-2.673889
-2.693286
-1.911782
-2.917570
-2.467451
-4.398292
-6.443857
-4.504786
-5.126154
-2.481018
-0.776312
-2.412007
-3.445779
-4.593589
-1.749457
-1.289836
-3.862559
-4.086093
-7.431545
-2.333485
-3.663660
-3.166376
-2.633296
-3.602709
-7.575089
-3.620376
-1.904145
-3.088831
-5.656267
-3.937197
-1.499890
-5.427655
-4.465763
-4.639141
-4.532831
-3.553770
-4.040733
-1.608974
-5.519745
-3.832916
-4.403046
-1.806114
-4.009478
-2.252189
-2.783989
-5.609930
-3.345455
-0.561968
-5.105248
-3.554523
-3.191550
-4.291204
-1.616778
-6.425590
-3.292180
-1.704935
-7.184583
-3.677988
-5.292286
-3.606068
-6.052756
-1.245924
-3.974577
-2.939202
