6.313173
11.008639
9.890640
9.575277
8.190745
10.671037
10.855670
9.766544
11.091414
10.060399
9.944004
6.277362
10.830123
10.999403
10.872016
5.660214
3.912921
9.468828
11.266917
9.561131
10.246101
10.760444
11.240634
8.244483
8.863109
7.941242
9.629897
11.099698
7.476861
10.431363
10.009377
10.903044
10.579611
11.063976
10.764922
5.511277
8.473547
9.828871
11.136436
11.137825
8.100943
7.953231
6.252295
9.995123
10.648656
9.750249
5.949071
10.220676
9.605548
6.231997
9.697389
9.305067
10.016125
9.853424
11.100730
9.909023
10.611177
11.166946
11.085588
9.776697
11.039764
5.439285
5.353769
10.883743
11.085201
10.744131
3.809388
11.080714
10.853095
9.752466
5.660343
5.399999
10.581158
11.190671
9.732646
8.097565
11.165294
10.447159
4.673672
6.334761
9.948798
10.530017
10.817372
6.611059
9.696288
9.879795
7.361087
10.650102
10.360038
11.028665
10.955614
8.240091
9.905302
10.908325
10.644573
10.489387
10.744163
11.140489
7.527495
6.916579
