0.912000
0.743000
0.327000
0.548000
0.690000
0.303000
0.665000
0.715000
0.605000
0.558000
0.557000
0.717000
0.652000
0.540000
0.724000
1.129000
0.591000
0.537000
0.849000
0.461000
0.534000
0.554000
0.783000
0.737000
0.383000
0.330000
0.598000
0.253000
0.455000
0.298000
0.694000
0.705000
0.704000
0.872000
0.732000
0.405000
0.605000
0.825000
0.742000
0.357000
0.653000
0.437000
0.669000
1.134000
0.611000
0.744000
0.880000
0.873000
0.167000
0.508000
0.596000
0.907000
0.776000
0.258000
0.473000
0.864000
0.260000
0.775000
0.340000
0.488000
0.890000
0.393000
0.659000
0.747000
