-0.856020
0.117736
-1.899525
-14.659562
-6.680785
-1.906169
-3.761056
-0.217967
-2.445359
-2.068853
1.844389
-3.741734
-3.806959
-3.470663
-0.766581
-0.038153
-4.066377
-7.409147
-4.034129
-8.537307
-9.836161
-5.462955
-4.276772
-9.459335
-5.009039
-8.836783
-7.206908
-3.622405
1.621404
-1.144658
2.101601
-4.672068
0.216251
-3.866909
-0.481178
-0.258209
-5.600182
-0.806632
-1.450850
2.439537
-5.603639
-2.418486
-1.162197
3.632411
-4.234362
-5.885721
1.011925
-2.789695
-3.067802
-3.009980
-12.807809
-2.534559
-4.470940
-6.689939
-2.965234
-0.218609
-0.348641
-2.895719
-2.343309
1.294732
-3.034568
-1.271576
-5.125083
-0.184368
1.425853
-1.790146
-0.071413
-6.289560
-0.267835
-2.381539
-3.481390
0.255463
-1.491223
-4.830031
-0.480190
-2.185746
-6.424007
-2.480558
-5.723738
-9.173334
0.694356
-4.401946
-3.809116
-1.151481
-6.590626
-11.946559
-14.255830
-2.161090
-0.099943
-2.403887
-6.020849
-6.470620
-5.449860
-10.078690
-11.520889
-2.633388
0.583718
-3.115185
0.881681
1.451489
