-1.467036
-1.464975
-1.483583
-1.490310
-1.521858
-1.445617
-6.013695
-1.480853
-1.479957
-1.500398
-1.450963
-1.484918
-1.581555
-1.528730
-6.935203
-1.506511
-1.491916
-1.529037
-1.509404
-1.533695
-1.501616
-1.400577
-6.046713
-1.470191
-1.486532
-1.472581
-1.475332
-1.482762
-1.488186
-1.462703
-1.663830
-1.484065
-1.933146
-1.483349
-7.225750
-1.520036
-6.654237
-1.505114
-1.500438
-32.080893
-1.483372
-1.478090
-7.651302
-1.445818
-1.510213
-1.478607
-6.887729
-1.410766
-1.495999
-1.442972
-1.454900
-6.920096
-1.513981
-1.481746
-1.492272
-1.472976
-1.515681
-1.535810
-1.497265
-1.411940
-1.538751
-6.889536
-5.324970
-1.552179
-6.556926
-1.519728
-1.443843
-1.453627
-1.617955
-1.573421
-1.461770
-1.487388
-1.537066
-1.475556
-1.501974
-1.487280
-1.503276
-6.346629
-7.712830
-6.071478
-1.483025
-1.527172
-1.526675
-1.447997
-1.476211
-1.457640
-1.488813
-1.505481
-1.498671
-1.439431
-1.491846
-1.470488
-1.482693
-1.528170
-1.541937
-1.547537
-1.457907
-6.934510
-6.139341
-7.777994
