1.164011
0.307451
0.711921
0.338238
0.526143
0.646099
0.632192
0.782905
1.143340
0.180921
1.152270
0.396812
0.933206
-0.192110
0.278050
-0.317189
0.580271
0.340483
0.694695
0.482115
0.590511
0.608775
-0.176516
0.172138
0.998490
0.058862
0.612303
0.651493
0.858841
0.311453
0.700418
0.689536
1.075694
0.746292
1.019221
0.819534
-0.001543
0.809641
0.826897
0.571011
0.700746
0.970077
0.004730
1.179093
0.838166
0.415697
1.276839
0.955812
0.530689
1.355736
0.182223
0.564611
0.734466
0.470117
0.768630
0.510098
0.890781
0.118695
0.649718
1.314244
0.507679
0.807546
0.613530
0.759771
0.517225
1.088152
0.682238
1.105166
0.723858
0.353625
0.996815
0.625427
0.929298
0.805967
1.028622
0.602557
0.342000
0.224120
0.501188
0.334184
0.712957
0.368052
0.582709
0.887491
1.124855
0.519123
0.490098
0.581200
0.690041
1.167932
0.448749
1.015094
0.942582
0.209823
0.141891
1.195152
1.294214
0.649043
0.676874
0.789927
