0.427038
0.283241
0.678796
0.480715
0.663400
0.391045
0.514885
0.513104
0.697342
0.421358
0.227240
0.376392
0.636936
0.633331
0.358153
0.122390
0.560904
0.274437
0.269351
0.517370
0.305793
0.143876
0.364437
0.587582
0.425814
0.361469
0.518447
0.542153
0.482177
0.365755
0.564600
0.769331
0.537208
0.789495
0.284341
0.609499
0.420936
0.264034
0.783276
0.705312
0.884168
0.547787
0.279011
0.383121
0.495039
0.339224
0.417612
0.570655
0.504731
0.333211
0.455257
0.750016
0.513920
0.587130
0.425190
0.536100
0.741197
0.685965
0.390914
0.501224
0.532920
0.731237
0.336143
0.427362
