-1.128056
-1.147996
-1.211106
-1.041094
-1.214148
-1.174711
-1.179551
-1.148444
-1.201242
-1.049736
-1.171863
-6.417965
-5.966784
-1.090542
-5.369121
-5.453570
-1.029519
-1.201589
-1.225767
-1.088723
-1.167008
-1.107819
-1.109499
-1.106541
-1.141251
-1.136241
-1.067612
-1.065980
-1.120720
-1.141940
-6.002952
-1.087205
-8.797678
-1.179391
-3.068290
-1.194523
-1.233067
-1.161291
-1.108872
-1.140834
-1.190995
-1.034226
-7.275035
-1.154888
-1.170297
-1.110762
-3.453820
-1.160076
-1.160783
-1.165388
-1.195612
-1.181993
-4.703979
-1.213159
-5.095618
-7.943200
-5.685314
-1.143812
-1.097799
-1.170328
-1.144813
-7.539466
-3.587675
-1.195886
-1.185748
-1.118772
-1.155998
-1.140345
-1.098209
-1.121596
-1.102222
-1.081597
-1.176800
-1.231915
-6.853163
-1.124971
-1.098995
-4.902692
-1.186223
-7.356081
-1.149348
-1.198047
-1.289250
-1.197154
-1.173029
-1.155397
-1.204538
-1.189476
-1.099098
-1.163722
-1.111030
-1.178218
-1.197462
-1.203378
-1.205841
-1.197711
-1.164437
-1.087021
-5.310441
-2.250466
