2.940000
-1.800000
1.500000
-2.520000
2.400000
-1.800000
1.380000
-1.740000
-2.460000
2.160000
-2.040000
1.200000
-0.900000
2.760000
-1.200000
2.400000
2.340000
-2.340000
2.580000
-1.320000
2.400000
-3.360000
1.200000
-2.640000
-1.020000
0.960000
-2.400000
3.360000
-3.120000
2.940000
-1.620000
2.280000
-0.660000
-0.120000
1.740000
-2.760000
2.700000
-2.340000
2.220000
-2.040000
0.300000
0.960000
-1.260000
1.860000
-1.380000
1.440000
-2.160000
1.320000
-1.320000
1.320000
0.360000
-0.600000
0.780000
-0.300000
-0.060000
0.660000
1.140000
-1.080000
1.380000
-1.860000
1.980000
-1.620000
1.080000
-1.500000
