5.371410
11.155893
10.055080
9.725638
8.762718
10.826060
10.926667
9.928025
11.233448
10.196536
10.083619
5.844094
10.992128
11.109048
11.030703
4.694383
2.630492
9.322198
11.402855
9.710190
10.412470
10.913295
11.388223
8.346729
9.247983
7.979528
9.799521
11.252442
7.497910
10.589298
10.171151
11.058778
10.731436
11.217612
10.893620
5.204612
7.120553
9.986206
11.287927
11.266437
7.537736
7.669374
5.463890
10.172761
10.806539
9.910703
5.021252
10.374796
9.753979
5.869388
9.848457
8.961412
10.147499
9.811044
11.252584
10.061715
10.767462
11.315151
11.235761
9.912247
11.198056
5.656015
4.864730
11.017242
11.225560
10.898265
2.543663
11.232392
11.020320
9.424485
4.444487
4.638939
10.683158
11.340835
9.894351
7.832425
11.314465
10.605445
4.140801
6.034650
10.108607
10.692202
10.956773
7.588114
9.865235
10.046192
7.008926
10.794587
10.513997
11.166151
10.995593
7.747964
9.977205
11.062648
10.805148
10.630953
10.895091
11.276627
7.963888
6.880325
