1.120000
-1.400000
1.020000
-1.460000
0.780000
-0.980000
0.960000
-1.480000
-0.560000
0.500000
-1.400000
0.120000
0.160000
0.580000
-0.520000
1.240000
0.340000
-0.220000
0.160000
0.540000
0.160000
-0.740000
0.140000
-1.220000
0.080000
-0.800000
0.600000
-0.220000
-0.400000
-0.140000
-0.460000
0.760000
-1.040000
1.220000
-1.100000
0.220000
0.520000
-0.500000
0.200000
-1.100000
0.760000
-0.180000
0.440000
-0.920000
-0.560000
-0.480000
-0.740000
0.780000
-1.000000
0.860000
-1.160000
0.520000
-0.960000
-0.280000
0.060000
-0.300000
0.560000
-1.080000
1.060000
-1.300000
1.500000
-0.440000
-0.500000
0.100000
