-1.281871
-1.289243
-1.278710
-1.285917
-1.299617
-1.264758
-4.338584
-1.279169
-1.313487
-1.305274
-1.256029
-1.261499
-1.330956
-3.324576
-4.051423
-1.295468
-1.347576
-1.320231
-1.322736
-1.319703
-1.314987
-1.248298
-1.324894
-1.268647
-1.292846
-1.303518
-1.277653
-1.308653
-1.289937
-1.322648
-1.321830
-1.307152
-3.413651
-1.279222
-4.803612
-1.328984
-4.215490
-1.307216
-1.286958
-1.371087
-1.287620
-1.307964
-4.679600
-1.251237
-1.321487
-1.296121
-4.957656
-1.237555
-1.276414
-1.262732
-1.260541
-4.040081
-1.322431
-1.299271
-1.306575
-1.288681
-1.889634
-1.368554
-1.292154
-1.228687
-1.304058
-4.893202
-4.153463
-1.322397
-4.615279
-1.275653
-1.248707
-1.254977
-1.328683
-1.348794
-1.269281
-1.313632
-1.338651
-1.326819
-1.288052
-1.276678
-1.350359
-4.563161
-3.483444
-3.979513
-1.295585
-1.313547
-1.321080
-1.246294
-1.277790
-1.278373
-1.317248
-1.332179
-1.327073
-1.250629
-1.299228
-1.266345
-1.314114
-1.353662
-1.324683
-1.319401
-1.268811
-4.150298
-3.803725
-1.381788
