8.678153
10.365519
9.320286
9.047928
8.179204
9.993247
10.195776
9.161938
10.418143
9.484396
9.370687
7.327180
10.211837
10.264212
10.278560
7.859232
5.939413
9.147362
10.547480
9.036010
9.636969
10.094819
10.567530
8.156269
8.281460
9.184735
9.069347
10.426256
9.466462
9.830124
9.396848
10.251556
9.934685
10.382700
10.129322
7.159082
8.969391
9.234493
10.473894
10.405897
8.837513
9.157156
7.842499
9.407046
10.027256
9.174907
6.276914
9.572067
9.097089
7.778008
9.204948
9.016773
9.471382
9.404431
10.425037
9.340398
10.015086
10.496482
10.427482
9.245879
10.377133
8.148879
7.558636
10.200617
10.411937
9.995807
7.068262
10.415047
10.249207
9.935482
6.760100
7.892546
9.988199
10.517966
9.175769
8.944906
10.498316
9.845168
6.557108
8.893842
9.358561
9.936685
10.134600
9.139285
9.117821
9.279828
8.949659
9.975956
9.736503
10.377716
10.357401
9.062633
9.486285
10.258040
10.006531
9.785641
10.045529
10.463733
8.050882
8.137758
