-0.891995
-1.269030
-0.205866
1.878273
-2.400037
27.457631
-1.291240
27.170644
1.405562
-0.092408
1.056006
3.245948
3.362985
1.562307
26.781019
-1.066743
-1.341539
-1.704244
0.510414
2.315199
26.986740
27.559708
3.920313
3.756778
-1.285153
-1.310286
2.530886
2.480913
26.849870
7.798530
7.910837
2.286755
3.119890
26.801241
1.706085
-1.399310
-0.293470
0.485194
-1.331676
-1.328660
27.389126
-1.338828
2.429496
-0.271113
27.297204
26.360543
-1.385009
4.533083
27.381215
8.482919
-1.160915
26.809127
16.356284
16.438354
-1.262784
11.440531
10.498506
-1.054642
-1.143831
27.161222
11.731806
-1.248739
-1.255599
-2.162656
6.273886
20.263700
-0.634927
0.186319
-1.114485
-1.224738
1.306328
25.913925
-1.388236
27.466037
26.821033
27.525744
-0.859487
1.971601
-1.174250
4.063628
26.861763
16.805374
3.609467
-0.044982
26.394185
27.468021
6.546265
26.433881
1.692168
-1.284713
-1.345310
11.447535
-0.434298
-1.294958
-1.346645
27.057760
1.768171
12.001843
27.640529
0.289856
