8.992814
10.377538
9.302439
9.024942
8.310511
10.091983
10.339480
9.146377
10.417856
9.505764
9.381235
7.623149
10.203390
10.412355
10.240414
8.185830
5.980601
9.149800
10.667176
9.007705
9.627540
10.170134
10.612709
7.947625
8.358239
8.634220
9.037016
10.463075
9.016024
9.811420
9.446224
10.273109
9.911998
10.433260
10.069159
7.658767
9.181913
9.224355
10.504309
10.558452
9.087885
10.056703
8.001437
9.380772
9.997686
9.153735
6.499188
9.615489
9.038205
8.041375
8.999590
8.997685
9.472175
9.475623
10.431477
9.346883
9.948591
10.525926
10.418377
9.212726
10.374865
8.463448
6.884064
10.261245
10.442408
10.036191
7.033797
10.418710
10.142343
9.890708
7.120218
7.894998
9.938036
10.567327
9.141597
8.842928
10.516212
9.814069
7.591001
8.778635
9.356195
9.925016
10.263086
9.746543
9.058480
9.274201
9.222958
10.011536
9.754090
10.427068
10.442252
9.278817
8.586424
10.269206
10.097126
9.904035
10.106721
10.507476
7.994843
8.640039
