0.345000
0.260800
0.338600
0.460200
0.253400
0.346200
0.368800
0.406000
0.373200
0.235200
0.496200
0.085400
0.423200
0.423600
0.417600
0.481600
0.187200
0.414400
0.242800
0.482600
0.334200
0.235600
0.292600
0.212000
0.202200
0.252400
0.325400
0.465000
0.180600
0.401800
0.301800
0.236200
0.069800
0.581000
0.305200
0.300400
0.423400
0.374000
0.373800
0.392400
0.510800
0.220800
0.413600
0.284600
0.344200
0.329600
0.433000
0.293400
0.051600
0.454200
0.300000
0.596000
0.073200
0.468600
0.255600
0.366400
0.453600
0.177800
0.556800
0.166600
0.252600
0.356200
0.430000
0.315400
