-0.275455
0.009581
-0.072934
-0.642387
-0.677316
-0.361872
-0.669763
-0.723828
-0.567483
-0.233317
-0.547706
-0.109269
-0.592662
-0.462872
-0.527138
-0.580871
-0.421832
-0.512233
-0.265801
-0.484987
-0.827903
-0.151564
-0.400426
-0.707805
-0.348173
-0.302260
-0.081419
-0.554248
-0.539133
-0.240401
-0.621548
-0.471926
-0.588855
-0.461460
-0.385990
-0.169546
-0.600986
-0.392176
-0.606912
-0.380570
-0.590150
-0.252189
-0.275316
-0.484932
-0.133059
-0.328493
0.092744
-0.025060
-0.449567
-0.696407
-0.007172
-0.474621
-0.273290
-0.519656
-0.179604
-0.196620
-0.257828
-0.591149
-0.514823
-0.419779
-0.621652
-0.584180
-0.405693
-0.721852
-0.673328
-0.661694
-0.160532
-0.388388
-0.604069
-0.622569
-0.195839
-0.432270
-0.414341
-0.630307
-0.050251
-0.295039
-0.505109
-0.492911
-0.407054
-0.600487
-0.347968
-0.646009
-0.517408
-0.351395
-0.612000
-0.384696
-0.245510
-0.739330
-0.455781
-0.548084
-0.066516
-0.726302
-0.481209
-0.484125
-0.599160
-0.640302
-0.215141
-0.289003
-0.703702
-0.341890
