2.620861
2.267359
9.792119
2.105533
5.780844
3.088213
2.388121
5.258797
2.773032
11.907618
2.267359
2.781876
2.267359
3.059888
3.413467
2.620861
3.892630
35.875097
2.267359
4.319523
3.022459
2.061060
3.022459
2.803431
101.122604
2.061067
3.116291
2.708448
2.267359
2.803426
4.218163
2.267359
3.012439
5.780876
2.708448
2.620861
-11.764244
2.620861
13.200656
2.105519
5.560668
2.803422
98.837029
2.267359
2.803431
4.779098
35.699403
2.620861
2.803421
3.585115
4.703996
2.620861
2.267359
3.012439
3.059888
15.897099
2.141794
13.729120
2.840172
2.267359
2.267359
2.061062
4.056594
15.836071
3.420791
4.856311
2.803431
2.060744
2.708448
8.089466
2.061036
2.981493
4.370889
3.944966
2.708448
2.061062
-22.422291
2.154431
2.707850
4.737975
2.330679
13.122199
2.060988
2.708466
2.060854
23.753005
8.690690
3.472482
2.803431
2.529475
5.123784
2.267359
2.060643
3.116291
2.060635
2.267359
3.116291
8.889114
4.166965
2.620861
