-4.150500
-182.004000
-3460.060000
-177.878000
-23.717500
-4.505000
-7.419500
-24.444500
-4.734500
-31.677000
-218.477500
-11.398500
-4.143500
-2.484500
-2.086500
-7.605500
-3.948500
-1.976000
-5.601000
-4.615000
-2.015000
-2.137500
-5.073000
-14.208500
-7.789000
-4.513000
-2.786500
-3.083500
-1.780500
-1.894000
-14.469500
-1.459000
-9.769500
-6.198000
-2.770500
-3.595000
-3.644000
-2.352500
-6.489500
-5.143500
-3.151500
-1.603000
-1.486500
-2.485500
-5.342000
-3.595000
-3.194000
-2.356500
-3.830000
-4.567000
-8.020500
-7.691500
-11.035000
-5.194000
-4.553000
-11.571000
-73.632500
-32.303000
-69.745500
-7.610000
-6.013500
-4.068000
-78.003500
-3691.544500
