4.503013
1.190253
2.153604
3.534520
0.896146
1.633639
0.809865
3.035900
4.799704
0.903761
3.170091
2.080567
1.990520
3.069313
3.945690
3.295642
1.832537
2.555841
1.046542
4.754916
4.979419
2.098189
3.085453
7.137091
1.477905
1.247786
1.011777
0.882702
4.320709
0.919892
1.041331
2.531971
13.199550
1.066852
0.802385
5.541888
-0.478193
1.545276
0.662999
2.654483
3.182246
0.786836
-0.495599
0.885062
3.419151
1.762157
5.572069
1.509353
2.799972
1.833074
3.609914
1.596627
1.035724
3.090622
1.346287
1.404515
1.196938
2.040342
2.534106
0.785646
1.813473
1.019524
1.752228
0.848474
1.193422
1.603709
1.119011
1.090103
3.170933
1.464246
4.832484
2.053809
0.915380
3.974385
1.241686
1.263186
2.413263
1.173077
2.605522
3.252525
1.639938
0.321537
3.468216
1.030692
4.868236
1.719298
0.993349
1.420939
3.023092
1.767880
4.154145
1.304229
1.533841
1.216893
1.091955
0.849356
3.788618
2.804053
2.371569
0.971801
