-1.043630
-7.754440
-12.026700
-2.358060
-2.342450
-0.665690
-1.082710
-1.315700
-1.978330
-12.239370
-22.182220
-2.325310
-2.232410
0.178280
-2.366420
-5.808000
-2.922500
-3.305190
-5.050670
-1.970690
-0.756870
-0.443860
-3.062460
-16.734520
-0.195730
-0.279380
0.026940
-0.296270
-0.732220
-0.449100
-0.391620
-1.907080
-0.436540
-0.565430
-0.591300
-0.174380
-0.767780
-1.206080
-0.290520
0.547380
0.517210
-0.983310
-0.928070
-0.522060
0.935310
-0.698030
-1.187740
-0.101420
-1.118640
-3.018070
-2.167420
-1.557450
3.190400
1.405870
-0.171410
-0.204680
0.003640
-1.152880
-3.663530
-2.063630
2.105470
0.389520
0.532440
1.865600
