8.783768
10.307523
9.249585
8.966030
8.441377
9.952905
10.185134
9.098973
10.360530
9.421956
9.318791
7.515980
10.125165
10.243928
10.186847
8.138141
6.021436
9.111728
10.489838
8.960074
9.559445
10.053033
10.511523
8.208034
8.151243
9.461253
8.990454
10.370676
9.301997
9.734602
9.339281
10.201079
9.883833
10.333263
10.056881
7.522590
9.107454
9.175665
10.417965
10.333815
8.887763
9.295614
8.003940
9.354538
9.941846
9.101233
6.535503
9.526141
9.019428
8.386927
9.126356
8.944716
9.389158
9.337203
10.366659
9.269874
9.923485
10.433198
10.362082
9.193987
10.316450
8.360755
7.732891
10.156993
10.351342
9.985986
7.470201
10.357569
10.162225
9.716272
7.112524
8.156872
9.949380
10.461579
9.121798
8.856031
10.434695
9.768219
6.808905
8.308789
9.288007
9.833043
10.091901
9.529233
9.041723
9.209514
8.990455
9.914575
9.656096
10.309500
10.342411
8.934463
9.425038
10.187602
9.978959
9.740367
9.999836
10.412599
8.150567
8.451308
