0.210200
0.502200
0.408200
0.597200
-0.556900
-0.110500
-0.166700
1.160700
-0.356300
-0.001200
0.806100
-0.376100
0.341800
0.583500
0.843000
-0.081200
-0.052600
0.498100
0.593900
0.911000
0.547900
-0.527700
0.287100
0.475800
0.387600
-0.107300
0.121700
0.688000
-0.804400
0.886600
-0.494900
0.148300
-0.578700
0.219000
0.266700
0.035600
0.317400
-0.031400
0.799000
0.031700
0.857900
-0.279600
0.788900
-0.124500
-0.510800
0.556000
0.115700
0.207800
-0.732600
0.614100
0.166400
0.661600
-0.164500
0.595000
-0.541900
0.694700
0.219000
0.035500
0.901600
-0.149900
-0.596300
0.957800
0.321200
-0.037100
