0.720000
-0.720000
0.250000
-0.670000
0.580000
-0.750000
0.680000
-1.050000
-0.470000
0.270000
-0.580000
0.110000
-0.400000
0.640000
-0.650000
1.140000
-0.010000
-0.160000
0.030000
-0.120000
0.540000
-0.760000
0.540000
-1.170000
0.050000
-0.460000
0.320000
0.190000
-0.700000
0.300000
-0.610000
0.500000
-0.580000
0.610000
-1.020000
0.560000
-0.180000
0.320000
0.030000
-0.660000
0.130000
-0.470000
0.430000
-0.630000
0.750000
-0.890000
0.060000
0.230000
-0.690000
0.430000
-0.740000
0.750000
-1.470000
0.910000
-0.840000
-0.290000
0.030000
-0.380000
0.090000
-0.640000
0.810000
-0.900000
0.530000
-0.290000
