-1.451921
3.435086
0.955629
-1.627039
-2.565658
0.298847
-4.015767
-3.661663
-0.931089
0.317335
-0.835171
-0.649412
-1.836459
0.050265
0.544518
-2.611297
-0.455075
-4.237535
0.469830
-0.862914
-6.971733
1.382082
-1.894260
-4.814067
0.210233
-2.099717
0.401692
-1.522869
-4.987793
0.294997
-0.719205
-1.086652
-3.026078
-0.412022
0.930665
-0.321166
-0.928087
-1.273687
-3.010576
-0.371825
0.211398
-0.227823
2.093310
0.799935
1.734862
0.111263
1.023467
-0.185374
-1.631704
-1.921804
-1.766197
-0.233710
-0.378885
-3.949567
1.693840
2.047553
1.838976
0.557848
-2.238816
1.216303
-1.441300
-3.702861
-0.190931
-3.022987
-2.461455
-2.645292
-1.566215
0.111409
0.069768
-0.799724
3.051096
-0.832227
-2.238085
0.381002
1.426635
-1.042111
-0.303355
-1.650670
-3.829184
-2.483490
0.881865
-1.378439
-2.625242
0.644822
-0.705233
-2.394258
-0.626850
-3.131088
-0.410608
-3.034042
1.246396
-1.131087
0.981755
-2.487013
-3.727165
-0.525588
-0.245694
1.055665
-3.069979
-4.056528
