-3.263610
-1.831973
-1.831854
-1.805545
-1.790358
-1.841610
-1.833692
-1.812416
-2.048816
-1.854799
-1.845719
-1.788426
-3.095946
-2.300053
-2.715407
-1.813842
-1.844585
-1.885714
-1.820124
-1.812529
-1.811535
-1.861008
-1.925908
-1.796975
-2.833695
-1.877943
-1.799253
-1.867510
-3.882836
-1.817222
-1.815650
-1.840431
-1.824216
-1.880791
-3.540239
-1.858152
-2.818845
-1.868401
-2.884161
-1.830758
-1.824845
-1.873281
-2.705357
-1.937048
-1.814389
-1.839651
-2.904541
-1.832311
-1.827152
-1.848284
-1.848421
-1.820648
-1.823680
-1.811749
-3.553975
-1.810125
-1.828334
-3.283035
-1.842615
-1.824617
-3.234975
-3.671645
-3.328249
-1.822750
-2.598265
-1.909501
-1.801034
-1.880602
-1.824414
-3.150234
-3.411544
-1.878270
-3.242678
-1.824935
-1.863214
-1.808404
-1.838599
-1.822645
-2.819977
-3.670461
-1.821697
-1.834985
-3.513490
-2.556718
-1.807462
-1.838877
-1.837221
-1.834333
-1.816949
-3.325031
-3.213304
-3.936232
-1.811200
-3.554214
-4.285994
-1.819190
-1.885414
-3.971426
-1.943660
-1.840361
