-0.530432
0.930507
1.232788
-0.965131
-1.428634
0.058106
-1.314024
-1.602493
-0.756178
0.131427
-0.787342
0.468757
-0.879507
-0.630171
-0.467399
-0.918017
-0.083451
-0.659811
0.329650
-0.486993
-1.420422
0.371222
-0.513719
-1.125040
0.391501
-0.847883
0.092719
-0.907214
-1.629886
0.073149
-0.771953
-0.660742
-1.416400
-0.569721
-0.570447
0.138469
-0.690528
-0.543086
-1.570049
-0.401326
-0.525726
-0.340061
0.374870
-0.061526
-0.161687
-0.661901
0.548166
0.512585
-0.885454
-1.321691
0.749404
-0.512421
0.594672
-0.856282
0.317657
0.786668
0.021919
-1.078517
-0.925514
0.248896
-0.614038
-1.040468
-0.380081
-1.482631
-1.367747
-1.074320
-0.220742
-0.084680
-0.032492
-0.813615
0.246628
-0.587579
-0.814324
-0.939046
0.933913
0.027665
-0.647277
-0.627176
-0.287601
-0.625660
0.184401
-0.556921
-1.014557
-0.467220
-0.955850
-0.803617
-0.453840
-1.322817
0.010546
-1.134580
1.264196
-1.544577
-0.056288
-1.411304
-1.179899
-0.965167
0.251183
0.279765
-1.324037
-0.969898
