-2.885796
-1.595034
-1.594465
-1.568479
-1.553514
-1.602798
-1.595461
-1.574753
-1.800048
-1.616639
-1.607071
-1.552191
-2.685477
-3.195323
-3.150576
-1.575682
-1.607743
-1.651924
-1.582694
-1.575860
-1.575580
-1.621996
-1.693457
-1.559513
-3.199816
-1.639311
-1.563051
-1.628772
-3.904266
-1.580338
-1.579473
-1.601488
-1.586283
-1.641626
-3.319336
-1.623628
-3.309154
-1.628149
-1.437481
-1.593140
-1.586285
-1.635751
-2.557204
-1.695572
-1.577401
-1.600565
-2.869048
-1.593832
-1.588634
-1.609491
-1.608372
-1.584953
-1.585784
-1.575135
-3.070817
-1.573854
-1.591961
-3.827887
-1.605344
-1.586032
-3.493149
-3.143632
-2.789256
-1.584973
-3.530606
-1.667189
-1.564097
-1.641928
-1.588051
-2.830899
-3.249609
-1.636564
-2.138736
-1.587358
-1.621473
-1.570796
-1.603810
-1.586949
-2.584880
-2.871695
-1.583819
-1.600452
-2.805467
-3.046573
-1.570205
-1.600561
-1.599867
-1.599940
-1.580189
-3.478043
-2.924016
-3.160951
-1.573085
-3.235189
-3.555378
-1.581062
-1.645271
-3.712923
-3.697148
-1.601879
