-0.073000
-0.448000
0.101000
0.604000
-0.406000
-0.463000
0.560000
-0.115000
2.054000
-0.678000
1.381000
-1.487000
1.244000
1.036000
0.806000
0.948000
-0.898000
0.898000
-0.166000
0.402000
-0.800000
0.178000
-0.526000
-0.771000
-0.270000
-0.621000
0.090000
1.683000
0.557000
0.438000
0.606000
-0.016000
-0.266000
2.437000
-1.129000
0.184000
-0.316000
-0.065000
-0.060000
0.587000
-0.758000
0.113000
1.428000
-0.245000
0.695000
0.535000
0.244000
-0.312000
-0.517000
0.389000
-0.835000
1.022000
-0.363000
0.729000
-0.507000
-0.311000
0.149000
0.018000
0.092000
-0.606000
0.977000
-0.051000
1.353000
0.538000
