-2.331954
-2.179656
-2.580619
-2.489592
-2.129301
-2.175183
-2.511587
-1.577591
-2.026563
-1.901602
-2.272152
-1.143615
-1.657798
-1.368410
-2.579967
-2.197049
-1.772110
-2.271222
-2.142496
-1.913521
-2.676769
-2.459918
-2.344440
-1.709711
-1.174431
-1.158334
-1.643869
-1.844052
-1.820351
-2.139215
-2.868145
-3.202760
-2.018910
-2.351467
-2.449767
-2.455963
-2.694030
-2.225263
-1.660157
-2.028555
-1.071893
-2.369929
-1.583342
-2.198158
-2.328757
-2.737447
-2.130619
-1.675502
-2.018921
-2.250174
-1.247786
-1.660466
-1.200585
-1.743095
-2.474649
-2.521858
-2.358206
-2.640424
-1.890302
-2.034939
-1.797762
-1.019913
-2.048400
-1.773978
-2.467938
-2.860552
-0.050045
-1.933651
-2.274691
-2.650755
-2.079857
-1.563199
-1.345441
-1.320688
-2.075995
-2.215336
-2.168946
-2.328375
-1.493551
-2.107860
-2.363078
-2.208927
-1.470029
-1.520044
-2.867109
-2.438774
-0.577726
-1.396339
-1.943152
-2.366319
-0.977370
-2.209887
-2.050520
-1.813256
-1.309327
-2.685449
-2.259505
-2.458950
-1.746374
-1.149058
