-29.513793
-1.959928
-13.136150
-11.790296
-4.937785
-18.760086
-22.272497
-10.953522
-1.970895
-3.172737
-3.768634
-2.272098
-6.232417
-0.879983
-14.057644
-1.896695
-2.317526
-3.175968
-1.425971
-1.742023
-23.001169
-0.549532
-1.298776
-8.688353
-0.392818
-5.409585
-9.107997
-23.072034
-1.787687
-3.903002
-7.319276
-1.432263
-3.069512
-8.523832
-17.688111
-2.834828
-3.225046
-13.004738
-23.219837
-4.350543
-1.511629
-19.150357
-24.176038
-3.336832
-3.888669
-1.964577
-1.937725
-18.338702
-1.677536
-12.028550
-18.968079
-2.812531
-0.036590
-12.837319
-12.754298
-15.766145
-2.732884
-4.530785
-2.744635
-20.215771
-3.337253
-0.424228
-15.657559
-17.773476
-2.163327
-3.518488
-3.115808
-1.050195
-15.945572
-4.305716
-2.743765
-4.140006
-1.909261
-3.744085
-20.110226
-11.708490
-28.173217
-1.703190
-5.087198
-5.814083
-4.163291
-3.091559
-2.783371
-3.617063
-2.513590
-2.797550
-0.575325
-0.835061
-6.967702
-3.253779
-23.630974
-2.041767
-2.722687
-1.115541
-9.035576
-2.832605
-13.612765
-15.634320
-1.654239
-2.919388
