-7.990324
-2.973133
-2.820562
-3.318909
-1.335118
-3.423753
-4.054525
-3.498005
-2.171596
-2.907278
-2.381739
-5.264778
-2.384013
-2.168001
-10.344418
-4.005961
-6.183873
-6.649056
-3.968401
-3.818779
-5.384998
-4.765754
-6.579340
-3.506129
-3.340083
-5.176989
-7.831354
-4.896993
-5.879442
-4.699799
-2.349165
-7.910092
-6.842898
-5.614608
-4.642991
-4.321490
-4.144723
-6.275241
-5.297624
-3.136647
-3.069405
-4.089716
-9.247266
-3.595840
-4.110234
-6.577453
-1.798287
-1.896344
-4.165018
-7.323562
-2.091759
-1.619481
-1.418481
-2.967527
-8.886175
-1.338463
-3.197855
-3.815971
-1.920879
-2.701375
-4.637180
-4.732349
-10.052098
-2.888815
-2.693823
-3.325725
-0.363210
-5.777935
-7.251262
-7.485551
-3.132734
-4.598691
-3.499045
-4.439719
-8.070583
-5.364687
-8.405424
-2.549311
-1.099436
-5.143004
-3.864025
-3.347637
-2.276667
-3.736336
-3.709659
-2.249849
-4.581177
-3.061958
-2.483619
-2.168399
-4.486487
-2.234913
-2.394089
-3.232978
-3.305079
-2.250912
-4.084024
-7.729240
-2.747024
-3.783257
