0.248600
0.729000
-1.195400
-0.314100
-0.507000
0.470600
-0.189900
1.837500
-1.080700
-1.488700
2.019700
-0.486300
0.153200
2.374600
2.864800
-3.744500
1.007300
0.548800
0.953900
3.253400
0.960000
-5.174900
-0.260100
-0.029200
-0.596000
0.347300
-0.887200
-0.981800
-2.086700
-1.133900
-2.267000
3.019100
-2.121500
-0.928300
0.202700
0.431100
-2.997000
2.231700
2.280700
0.551500
3.169500
-0.456300
2.775400
-1.692100
-2.916800
1.669800
-2.366500
1.352800
-3.812400
1.844200
2.288600
2.083100
-0.646300
3.566200
1.910400
0.363900
0.278600
0.249700
1.392600
-3.213900
-0.607900
1.932900
2.108300
-3.093400
