0.086000
-1.214000
1.881000
-0.320000
0.388000
-0.444000
0.561000
-0.410000
0.939000
0.614000
-0.096000
-0.822000
0.479000
0.607000
-0.314000
1.219000
0.330000
-0.467000
0.083000
1.005000
-0.607000
-0.556000
0.251000
-0.041000
0.361000
-0.464000
0.904000
-1.137000
1.382000
-0.120000
0.342000
-0.575000
-0.871000
2.405000
-2.074000
1.176000
-0.060000
0.180000
-0.558000
1.685000
0.686000
-1.499000
1.670000
-0.036000
0.170000
0.246000
1.293000
-0.935000
-0.914000
1.173000
-0.309000
0.345000
-1.089000
1.613000
-1.190000
1.450000
0.202000
-0.722000
0.285000
-0.154000
1.837000
-1.143000
2.350000
-0.293000
