0.197000
0.787000
0.059000
1.537000
0.507000
0.476000
1.239000
0.241000
1.092000
-0.495000
1.429000
-0.835000
0.529000
0.207000
1.642000
1.020000
0.022000
1.355000
-0.235000
0.794000
0.478000
1.196000
0.298000
0.592000
0.530000
0.529000
0.521000
1.306000
0.450000
0.437000
0.786000
-0.187000
-0.375000
2.274000
-0.420000
1.051000
0.633000
1.185000
-0.640000
0.626000
0.968000
0.305000
1.137000
0.178000
1.409000
0.357000
1.050000
0.047000
-0.230000
0.534000
0.230000
1.767000
-0.780000
1.597000
0.098000
0.383000
1.347000
0.775000
0.340000
-0.210000
1.267000
-0.479000
1.623000
1.280000
