0.000143
0.000671
0.000578
0.000724
0.000623
0.000480
0.000587
0.000304
0.000125
0.000723
0.000357
0.000518
0.000750
0.001050
0.000748
0.000699
0.000763
0.000751
0.000541
0.000765
0.000632
0.000396
0.001029
0.000823
0.000223
0.000829
0.000818
0.000555
0.000303
0.000547
0.000673
0.000410
0.000314
0.000437
0.000530
0.000436
0.000741
0.000375
0.000605
0.000565
0.000586
0.000511
0.001180
0.000216
0.000458
0.000528
0.000372
0.000160
0.000567
-0.000070
0.000764
0.000649
0.000365
0.000610
0.000351
0.000741
0.000500
0.000825
0.000201
-0.000132
0.000340
0.000644
0.000347
0.000504
0.000609
-0.000087
0.000413
0.000172
0.000348
0.000424
0.000241
0.000705
0.000286
0.000639
0.000095
0.000322
0.000546
0.000551
0.000649
0.000579
0.000447
0.000691
0.000634
0.000065
0.000133
0.000481
0.000672
0.000416
0.000562
0.000161
0.000419
-0.000196
0.000216
0.000827
0.000884
0.000481
0.000430
0.000489
0.000550
0.000353
