0.011700
0.014188
0.010650
0.012498
0.009176
0.012802
0.011340
0.009306
0.008402
0.012712
0.008582
0.011828
0.010272
0.013302
0.008792
0.009250
0.013726
0.012052
0.014986
0.012416
0.011832
0.013978
0.011386
0.010398
0.013612
0.007992
0.011584
0.014174
0.012780
0.013496
0.008428
0.011116
0.013306
0.011028
0.016690
0.012982
0.009512
0.012944
0.009856
0.008910
0.010710
0.007932
0.009418
0.011712
0.007404
0.010040
0.010406
0.011656
0.008212
0.011128
0.010562
0.008830
0.008130
0.010916
0.011290
0.009938
0.010576
0.011858
0.012016
0.011002
0.013078
0.011436
0.017766
0.011038
