0.011118	0.006254	0.012299	0.021877	0.002699	0.004401	0.021653	0.012587	-0.000171	0.012072	0.000020	0.001750	0.007920	-0.012138	-0.012604	-0.000873	-0.002931	0.009451	-0.001298	-0.007390	0.020876	0.005171	0.006509	-0.008694	0.001760	0.005282	-0.005368	0.011071	0.000737	0.004014	-0.001545	0.024287	0.006928	-0.004603	0.016772	-0.005306	0.006898	-0.012849	-0.008008	0.006832	0.013097	0.005886	0.003891	0.003080	-0.010901	-0.002118	0.000923	0.016832	0.007808	-0.011639	0.008701	0.000837	-0.002504	0.011834	0.016295	0.014631	-0.002780	0.003163	0.009710	0.015598	0.002166	0.004200	-0.001702	-0.006089
0.015149	0.021909	0.005702	0.017305	0.009258	0.001121	0.010348	0.020943	0.004792	0.023015	-0.020701	0.015111	0.007007	0.004638	0.006145	-0.014255	0.005813	0.010730	0.023274	0.002266	-0.001120	0.002953	0.015585	0.009279	0.002587	0.010061	0.007956	0.017886	0.000292	0.004388	0.001049	-0.008077	0.010615	0.009221	0.009698	0.005318	-0.008425	0.003124	0.002259	-0.002794	0.004861	0.009051	0.024525	0.008739	0.006984	0.004958	-0.013026	0.006498	0.005704	0.031150	0.004681	0.008439	0.004614	-0.005083	0.017873	0.013356	0.014239	-0.001747	0.020980	-0.007206	0.013556	0.028577	0.000453	0.001012
0.007900	0.003039	-0.009222	0.007597	-0.005209	0.011946	-0.002569	0.020967	-0.002702	0.003981	0.012982	-0.005451	0.008343	0.020714	-0.010681	0.007322	0.010513	0.014608	-0.003937	-0.006063	0.012148	0.011050	0.009064	0.009685	0.001115	0.007169	0.009583	0.001061	0.026107	0.012609	-0.006647	0.013196	-0.001855	0.014382	0.020999	-0.000534	0.015421	0.011694	0.014244	0.024388	0.003903	-0.002744	-0.003338	-0.001214	0.003686	0.009206	0.008943	0.015090	0.005148	0.020924	0.003724	0.032436	0.011025	-0.002359	-0.004220	0.010710	0.004202	0.014114	0.011607	0.005733	-0.000987	-0.008438	0.005356	0.014928
0.009237	-0.003940	0.008146	0.011301	-0.003026	0.008914	0.007147	-0.005747	0.008940	0.013412	0.016247	0.017709	-0.007374	-0.001502	0.010439	0.010756	0.013557	0.045790	0.014845	0.018960	0.016821	0.014563	0.003611	0.013832	0.000262	0.002869	0.002165	0.009363	0.030620	-0.010616	0.011803	-0.009256	0.003108	0.017471	0.010347	-0.002903	-0.001336	0.014172	-0.001335	0.007475	0.006843	-0.001563	0.027152	0.013394	-0.015725	0.007562	-0.000366	0.015323	-0.003002	0.005442	0.011440	0.014169	-0.006900	0.003048	0.001765	-0.000691	0.023837	0.011093	-0.005372	0.015969	0.028866	0.017008	-0.005124	0.001637
0.019458	0.001273	0.010871	0.014955	-0.003724	0.006551	-0.025798	-0.004834	0.002594	-0.005087	0.021286	-0.007240	0.001644	0.008977	0.019364	-0.008864	0.019629	0.007129	-0.001010	0.011808	0.008898	0.001999	0.007308	0.002374	0.009184	0.011629	0.022520	-0.003909	0.028601	-0.011575	0.003580	0.012456	0.010576	0.000427	0.007476	0.002698	-0.000118	0.015792	0.009530	-0.001457	0.015485	0.007971	0.013798	0.013180	-0.003776	0.000196	0.013587	0.013015	0.004914	0.007808	0.019114	-0.000338	0.010294	0.004328	0.004359	0.016942	0.014642	0.015275	0.020123	0.006909	0.014353	0.003551	0.013067	0.005186
0.007855	0.014096	-0.001759	0.027763	-0.004710	-0.004954	0.017999	0.013453	0.011231	0.013515	0.004892	-0.002167	0.006543	0.000741	0.014938	0.004058	-0.000401	0.003642	0.012374	0.001333	-0.001533	0.010239	0.009145	0.001134	0.003132	0.006919	-0.008000	-0.006180	-0.000076	0.005453	0.008251	0.021122	0.016167	0.004875	0.009002	-0.002594	0.005330	0.004467	0.009107	-0.002892	0.011577	0.019973	0.004396	0.010784	0.011418	0.001972	0.008323	0.006847	0.005818	-0.001339	0.006377	0.010252	0.019314	0.015968	0.027863	-0.001896	0.014916	0.008842	0.028715	-0.001479	-0.000897	0.000482	-0.011187	0.001013
-0.000782	0.009793	0.009867	0.025965	0.014917	0.001603	-0.002404	0.010334	-0.008163	0.025526	0.016990	0.002339	-0.010829	0.021057	0.004053	0.017558	-0.008086	0.000929	0.008621	0.007606	0.002312	0.014218	-0.003998	0.004560	0.009094	0.009954	0.013959	-0.002974	-0.007812	0.020510	0.008384	-0.000832	0.023245	0.007970	0.021296	0.008367	0.026304	0.025047	0.003462	0.014986	0.012784	0.018513	-0.003866	0.013766	0.015130	-0.011660	-0.006014	-0.013653	0.002192	0.013696	0.021122	0.006238	0.021017	-0.007541	-0.010787	0.004999	0.010035	0.006703	-0.013558	0.005556	-0.005367	0.013276	0.013467	-0.003002
0.001117	-0.003004	0.005252	0.016307	-0.004471	0.011970	0.000862	-0.002909	0.003581	-0.003522	-0.000846	-0.005273	0.025219	0.007741	-0.002160	0.007020	0.006359	0.004437	0.014285	0.014449	0.001312	0.001996	0.003574	-0.017106	-0.007603	0.018128	0.022878	0.005470	0.012814	0.010574	0.035525	0.017345	0.005971	-0.003394	-0.006946	0.009179	-0.002277	-0.007161	-0.000677	-0.005634	0.022826	0.013268	0.005166	0.021202	0.005059	-0.003019	0.020919	0.011909	-0.005750	0.004029	-0.003053	-0.008863	0.013762	0.025050	-0.007522	0.011122	-0.000726	0.001515	0.000457	-0.002558	0.007605	-0.001738	0.012128	0.005428
0.003609	-0.001700	-0.000078	0.014239	0.009907	-0.003137	0.006779	0.012243	-0.012091	0.011916	-0.002009	0.011911	-0.002194	-0.011263	-0.011633	0.005169	0.009639	-0.002587	0.014150	-0.009932	0.005451	-0.004950	-0.000706	0.005904	-0.001540	0.000331	0.016222	0.001782	0.014941	-0.004216	0.009729	0.020240	-0.017658	-0.002112	0.014436	0.004871	0.008806	0.000732	0.006129	0.003085	0.017226	0.006925	0.008569	0.002178	-0.000822	0.000883	0.009229	0.001889	0.007300	0.026724	0.014520	0.001772	0.016352	0.001586	-0.014426	-0.005027	-0.013150	0.002784	0.006564	0.022712	0.010370	0.003926	0.017251	-0.016388
0.009604	0.015974	-0.008262	0.018636	0.009053	0.003409	0.013110	0.028343	0.007229	0.009998	0.000609	-0.001390	0.014428	-0.000709	0.006114	0.001025	0.013030	0.010518	0.019024	0.002359	0.004477	-0.001564	0.002299	0.009991	0.015482	-0.004072	0.015795	0.021992	0.011905	0.026639	-0.002456	-0.005528	-0.009666	0.021545	0.016330	0.007318	0.008673	-0.003341	0.030589	0.006874	0.007696	0.012163	0.010539	0.009273	-0.003145	0.010788	0.025296	0.020548	0.020963	0.001524	-0.003656	0.004107	0.005641	0.017480	-0.009994	0.021306	0.004906	0.002712	-0.003323	-0.009932	0.015887	0.007683	-0.002724	-0.006227
0.003204	0.024579	0.003609	-0.007997	0.002657	0.004198	-0.020451	0.004592	0.002525	0.014151	0.023452	0.017798	0.003128	-0.003665	0.030451	0.005757	0.007611	0.006539	0.010296	0.005584	0.000727	0.002138	0.006111	0.000358	0.000251	0.005557	0.003881	0.022590	-0.019312	0.018343	0.017280	-0.014335	0.003971	0.002311	-0.005078	-0.000615	-0.005782	0.024720	0.015158	0.017583	0.013145	-0.006751	-0.000074	0.011345	-0.008028	0.012726	0.003590	0.002800	0.011761	0.010572	0.002437	0.016657	-0.006128	0.012238	0.012089	0.002424	0.009136	-0.005584	0.015867	0.004418	0.001904	0.016748	0.002408	-0.008041
-0.008839	0.014000	-0.006346	0.024551	-0.015071	0.024037	0.008668	0.004507	-0.000524	0.010993	0.004608	0.017904	0.007138	0.009127	0.001537	0.004667	0.010740	-0.010322	-0.005188	0.014547	0.008494	0.005946	0.006713	0.009433	0.002267	-0.003116	0.008466	-0.001595	0.011180	-0.009403	0.015054	0.011173	0.010170	0.016246	0.025987	0.017599	-0.012898	-0.005776	-0.000670	0.005391	0.011191	-0.002592	0.007263	-0.000571	-0.001946	-0.008589	-0.003577	-0.007018	-0.004873	0.016758	-0.003044	0.031461	0.009761	0.007947	-0.002171	0.012598	0.000393	0.008223	0.032388	0.005785	0.018826	-0.000289	0.009601	0.024033
0.000698	0.026523	0.013764	0.001880	0.011963	0.017214	0.013002	-0.009954	-0.001914	0.005162	0.004716	0.013295	0.008048	-0.005408	0.009201	0.011607	0.013818	0.017931	0.017132	0.012179	0.006369	-0.008432	0.011071	0.008469	0.010798	-0.007679	-0.003919	0.018874	0.007198	0.014653	0.005623	0.007069	0.017276	0.001489	0.010534	0.003238	0.001525	0.004614	0.008331	0.000725	0.018914	-0.003972	0.003769	0.002809	0.018999	0.008199	0.016655	-0.007779	0.007753	0.015519	0.007321	0.016143	0.000070	0.020721	0.029700	0.002374	0.001922	0.021830	0.023071	0.001630	0.003538	0.004154	-0.003100	-0.002750
-0.002558	0.001194	0.006542	0.010409	0.021594	-0.001647	0.017189	0.004139	0.005280	0.014466	-0.005713	0.011313	0.008469	0.013399	0.008933	0.030531	0.002164	0.002138	0.002771	0.002331	0.001203	0.020577	0.021600	0.001356	0.000117	0.009779	0.001780	0.015097	0.010001	-0.006503	0.021164	0.025159	0.002041	0.003105	0.012951	0.011775	0.013014	0.028120	0.005012	-0.001979	-0.006829	-0.002293	0.005666	0.025409	0.000132	0.008920	0.006727	0.019098	0.030463	0.001752	0.001921	0.016383	0.012451	0.025648	0.013214	0.003054	0.012915	0.018678	0.015834	0.012352	0.019156	0.019359	0.024781	0.013671
0.005383	0.009922	0.018544	-0.000544	0.009460	0.003852	0.007260	0.018479	0.007289	0.008003	-0.008129	0.014545	0.012844	0.029506	0.002445	0.007895	0.010838	0.022981	0.007845	0.010320	0.013246	0.010146	0.002366	0.008365	0.018822	-0.005046	0.008183	0.001592	0.019354	-0.007387	-0.000489	0.010619	0.023505	0.006140	0.004211	0.026355	-0.008687	-0.014484	0.010326	0.000598	-0.003543	0.011793	0.007909	0.001365	-0.008232	0.014482	0.012843	0.005861	0.023338	-0.004105	-0.009077	-0.001544	0.004529	0.009033	0.004440	0.009619	-0.005948	0.021416	0.006424	0.017746	0.011249	0.011519	0.016068	0.011230
0.013419	0.021618	0.008499	0.014576	0.004959	0.021838	0.000195	0.023664	0.004722	-0.006887	0.006249	0.000367	0.014596	0.001501	0.000740	-0.013382	0.003329	-0.017458	-0.007211	0.014990	0.015055	0.012406	-0.002966	0.005442	0.007695	-0.006811	0.021656	0.017294	0.005665	0.008251	0.007050	-0.013724	0.005317	-0.000251	-0.000348	0.004977	0.023885	0.014155	0.000465	0.011056	0.020601	0.014172	0.006192	0.000708	0.011784	0.010069	0.015292	0.013379	0.015666	0.001427	0.019474	0.007704	0.025899	-0.000041	0.024110	0.008352	0.000152	0.002338	0.003990	0.010970	0.013154	0.001508	0.010177	0.028075
0.024233	0.012829	0.006939	0.008966	0.011745	-0.002697	0.004121	-0.010805	0.009525	0.013908	0.000575	0.022750	-0.005928	-0.006858	0.007591	0.016007	0.025004	0.002873	0.019524	0.007158	0.005398	0.016931	0.013261	-0.009194	0.022946	0.018909	0.000823	0.012391	0.012597	0.010344	-0.000300	0.000032	0.007659	0.018418	0.015038	0.004176	0.013303	-0.020750	0.017305	-0.011949	0.002710	-0.006444	-0.007211	0.018413	-0.000054	0.009218	0.005974	0.011571	0.005622	-0.006298	0.016059	0.000534	-0.010560	0.002303	0.021685	0.014488	0.002997	0.003629	0.003984	0.027358	0.011581	0.011178	0.020555	0.009148
0.004496	0.006281	0.005742	0.007101	0.012977	0.008049	0.014111	0.004863	0.006072	-0.012446	0.014238	0.010577	0.016227	-0.020719	0.026313	0.004407	0.019381	-0.003152	0.014809	-0.003050	0.001124	0.027243	0.005231	0.008745	0.017058	0.010123	0.008559	0.012163	0.031795	0.007737	0.007429	0.017532	0.019210	0.018746	0.016255	-0.003292	0.022354	-0.003608	0.009218	-0.001673	0.006071	0.008309	0.009060	0.011429	0.020986	0.010693	0.004017	0.016645	0.016830	-0.005553	0.012313	0.012483	0.002327	0.020314	0.005236	0.007249	0.004617	0.007131	-0.003883	-0.007620	0.023650	-0.001442	0.000250	-0.014947
0.000130	-0.004902	0.022587	0.017166	-0.001124	0.030036	0.016600	0.002286	-0.019823	0.029877	-0.008634	-0.009498	0.016386	0.032279	0.019193	0.010931	0.013601	0.015419	0.015931	0.009914	0.007916	0.007500	-0.000840	0.003186	-0.009311	0.003714	-0.003324	-0.002957	0.009148	0.021513	0.014061	-0.009327	-0.002538	0.015562	-0.000628	0.005123	0.011061	-0.002155	0.006806	-0.008146	0.000214	0.007661	-0.010561	0.011068	0.004286	0.011339	0.008280	0.020130	0.005871	0.002054	0.007094	0.010614	0.005298	0.006754	-0.000503	-0.000824	-0.007809	0.024123	-0.005416	-0.000502	0.000395	0.015741	0.007119	0.018633
0.000250	0.011099	-0.001568	0.028841	-0.005681	0.010893	0.013274	0.009791	0.003452	0.006337	0.005723	0.005882	0.016030	0.030059	-0.000041	-0.007975	0.007473	0.032873	0.000880	0.023826	0.023871	0.002928	0.012507	0.022451	0.004184	0.002994	0.001050	-0.001702	0.001022	-0.004298	0.005545	-0.000890	0.010043	-0.008899	0.012754	0.015925	-0.014072	0.011251	0.018200	-0.006632	0.023059	0.008860	-0.001473	0.006469	0.010129	0.006923	0.011784	-0.002205	0.006622	-0.007633	0.004964	-0.003575	-0.002041	0.019141	0.017826	0.012138	-0.004556	0.003883	0.019255	0.008393	0.030897	0.011079	0.012271	0.003599
0.008056	0.006568	0.013409	0.016996	-0.002226	-0.005967	-0.011700	0.010483	-0.006014	-0.014257	0.009072	0.031881	0.006156	0.015965	0.005988	0.004322	0.017098	0.003963	0.011208	0.010625	0.000454	0.017941	0.004862	-0.001363	0.013345	-0.003950	0.007052	0.008215	0.018251	0.012568	0.004834	0.014737	0.021683	0.012175	0.009597	-0.005453	-0.005043	0.004171	-0.000273	0.003549	0.006875	0.010081	0.004944	0.011726	0.004943	-0.014039	-0.003427	0.005190	-0.007182	0.012463	0.021580	0.017561	0.002867	0.021112	0.007912	0.002498	0.000124	0.003953	0.003230	0.008381	0.009169	0.006798	0.014339	0.018307
0.015948	-0.006906	-0.019454	0.015921	-0.008431	0.004562	-0.005605	-0.012710	0.010385	0.014490	-0.001135	-0.019354	0.000217	0.011073	-0.009833	0.006932	0.007475	0.012500	0.009364	-0.002744	0.018393	0.006102	0.006026	-0.003345	0.003090	-0.004167	0.004813	0.025000	-0.006378	-0.008653	0.019522	0.004318	0.000752	0.016552	0.003393	0.025763	0.012251	0.002252	0.027167	-0.000900	0.013612	0.007688	0.018542	0.022465	0.004610	-0.001860	0.010579	-0.000198	0.024681	0.007718	0.002542	0.007145	-0.008672	-0.003624	0.018081	-0.000873	-0.004135	0.012034	0.018448	0.013583	0.017059	-0.001194	-0.004561	0.020962
0.004116	0.006422	0.020358	0.013503	0.010763	0.029725	0.000948	0.015198	0.005983	0.010551	0.021019	0.012643	0.012235	0.019098	0.002126	-0.002416	-0.001943	-0.012108	0.029582	-0.002999	0.005211	0.005918	0.010275	0.014801	0.017105	-0.000473	0.005710	0.011500	0.005570	0.024399	0.010575	0.014620	0.015128	0.018881	0.011996	-0.004542	0.010143	0.001789	0.001297	0.011714	0.019173	0.005646	0.009221	0.024534	0.007560	0.032294	0.012211	-0.010256	0.012866	0.010890	0.019760	0.012779	0.003864	-0.005246	0.004943	-0.002278	0.001014	0.013568	0.024470	0.011220	-0.003762	0.011784	0.022570	0.000823
0.005653	0.008512	-0.001160	0.013931	0.004591	0.011889	-0.002016	0.001139	0.012447	0.004031	0.022528	0.003411	0.008642	0.017294	-0.008734	-0.011844	-0.006631	0.019851	0.003599	0.033086	0.001710	0.010191	0.022201	0.026388	0.028753	0.017346	0.017412	0.014692	0.015553	0.002640	-0.002800	0.007072	0.006311	0.002204	0.016820	0.017499	0.007037	0.022366	-0.005261	0.003757	-0.000601	-0.013711	0.004844	0.005929	0.019826	0.012553	-0.003615	0.025529	0.017197	0.012289	0.004005	-0.004235	0.001404	0.017682	0.025720	0.021663	0.001510	-0.003980	0.008394	-0.010928	0.010875	0.005697	0.005663	-0.009229
0.011413	0.002273	-0.006229	-0.022021	0.004813	0.024871	0.022857	0.000601	-0.001311	0.011348	-0.005492	0.009235	0.013422	0.019574	0.004102	0.003000	-0.001490	-0.001942	0.005398	0.010385	0.015578	-0.000283	0.021005	0.003023	0.006870	-0.003329	-0.017898	0.016331	0.014378	0.004500	0.005375	0.011268	-0.008641	0.000610	0.016527	-0.005427	0.008254	-0.006541	0.009939	0.004585	-0.010401	0.015730	-0.002271	-0.001789	0.006143	0.016793	-0.004529	0.006580	0.008524	0.012881	0.007307	0.001100	-0.003723	0.006845	-0.004677	-0.023916	0.010057	0.015278	-0.017213	-0.004370	0.013119	0.026950	0.009644	-0.001431
0.005646	0.022290	0.000137	-0.000452	0.000851	-0.001940	0.008120	0.022136	0.008916	0.005133	0.002272	-0.008380	0.015080	0.007132	0.004054	0.037720	0.011421	-0.000145	0.004605	0.019019	0.008413	-0.005955	0.016042	0.000103	0.026915	0.015985	0.002707	0.021343	0.008506	0.016715	0.010334	-0.001340	0.001832	0.017293	0.006544	0.003894	-0.003481	0.012151	0.026844	-0.004868	0.007186	0.019279	0.005190	0.011714	-0.005847	0.010423	0.004794	0.016920	0.017201	0.032902	0.012579	0.009129	0.007059	0.003117	0.010118	0.003307	0.008426	0.020720	-0.002534	0.018178	0.020956	0.005795	-0.010796	0.000649
0.020091	0.008143	-0.003361	0.002596	0.014272	0.013390	0.004652	0.002196	0.001502	-0.001526	0.021321	0.004139	0.018728	0.023500	0.015524	0.001462	0.012376	0.006986	-0.000116	0.010778	-0.004336	0.020222	0.002551	0.008610	0.011053	0.002525	0.012883	0.003955	0.016417	-0.005122	0.006779	0.026393	-0.001867	-0.000008	0.015080	0.009941	0.009560	0.012584	0.012702	0.016821	0.010490	0.002536	0.012605	0.026262	0.003484	-0.003514	0.017499	0.005888	-0.016557	0.014967	0.001163	0.004810	0.008325	0.008630	0.013907	0.001704	0.011658	0.004695	0.014522	0.012948	-0.001325	0.017908	0.005079	0.014717
0.010416	0.026280	0.004155	0.003750	0.005287	0.004281	0.014370	-0.010538	-0.005514	-0.003289	0.014638	0.023935	0.005194	0.005955	0.005803	0.016821	-0.001348	0.009189	0.018250	0.012418	0.008930	0.017915	-0.020122	0.012750	0.001339	-0.013372	0.011863	0.021841	0.006098	0.017409	0.021222	0.019792	0.024051	0.013896	0.010245	-0.008248	0.003069	-0.000879	0.027455	0.003796	0.007383	0.010164	0.006058	0.023620	-0.001851	0.007529	-0.001326	-0.006486	-0.001327	0.005892	0.001740	-0.001722	-0.009336	0.005375	-0.008725	0.013131	0.006926	-0.007648	0.003611	-0.001078	0.010492	0.019806	-0.008819	0.007336
0.004989	0.014551	0.008028	-0.000717	0.001733	-0.001014	0.017002	0.005585	0.023731	0.006432	-0.002403	-0.008746	-0.012379	-0.008617	0.007521	0.010293	-0.008319	0.015322	0.003284	0.008245	0.022580	0.016564	0.003693	-0.003123	-0.014183	-0.002841	0.004016	-0.001986	0.005752	0.008052	0.002524	-0.000439	0.008887	0.010506	-0.001864	0.021140	0.004393	0.007304	0.012691	0.007268	0.015518	0.007269	-0.001033	0.010037	-0.007225	0.006541	0.005547	0.004327	0.003255	-0.012692	0.000091	0.005916	0.006067	-0.004099	0.018828	-0.003149	0.015525	0.010804	0.000237	0.023640	-0.004658	0.015469	0.019663	-0.000465
0.020623	0.005601	0.009156	0.009830	0.004037	0.015333	0.014377	-0.011904	0.018001	-0.009126	0.015383	0.018117	-0.004863	0.003368	-0.006112	0.003128	0.005063	0.014809	0.021614	0.021166	0.001222	0.005732	-0.010391	-0.002001	0.017580	0.021061	-0.005404	0.002269	0.007069	0.010387	-0.003150	0.010732	0.003049	0.006404	0.014794	0.007434	0.001099	0.006283	0.004959	0.001642	0.003718	0.020584	0.011079	0.003764	0.011194	0.002507	0.017995	0.010540	0.003901	0.010782	-0.009739	-0.006335	-0.007314	0.007717	0.023959	0.028219	0.012537	0.011774	-0.011252	0.000746	-0.000610	0.000440	0.008364	0.001730
-0.012672	0.015747	-0.004274	0.009852	0.026153	-0.001795	-0.018561	0.002464	0.016158	0.026973	-0.006930	0.012018	0.001630	0.006697	0.031409	-0.009360	0.010732	0.011806	0.019448	0.008413	0.010145	0.004206	0.009382	0.002849	0.014218	0.001269	0.010634	0.008079	0.018681	0.007457	-0.012288	0.019167	-0.001293	0.000003	0.003725	0.021322	-0.015238	0.038747	0.016565	0.007636	0.005797	0.007696	0.010874	0.013433	0.010029	0.006945	0.004279	0.005306	0.003010	0.017767	0.012051	-0.023834	0.011312	0.008334	0.006313	0.001988	0.017554	0.016504	-0.000708	0.010507	-0.001942	-0.007076	0.003662	0.014957
0.016224	0.013230	0.013365	0.012295	-0.000992	0.011494	0.014436	0.012926	0.016760	0.014280	0.008545	0.017433	0.005549	-0.001394	0.003435	-0.002154	0.001028	0.005327	0.000370	0.003758	-0.012251	0.009608	0.006319	-0.002300	0.014149	0.013816	-0.009493	0.000165	-0.000791	-0.001900	0.013172	0.004392	0.004464	-0.013722	0.015459	-0.004943	0.006048	0.010025	0.019285	-0.007996	-0.024132	0.006214	0.023392	0.019203	0.006488	0.000884	0.013890	-0.003455	0.009213	0.011348	0.016801	0.032834	0.008629	0.001177	0.006034	-0.012141	-0.000861	0.002758	0.001662	0.007962	-0.000773	0.017714	0.009791	0.006099
0.003155	0.009525	0.014188	-0.001703	-0.001392	0.003952	-0.007226	-0.003064	0.000130	0.015677	0.007448	0.008523	0.014348	0.006121	0.008865	0.004199	0.010286	0.000766	-0.016242	0.005563	0.020907	0.017195	0.016129	0.018262	0.008357	0.006444	0.000013	0.004562	0.013308	0.019521	0.003425	0.001922	0.007398	0.012131	-0.005518	-0.015788	-0.000148	-0.005123	0.000476	0.003582	0.001664	0.019035	0.008388	0.009440	0.010276	-0.005896	0.016089	0.005778	0.011256	-0.004474	-0.009670	0.013085	0.008285	-0.003006	-0.002470	0.016813	-0.005872	0.022878	-0.002340	0.012457	0.003945	0.012227	0.004077	0.004360
0.007247	-0.001830	0.013536	0.001966	0.002980	-0.002882	-0.019272	0.003481	0.029230	0.015120	0.004825	0.004093	0.006180	0.012875	-0.006735	0.016572	0.015160	0.014279	0.012751	0.007300	0.013478	0.013755	0.002965	0.000527	0.008931	0.020234	-0.005870	-0.006642	0.008897	0.007962	0.006676	0.009005	0.005550	0.021300	-0.006848	-0.001043	0.004370	-0.009136	0.004080	0.021757	0.006452	0.006911	-0.007276	0.000408	0.000548	0.002371	0.018732	0.012189	-0.006340	0.008670	0.011084	0.016590	0.020391	-0.003967	-0.001831	-0.006837	0.003884	0.011513	0.016706	0.005665	0.004317	0.007911	0.001420	0.026945
-0.009431	0.009980	0.026378	0.007273	0.003452	0.003635	0.004687	0.018922	-0.016861	0.022268	-0.009023	0.004098	0.001742	0.013265	-0.010796	0.009821	0.028012	-0.006522	0.010169	0.000475	0.010953	0.008123	0.000098	0.011032	0.025832	0.003026	0.013753	-0.004811	-0.002271	0.012416	0.019819	0.010345	0.004563	0.006397	-0.002944	0.013372	0.014270	0.002897	0.001197	0.007874	0.001789	0.004139	0.026409	0.004423	0.000719	-0.000743	0.013322	0.004845	-0.001691	0.019657	0.020353	-0.000807	-0.013979	0.016040	-0.000391	0.013690	-0.013483	0.015765	-0.005029	0.013514	0.007428	-0.002903	0.005767	0.013095
0.007695	0.014102	0.025922	-0.008283	0.021346	0.008104	-0.002700	-0.007966	0.003164	0.016326	0.003720	0.021763	-0.008327	0.007308	-0.007415	0.008754	0.016537	0.002605	-0.017739	0.008984	0.011100	0.011902	0.018664	-0.004665	0.014413	0.016457	-0.011341	0.010992	0.002186	0.006694	0.008454	0.001616	0.000692	0.006573	-0.001693	-0.003517	0.012199	-0.004101	0.012357	0.009756	-0.011157	-0.002172	0.017187	-0.003095	-0.000366	0.010127	0.013744	0.004050	-0.001162	0.020599	0.023613	0.014917	0.005472	-0.001993	-0.002000	0.010908	0.010337	0.021050	0.013449	-0.008611	0.017776	-0.003473	0.005771	0.008689
0.027156	0.039581	0.012863	0.005891	0.011148	0.016456	0.003691	0.023564	0.007782	0.012868	0.012195	0.011576	0.014807	0.001819	-0.000260	-0.005361	0.012696	0.015199	0.013558	0.024235	0.007199	0.014787	-0.004091	0.002448	0.015172	0.013606	0.004198	0.007742	-0.007554	0.004394	0.014085	0.012639	0.012815	0.007292	0.009723	0.001075	0.012790	0.011908	0.011092	0.000365	-0.014903	0.015610	0.000899	-0.001580	0.011506	0.002154	0.016834	0.012975	0.011657	-0.007018	0.018256	0.008078	0.001269	0.007965	-0.011025	0.009935	-0.003809	-0.006279	-0.007975	0.017682	0.001594	0.022222	0.004799	-0.010397
-0.004701	0.020089	0.004549	0.001496	0.006843	0.012076	0.017638	0.019694	0.001113	-0.006274	0.000556	0.009091	-0.003792	-0.002129	0.008327	0.004590	0.007657	-0.001070	0.005688	-0.002361	0.015457	0.017858	-0.012106	-0.003605	-0.007603	-0.002157	0.005363	-0.006698	-0.002136	-0.002515	0.006668	0.006809	0.000122	0.007768	0.003671	0.004539	0.022021	0.020494	-0.007211	0.013236	0.014031	-0.006910	0.013422	0.021854	-0.006787	-0.003432	0.015910	0.009295	0.010174	0.009631	0.009836	-0.007993	0.015130	0.017759	0.004124	0.005201	-0.009350	0.011826	0.012387	0.005586	0.018634	0.003343	0.015288	-0.004003
0.006588	0.006406	0.008385	0.003543	0.004215	0.015739	0.002290	-0.010455	0.022646	0.020967	-0.007857	0.013626	0.001220	0.010348	0.008219	0.003312	0.000295	0.000030	-0.000790	-0.001040	0.006216	0.000997	0.013592	0.021025	0.002204	0.007259	0.011720	0.012976	0.008335	0.015309	0.010077	-0.005359	0.016422	0.015370	0.002056	0.008132	0.012637	0.005630	0.016771	0.029072	-0.001492	-0.008904	0.008658	0.014111	0.002362	0.020387	-0.007053	0.013744	-0.001159	0.023520	0.026122	-0.002202	-0.000625	0.015101	0.002648	0.005386	0.006457	-0.012103	0.006749	-0.000481	0.002639	0.021233	-0.002431	0.014412
0.004051	0.005487	0.014333	0.010752	0.011014	0.016945	0.003294	-0.000489	-0.005777	-0.000839	0.034634	0.019465	-0.007404	-0.005608	0.009884	0.010676	0.013475	0.004663	0.007569	0.010612	0.007465	-0.014193	0.004292	-0.002260	0.009967	0.034622	0.010615	0.005143	0.016629	0.012448	0.009238	0.012662	0.028389	-0.004390	0.014066	-0.001642	0.010977	-0.001806	0.001804	0.002507	0.016231	0.013930	-0.006958	0.007209	-0.002657	-0.006876	0.003722	0.003566	0.029188	0.010747	-0.007609	-0.000380	0.014870	0.027001	-0.009276	-0.012727	0.024972	0.010927	-0.001684	0.011642	-0.018767	0.006756	0.013257	0.015649
-0.003217	0.008996	-0.002879	0.009663	-0.003421	0.003250	-0.003129	0.012059	0.013708	0.004924	0.005356	-0.007548	0.002913	0.007183	0.031302	-0.005304	0.022796	0.016974	0.011319	0.024662	0.010513	0.011809	0.006291	0.018546	0.018856	-0.001302	-0.006459	0.005992	-0.000653	0.007136	0.017431	0.002230	0.007168	0.007021	0.017553	-0.014982	-0.000616	0.009452	0.017755	0.000261	-0.012529	0.010765	-0.000988	-0.005272	-0.001933	0.003877	-0.000015	-0.015416	0.013751	0.019147	0.012632	-0.006029	0.002800	0.006354	0.012521	0.012486	-0.001050	0.007784	0.011575	0.021036	0.014586	0.014579	0.010997	0.020569
0.010842	-0.000447	0.020294	0.014298	0.001085	0.002549	0.009451	0.010010	0.007100	0.010426	0.022076	0.017657	0.007959	0.016824	-0.005132	0.009256	0.025835	0.004890	0.000057	0.000714	-0.004097	0.000048	0.002659	-0.007865	0.007989	0.013741	-0.002276	0.023096	0.012401	0.017781	-0.001557	0.014927	-0.003276	0.015213	0.011048	0.012925	-0.006109	-0.001592	0.011620	-0.004237	0.010642	-0.009006	0.013630	-0.005634	0.009819	0.011776	-0.000867	0.012349	0.007280	0.000785	-0.004216	-0.014512	0.008062	-0.009289	0.007267	0.003112	0.012785	0.003761	0.003532	0.013573	0.010769	0.009679	0.014473	-0.008896
0.015240	0.014962	-0.003040	0.005508	0.005861	0.006958	0.011107	0.020794	0.016767	-0.004931	0.011857	0.020912	0.010783	0.019589	0.026224	0.016731	0.011655	0.018051	0.010732	0.008171	0.004360	0.024474	-0.000428	0.022437	0.013842	-0.008366	0.010978	-0.011624	0.014590	0.017515	0.000025	0.008926	0.028017	0.002275	0.000066	0.023297	0.026053	0.008430	0.016909	0.019578	-0.000338	0.000510	0.018461	0.024702	0.010925	-0.002034	0.026722	0.002333	0.002063	0.010524	0.022351	0.014663	0.009731	0.011804	0.007852	0.012178	-0.018093	0.004724	0.010094	-0.004196	0.012276	0.005729	0.028539	0.022965
0.001803	0.006083	0.005031	0.002224	0.006990	-0.000751	-0.005077	0.011349	0.010877	-0.001186	0.013441	0.000070	0.008000	0.015138	0.004413	0.009543	0.002219	0.004404	0.005890	-0.000806	0.004530	-0.008073	0.000935	0.002682	0.004621	0.001887	0.005540	0.012291	0.015510	0.000585	-0.007536	-0.004505	0.002127	0.002392	0.000982	-0.006051	0.000633	0.008543	0.011104	-0.000851	0.001617	-0.004935	0.004563	-0.002336	0.009511	-0.012579	0.001943	0.009156	0.006429	0.032808	0.009238	-0.005139	0.003487	-0.011945	0.005164	-0.002767	0.014922	0.001123	0.005264	-0.000330	0.024334	0.003134	0.027702	0.014233
0.011258	0.011707	0.010084	-0.012146	0.002548	0.015598	0.005822	-0.008777	0.004546	0.024255	0.017506	0.006160	0.015440	0.003910	-0.011944	-0.004102	0.023258	0.004209	0.005949	0.004082	0.025814	0.024133	0.028531	0.004419	0.010368	-0.010495	0.021131	-0.003592	0.009347	-0.003267	-0.000943	-0.001912	0.001263	0.000720	0.003838	0.015556	-0.005491	0.009350	0.017696	-0.000010	-0.001090	0.002234	0.017032	0.008571	-0.001057	0.010376	-0.004979	0.013168	0.008552	0.002930	-0.002594	-0.003893	0.009854	0.018446	0.000038	0.010212	-0.014801	0.000735	0.006196	-0.003042	-0.002169	-0.000097	0.012494	0.004180
-0.015586	-0.013295	-0.000067	0.011289	-0.022013	0.002138	0.001517	0.019359	0.001241	0.010852	0.006162	-0.014527	0.013385	0.009689	0.010392	0.044695	-0.012787	0.023918	0.005480	0.009804	0.006287	0.003750	0.000922	0.009625	-0.007365	0.012303	0.002568	-0.003110	0.002883	0.020219	-0.000216	0.010225	0.000386	0.014142	0.016287	0.025842	0.003921	0.014113	0.006925	0.018271	-0.000808	0.012135	0.003652	0.006200	0.005344	0.008507	0.005071	0.008972	0.020641	0.016348	0.014659	0.000671	-0.004002	0.015859	0.015387	0.020640	0.000110	0.004446	-0.009472	0.002290	0.017168	0.002155	0.016344	0.004505
0.009560	-0.003574	0.006696	-0.022780	0.003303	-0.009122	0.018502	0.012967	0.009421	0.021951	-0.004572	0.023901	0.015265	0.005047	0.016425	-0.005632	-0.000752	0.000614	0.002681	-0.003652	0.018796	0.005325	0.009922	0.000207	-0.010682	0.006940	-0.012690	0.006936	-0.006424	0.027360	0.014100	0.007398	0.019728	-0.002253	0.014455	0.009198	0.008095	0.020229	0.013258	0.008111	-0.010482	-0.005251	0.003978	0.007512	-0.006814	0.029803	0.021240	0.012491	0.005070	0.003835	-0.003754	0.005866	0.007089	-0.006246	0.009674	0.003930	-0.013196	-0.002092	0.002532	0.024821	0.012781	-0.006974	0.014201	-0.009443
0.016952	0.002746	0.004937	0.019908	-0.007759	-0.007309	0.000206	0.015481	-0.010693	-0.021713	0.000005	0.011874	0.017394	0.002403	0.000521	0.016333	-0.011477	0.002225	0.009748	0.011199	0.001328	0.007645	-0.018809	-0.001200	0.011646	-0.005433	0.006701	0.012145	0.003450	0.008698	-0.005204	0.003776	0.013249	0.007572	0.002942	0.009178	0.012136	-0.013568	0.016802	0.001478	0.009965	0.016083	-0.008755	-0.000874	0.001064	-0.002537	0.022854	-0.002315	-0.001103	0.007913	-0.006302	0.000862	0.007578	0.002495	0.005024	0.000061	-0.009244	0.009576	0.023877	0.006320	0.009218	0.012998	-0.003160	0.022784
0.009003	0.024350	-0.000963	0.025313	0.013198	0.012979	0.008961	0.003144	0.017246	0.008664	-0.014740	-0.004246	0.004296	0.010864	0.004729	0.017777	-0.011256	0.008178	-0.009796	0.014746	0.006005	0.012299	-0.001693	0.019007	0.018259	0.010634	0.005355	0.014001	0.000438	0.016245	0.021540	0.017500	0.000410	0.009969	-0.003412	0.013254	0.010136	-0.011228	-0.005564	0.002621	0.003216	-0.007400	0.009202	0.009351	0.002568	-0.001763	0.016479	0.023316	0.000052	0.000279	0.010950	0.001605	0.003231	0.013719	-0.012343	0.019007	0.007005	0.002854	0.005980	0.005995	-0.009553	0.021738	0.010495	0.010964
0.015568	-0.002870	0.009938	0.003676	0.013016	-0.014831	0.004722	-0.001123	0.008545	0.011102	-0.002793	-0.001231	0.003942	-0.002270	0.012891	0.001202	-0.021905	0.002185	-0.002951	-0.010185	-0.006452	0.008082	0.019062	0.008438	0.000749	0.008415	0.001160	0.000109	-0.005286	-0.010717	0.000457	0.007208	0.005654	0.001427	-0.000912	0.012650	-0.008130	0.014171	-0.004883	-0.003013	-0.009213	-0.000957	0.014442	0.011284	0.013735	0.010491	-0.005647	0.002520	-0.003472	0.018693	-0.006479	0.013381	0.013282	0.023810	0.001726	0.012175	0.028270	-0.000071	-0.009290	-0.013136	0.013803	-0.012839	0.005255	0.010115
0.009084	0.012811	0.008990	0.020334	-0.003608	0.000920	-0.000758	0.014178	0.014435	0.012176	0.017109	-0.004409	0.022953	0.023363	0.013121	0.023669	-0.008233	0.001810	0.001444	0.014794	-0.003000	0.016008	0.020802	0.013506	0.010702	-0.004875	-0.001555	0.021091	0.015621	0.007632	0.001110	-0.013257	-0.002601	0.025809	-0.003045	0.009902	0.016084	-0.004747	0.007991	0.014728	0.006806	0.033501	-0.010877	0.017681	0.003210	0.013913	0.010820	-0.000323	0.007244	-0.011868	0.012316	0.008742	0.011674	0.017318	0.010510	0.007497	-0.002178	0.000163	0.019218	0.021241	0.005539	0.007523	0.001426	0.018372
0.013598	0.027548	-0.002449	0.003689	0.008093	0.014016	0.004569	-0.003040	0.014024	0.014660	-0.004004	0.020484	0.017919	0.009304	0.006101	0.010957	-0.000515	0.007108	-0.012939	0.015815	-0.008329	0.023135	0.003476	0.004031	0.001638	0.001991	0.020657	-0.016353	0.020168	0.011271	-0.006916	-0.004120	0.024347	-0.002793	-0.001892	0.018836	0.009215	-0.001770	0.007955	-0.004736	0.017746	0.015491	0.010922	0.010650	0.022171	0.005949	-0.005442	0.011524	0.025967	-0.003485	0.002472	0.009516	0.004578	-0.003150	0.017800	0.029235	0.008399	-0.001992	-0.008497	0.009089	0.018755	0.011727	0.010192	0.000803
-0.004409	0.016139	0.015233	-0.008036	0.021348	0.012997	0.020219	-0.008098	-0.008796	0.005810	0.010048	0.024726	0.013100	0.005197	-0.005224	0.017143	-0.001957	0.022915	0.005624	0.023003	0.013567	0.006271	0.001081	0.002299	0.011519	0.005257	0.000405	0.006171	0.007788	-0.013670	0.009221	-0.003574	-0.004257	-0.010838	-0.009029	-0.006476	-0.001533	0.026671	0.000324	0.006626	0.009835	0.005606	0.004278	-0.005396	0.018888	0.023866	-0.010767	-0.003795	0.001897	-0.003562	0.010790	-0.002123	0.026523	0.018336	0.008512	0.015750	0.016808	0.000995	-0.001407	0.007056	0.016179	0.008027	-0.005978	-0.001904
0.006310	0.007677	0.025994	-0.006501	0.010595	0.022206	0.029349	0.001793	0.010221	0.013312	0.007211	0.006050	0.010596	-0.017315	0.012155	0.006799	0.006127	0.027526	0.001968	0.003350	0.026923	-0.000299	0.001223	0.004812	0.016295	0.007054	-0.006049	0.003033	0.001577	0.007122	0.009458	0.011055	-0.009640	0.017246	0.012418	0.021701	0.010386	0.018517	0.010675	0.018851	0.011556	0.003933	0.028473	0.016212	0.010254	-0.006786	-0.006709	0.009670	0.006293	0.000416	0.007878	0.021353	0.011782	-0.005061	0.005178	-0.002166	0.002478	0.002876	0.002282	-0.005961	0.006331	0.001038	-0.019094	0.026695
0.017480	0.003904	0.006057	-0.004664	0.022161	0.026214	0.008194	0.015614	0.006784	-0.006363	0.000507	0.007727	0.001401	0.005269	0.004283	0.004607	0.008112	-0.004154	0.000803	-0.005924	0.016139	-0.013108	0.018077	0.019863	0.004338	-0.021644	0.002585	0.007080	-0.002887	0.002305	0.020252	0.013283	-0.001829	-0.009942	0.005689	0.005068	0.010452	0.001887	0.011023	0.024415	0.014069	0.003864	0.003305	0.003085	0.016176	-0.000498	0.006385	0.007006	-0.000382	-0.007621	0.008906	0.004474	0.009700	0.001035	0.018468	-0.003184	0.022911	-0.010833	0.010941	0.010844	-0.000550	0.010842	0.022431	-0.015743
0.011941	-0.016595	-0.003115	0.023811	0.000031	-0.004136	0.005142	0.026456	-0.012885	-0.003187	0.020051	0.025717	0.005264	-0.004381	0.026475	0.021660	0.014829	-0.000966	0.008276	0.005933	0.010368	0.022626	0.015620	-0.004289	0.021728	0.008188	0.013828	0.023041	-0.003295	0.007589	-0.000256	-0.008851	0.011483	0.031659	-0.008667	0.007493	0.012249	0.008840	0.004904	-0.007502	0.008792	-0.002665	-0.016339	0.018865	0.014385	0.006577	0.008646	0.017562	0.007201	0.015547	0.003349	0.018606	0.008558	0.008577	-0.005869	0.008878	-0.001910	0.000604	-0.001150	-0.003738	0.029046	0.020433	0.029415	-0.005379
0.007473	-0.004986	-0.000814	-0.002038	0.017635	0.003433	0.017258	0.011574	0.027826	-0.007510	0.017536	0.018217	-0.003560	0.017528	0.008541	0.003313	-0.000243	-0.000275	0.028783	0.007382	0.014599	0.000025	-0.001214	0.016835	-0.005794	0.000495	0.007138	0.009266	0.005574	0.011506	0.011788	0.013736	-0.002266	0.003523	0.021223	0.016414	-0.008260	0.010676	-0.013878	0.005567	0.024890	-0.004821	-0.002813	0.014325	-0.011126	-0.000736	0.011817	0.000279	0.002460	0.013657	0.010189	0.007859	0.001220	0.009758	0.005265	0.010251	0.001094	0.004845	-0.003045	0.005901	-0.000728	-0.004530	0.012377	0.008494
0.015000	0.004161	0.010754	0.013382	0.010330	-0.000519	0.008363	0.009444	0.005554	-0.013213	0.006956	0.029401	0.002989	0.000862	0.009463	0.009012	0.020203	-0.005172	0.016184	0.013668	0.005948	0.011845	0.017540	0.015302	-0.003152	0.013166	0.006561	0.009514	0.008664	0.006795	0.017573	0.006324	-0.003076	0.002912	0.011820	0.020458	0.012235	-0.000389	0.031275	0.008367	0.019277	0.003548	0.011290	0.015917	0.017274	0.016920	0.015342	0.004006	-0.000579	0.010033	0.015900	0.003698	0.016008	0.021342	-0.002287	-0.002353	0.005167	0.010367	0.002242	0.020481	0.012321	0.007483	-0.004097	-0.006495
0.009199	-0.013572	0.015829	0.005305	0.037508	0.030190	0.004503	0.004197	0.014711	0.023576	-0.011690	-0.011542	-0.000434	0.013262	0.009970	0.015949	-0.004573	-0.016624	0.016211	-0.001747	-0.013836	0.009064	0.014341	0.004725	0.002657	0.002600	0.002324	-0.006016	-0.000279	0.012396	0.007999	0.007819	-0.002717	0.004020	-0.012986	0.008544	0.019388	-0.007440	-0.000154	0.008156	0.018415	-0.000121	-0.002118	-0.013307	0.005355	0.025930	0.008574	0.006277	0.007928	0.005748	-0.002424	0.012934	0.006776	0.006174	-0.003521	0.018428	0.012526	0.000898	0.016452	0.001108	-0.000512	-0.001156	-0.008063	0.010702
-0.012568	-0.005429	-0.015522	0.005247	0.003255	0.003131	-0.004829	-0.007248	0.008607	0.000747	0.007159	-0.002957	0.006962	0.019640	0.010126	0.000372	0.009226	0.003469	0.007388	0.002868	0.004265	0.009105	-0.004361	-0.005129	-0.007277	-0.012152	-0.006509	0.008558	-0.002429	0.011788	0.004275	-0.014358	0.012887	0.013379	-0.001725	0.010488	-0.003792	0.007347	-0.007787	-0.013602	0.001574	0.002679	0.000548	-0.005916	-0.000252	0.007688	0.004699	0.007479	-0.002609	0.017032	-0.006512	0.009301	0.016108	0.010391	0.003634	-0.000382	0.015361	-0.008417	-0.003913	0.001636	0.019077	0.009668	-0.000877	0.002326
0.000280	0.000704	0.015710	-0.006559	0.021223	0.015378	0.017245	0.000601	0.003067	-0.007388	-0.000480	0.011507	0.018793	-0.003594	0.001279	0.003477	-0.006430	0.012147	0.000839	0.005033	0.002156	-0.000241	0.006031	0.003541	0.003563	-0.002848	0.009542	0.024345	0.008560	0.017231	-0.009125	0.007599	-0.003768	-0.008660	0.001570	0.019110	0.014957	0.009551	-0.009931	0.002912	0.008851	0.006094	-0.013236	-0.002424	0.003475	0.010642	-0.016264	0.004662	0.006201	0.014788	0.012817	0.010801	-0.003533	-0.013101	0.002200	0.015433	0.019713	0.013828	0.011127	0.009911	0.001650	0.005212	0.026256	-0.003148
0.022991	0.005163	0.019435	-0.006737	0.011170	0.000096	-0.007385	0.007719	0.015416	-0.001096	-0.009810	0.005846	0.005257	0.013135	0.014833	0.005164	0.026655	0.009303	0.005055	-0.008724	0.004354	0.004827	0.016323	0.011146	-0.003637	0.006623	0.013535	0.023479	0.016387	0.015503	0.005820	0.010479	0.019945	-0.006690	0.006009	0.000012	0.009601	0.019706	0.000058	-0.018443	0.002456	0.014006	0.010954	0.011071	0.001685	-0.006850	0.011278	-0.001526	0.026659	0.012366	0.000498	-0.000686	0.003895	0.004024	0.017668	0.007826	-0.000851	0.025878	0.007655	0.014094	0.001570	0.010299	0.013116	-0.012322
0.026671	0.020911	0.002160	-0.004090	0.008850	0.008101	0.010111	0.007286	0.009926	0.021579	0.010504	-0.003794	0.019596	0.023910	0.036427	-0.005870	0.009844	-0.013894	0.013464	0.001514	0.025711	0.000024	-0.010500	0.001080	-0.012317	0.011618	-0.014145	0.007914	-0.013618	0.004120	0.020826	0.009628	-0.001558	0.005808	0.009073	0.011677	-0.008297	0.012868	-0.021464	-0.001521	0.001021	0.010704	0.005335	-0.007468	-0.005574	0.007337	0.004709	0.000505	-0.000218	0.013021	0.000760	0.004252	0.026175	-0.008133	-0.012255	0.013095	-0.000854	0.003507	-0.001147	0.003572	0.023430	0.014438	0.018056	-0.007945
-0.004806	-0.020532	-0.002140	0.016790	0.010724	0.005156	0.006301	-0.001448	0.007230	0.014520	-0.011288	0.009863	0.015354	0.003508	0.012154	0.033490	0.006970	0.010738	0.001027	0.008884	0.011472	0.009846	-0.003649	0.008256	0.022319	0.009332	0.016287	0.005802	0.014759	0.010457	-0.004557	0.009726	-0.002464	0.000050	0.011188	0.010280	-0.006288	0.017698	0.011377	-0.001858	-0.009306	0.002980	0.000958	0.007672	0.000645	-0.014248	0.002112	0.003378	0.010886	-0.000602	0.022513	-0.013768	0.017664	0.004138	0.015016	0.006503	0.017286	0.002685	-0.004180	0.020439	0.006522	0.008960	0.022175	-0.003863
0.012875	0.002297	0.005066	0.007934	-0.009468	-0.000407	0.020213	0.014527	0.004621	0.009719	0.002287	0.020408	0.004090	0.009908	0.016707	-0.002115	0.023477	-0.008068	0.024783	0.003690	0.004442	-0.010991	0.002013	-0.004008	0.001964	0.003583	0.016422	0.010426	0.010511	-0.003215	-0.003681	0.024416	0.000453	0.023056	0.007316	0.007775	0.016532	0.020304	0.004873	0.001487	0.005620	0.008058	0.014458	0.007075	0.010934	0.022380	0.010065	0.009845	-0.010395	-0.019950	0.009966	0.004378	-0.000127	0.008872	0.005965	0.016973	0.007072	-0.000617	0.016747	0.004336	0.012736	0.001907	0.003602	0.007364
0.006240	0.011882	0.002599	-0.012266	0.000097	0.014279	0.002842	0.002478	0.014198	-0.000615	-0.010991	0.004174	0.000208	-0.002928	0.002542	0.009618	0.007027	0.009283	0.025674	0.002959	0.008640	0.001867	-0.002671	-0.000376	0.002306	0.007729	0.029201	0.000211	0.002344	0.005954	0.008114	0.008236	0.019380	-0.018580	-0.015449	0.001499	0.015602	-0.009191	-0.024976	0.009981	0.007610	-0.007015	-0.005434	-0.003958	0.004783	-0.001447	0.009894	-0.022590	-0.004366	-0.005834	0.002521	-0.001111	0.011763	-0.012981	0.006080	0.010521	0.023905	0.001227	0.009100	-0.012711	-0.017298	0.014133	0.009104	0.017542
-0.006862	0.013113	0.024811	0.011281	0.008140	0.007190	-0.009120	0.018822	-0.001109	0.012167	-0.010554	-0.005023	0.020173	0.004123	0.019517	0.004774	-0.010456	0.015600	0.002548	0.014000	0.006974	-0.007545	0.008286	0.027950	0.012526	0.004283	0.017259	0.010116	0.009248	-0.003395	0.007319	0.016869	-0.000723	0.020580	0.008340	-0.001503	0.015439	0.004439	0.013323	0.002236	0.005344	0.009454	0.007962	-0.013368	-0.006940	0.014813	0.004622	0.001258	-0.008870	-0.004820	-0.014296	0.003874	-0.001467	-0.003531	0.005590	0.009145	0.026760	-0.008290	0.018309	0.015996	-0.000485	0.008381	0.005238	0.008143
0.021131	0.013598	0.010708	0.002145	-0.010017	0.004518	0.017952	-0.010114	-0.005934	0.007794	-0.005312	-0.001727	0.001097	-0.006667	-0.005088	0.011749	-0.005914	-0.009698	0.001470	0.013902	0.004307	0.002728	0.006384	-0.011882	0.012059	0.008083	0.002125	0.017506	-0.004362	0.018420	0.006105	0.002607	0.007113	0.004929	0.020951	-0.003764	-0.002455	0.017283	-0.000399	0.013832	0.022596	0.000413	0.011748	-0.005214	0.011500	0.007511	0.010463	0.000004	-0.012048	0.010712	-0.014940	0.001397	0.013656	0.007846	0.025485	0.015612	-0.000823	0.006610	0.005650	-0.010098	-0.002659	0.000432	-0.010912	0.006168
0.004056	-0.008857	0.010007	0.014096	0.007493	0.003957	0.012316	0.012113	0.007796	-0.001307	0.007525	0.018559	-0.000011	0.028318	-0.000065	0.005678	0.000942	0.008824	-0.009227	0.001397	-0.004345	0.009256	0.016384	0.012356	-0.016076	0.024866	0.009342	-0.000035	0.008562	0.009210	-0.001650	0.008278	0.001321	0.002154	0.002186	-0.007215	0.006671	0.013009	0.010996	0.013380	0.009324	-0.000735	0.013398	-0.007140	-0.004931	-0.004020	0.016744	0.016048	0.009637	0.016806	-0.002886	0.008313	0.003186	0.014305	0.005224	0.002045	0.011440	0.015365	0.000025	0.005506	-0.003433	-0.018425	0.011594	0.012231
0.009225	-0.011481	0.002534	-0.015008	0.018810	-0.003539	0.018929	0.014864	-0.004232	-0.004410	0.008204	-0.001770	0.006978	0.002651	-0.012791	-0.016925	0.009821	0.001086	0.002852	0.014007	0.018312	0.005010	0.002933	0.010817	-0.005855	0.006876	0.012007	0.014774	-0.012021	-0.000130	-0.003806	0.007361	0.012321	0.021167	0.004383	0.002553	0.017029	0.010482	0.018490	0.008252	-0.005408	-0.008888	-0.010109	0.013308	0.016426	0.024383	0.014695	0.018181	-0.000980	-0.005323	0.014416	0.009467	0.005957	0.010314	0.009746	0.018646	0.019095	0.012123	0.015243	0.011404	0.002915	0.014127	-0.003889	0.016941
-0.005398	0.010404	-0.002665	0.012214	0.004590	-0.008930	0.010268	-0.000583	0.013557	0.007010	0.008464	-0.003184	-0.000308	0.002523	0.013468	0.021882	-0.000364	0.017172	-0.013514	-0.005227	-0.003209	-0.006165	-0.009579	0.009966	0.005356	0.008251	0.013109	0.010354	0.013416	0.006594	-0.007087	0.016605	0.001294	-0.003196	0.007242	-0.001798	0.001361	0.010521	0.008849	-0.003954	0.001100	0.015134	0.010387	0.027309	0.016156	0.017049	-0.007961	0.013858	0.003969	0.000694	0.007587	0.014609	0.009637	-0.002535	0.013399	-0.000998	0.007830	0.003423	0.004354	0.013783	-0.003030	0.025499	-0.008563	-0.000084
0.010831	0.014287	0.005615	0.006892	0.009609	0.005288	0.020698	0.014236	0.014003	-0.002032	0.004409	0.004077	-0.003739	0.011409	0.000166	0.012157	-0.002357	0.024171	-0.000174	0.009663	0.015019	0.002537	0.015228	-0.005814	0.022420	0.005297	0.000924	0.005538	0.015652	0.001974	-0.002298	0.004588	-0.003578	0.024874	0.004233	0.016133	0.007889	-0.002354	0.005945	0.013255	0.004695	0.016772	0.015907	0.016284	-0.000006	-0.004818	0.000152	0.008853	0.010446	-0.014957	0.006305	0.007100	0.002232	0.019348	0.010981	0.019084	0.004386	0.016525	0.023574	0.019729	-0.003118	0.004373	0.006928	0.011661
0.013208	-0.000816	0.006401	-0.013150	0.019413	0.001991	0.006729	0.002038	0.016101	-0.021355	0.004303	0.005318	0.001369	0.024471	-0.003898	0.012758	0.011075	0.019089	0.001433	-0.000663	0.017442	0.011784	-0.009407	0.000218	0.011220	0.012879	-0.000594	-0.021249	0.012139	-0.004877	-0.015792	-0.022207	0.015293	0.007417	0.006831	0.020794	0.011794	0.023150	-0.008372	0.004508	-0.010070	0.001915	0.002678	0.012710	0.004811	0.011898	0.012874	0.027686	0.001258	-0.003428	0.008091	-0.002885	0.019250	0.003246	0.000560	0.000771	0.012866	0.004846	0.000226	0.022505	-0.001106	0.006684	0.015833	-0.010137
0.011757	-0.002184	0.014529	-0.002280	0.012385	0.018576	0.015393	0.008238	0.002701	0.001635	0.019710	-0.000002	-0.004074	0.014463	-0.002651	-0.004009	-0.006391	0.002202	0.007852	0.009720	0.016291	0.013342	0.004803	0.004188	0.013129	0.017618	0.008200	0.003578	-0.002393	-0.006561	0.011752	0.012571	0.013720	0.005551	0.023635	0.002971	0.015356	0.007209	0.000059	0.011465	0.010599	0.008433	0.006486	0.006699	0.028446	0.017779	0.013469	0.008002	0.015123	0.011707	0.006475	0.002356	0.003958	-0.025116	0.008625	0.001219	0.022340	0.007287	-0.004789	0.005897	-0.002865	0.011415	0.013118	0.016140
-0.001538	0.007760	-0.007901	0.013308	0.009996	0.011570	0.006060	0.009139	0.020441	0.003824	0.005747	-0.004634	-0.003245	0.008013	0.015684	0.002562	0.004994	0.002263	0.002411	0.009372	-0.008755	0.019995	-0.000525	0.012823	-0.005283	0.011100	0.012819	0.011162	-0.003211	0.009472	-0.007407	0.003420	0.017364	0.014005	0.008796	-0.003039	0.011292	0.006850	-0.018007	0.012498	0.005648	0.016308	-0.006076	-0.025690	0.006444	0.007984	-0.011568	-0.003644	0.031872	0.002966	0.012789	-0.002049	-0.016612	0.003737	0.003008	0.001367	0.004574	0.008901	0.004783	-0.006836	0.011436	-0.013462	-0.011180	0.013088
0.011767	0.007288	-0.007939	-0.000365	0.002327	-0.009057	-0.001169	0.011772	0.019120	0.002906	0.012258	-0.012608	0.012086	-0.000821	0.007947	0.002889	0.020865	-0.001891	0.014432	0.004109	0.004973	0.005594	-0.002044	0.005850	0.006955	0.006958	0.007215	0.015865	0.016338	-0.003018	0.013439	-0.005496	0.013241	0.012346	-0.009881	0.008167	0.000842	-0.000411	0.018967	-0.001508	-0.001904	0.005335	0.011930	0.005305	0.015913	0.010831	-0.015676	0.001132	-0.000852	0.010830	-0.020045	0.030397	0.010091	0.007626	0.018034	0.028844	0.014711	0.016100	0.007831	0.004757	0.002475	-0.001940	0.002778	-0.007131
0.006143	-0.008687	0.008040	0.006785	0.006820	0.002246	0.037353	0.019392	-0.007146	0.009493	-0.001106	-0.003359	-0.007397	0.011891	-0.001351	0.015216	0.017982	0.020727	-0.000026	0.011800	0.012999	0.003207	-0.001112	0.022313	0.009998	0.011077	-0.001625	-0.004051	0.001576	0.006216	-0.005758	0.006463	-0.009137	-0.004729	0.015842	0.013320	0.001589	-0.002900	-0.004575	0.001410	0.012781	0.013861	0.000444	-0.004743	0.007059	-0.002441	0.000977	0.019920	0.013337	0.008038	-0.006595	0.007313	0.015460	0.002676	0.020114	0.018989	0.022833	0.009954	0.012829	0.020519	0.012123	0.001744	0.005777	0.009103
-0.005963	0.006863	0.017100	-0.014640	0.020725	0.018772	0.002062	0.010822	0.005215	0.019695	0.014926	-0.007109	0.011983	0.005758	0.005973	-0.001809	0.025626	0.017582	0.001162	-0.006229	0.002970	0.012419	0.009083	0.018843	0.015912	0.014685	0.009988	-0.005807	0.005337	0.018401	0.004644	0.011896	0.004624	-0.003678	0.008230	0.010503	-0.001035	0.004861	-0.003582	0.016402	0.003409	0.019260	0.020845	0.005911	-0.005902	-0.015208	-0.008864	-0.007059	0.018632	0.007789	0.010028	-0.016922	-0.007339	0.015119	0.009213	0.004393	0.011892	0.023239	0.004823	0.006934	0.009425	0.030494	-0.010750	0.013164
0.005778	0.013783	-0.000146	0.006879	0.012917	0.038526	0.014807	-0.002881	0.000848	0.002755	-0.012764	0.003737	0.013557	-0.004546	0.015833	0.010290	0.000636	0.005696	0.024579	0.014743	0.007148	0.005734	0.007526	0.001049	-0.012960	0.025132	0.008512	0.012371	0.006977	0.000506	0.003166	-0.009294	0.030452	-0.005536	-0.000599	0.003437	0.018669	0.007692	-0.006164	0.017995	0.013934	0.010204	0.012891	0.031023	0.026616	-0.000575	0.022310	0.010884	0.009898	-0.010430	0.004540	-0.002472	0.013422	0.017155	-0.013985	0.005575	0.017428	0.005202	0.014284	0.010168	0.011238	0.004314	-0.002148	-0.004782
0.013853	0.008196	0.004861	0.003162	0.002645	0.017861	0.003173	-0.007825	0.012584	0.005179	0.005404	0.022909	0.006059	0.010662	-0.006525	0.003326	0.014101	-0.008613	0.010297	0.008232	0.007491	0.018605	0.010081	0.020975	-0.002008	0.006004	0.007342	-0.002622	0.017003	0.031241	0.005121	0.011706	0.008402	-0.000891	-0.008945	0.000248	-0.008146	0.024618	0.004902	0.001903	0.015158	-0.006560	-0.002370	0.007376	0.014667	0.010971	0.008756	0.007711	0.008982	0.008207	-0.004290	0.005556	-0.005811	0.007207	0.001806	0.031321	0.005930	-0.007141	0.005425	0.011677	0.024188	0.000919	-0.005791	0.014562
-0.007306	0.003385	0.003558	0.006461	0.012257	0.000423	0.003644	0.005045	0.006443	0.008051	0.009274	0.015167	0.009890	0.011980	-0.010687	0.005697	0.012607	0.014011	0.001391	0.000403	0.001049	0.013237	0.016762	0.001973	0.016678	0.005962	0.005211	0.005701	0.014671	0.011138	0.027718	-0.001960	0.012535	0.000823	0.000484	0.007179	0.007080	0.036482	0.004089	-0.006151	0.008621	-0.016304	0.004179	0.006691	0.012320	0.015554	0.001054	0.005023	-0.003156	-0.005335	0.008720	-0.007726	0.000452	-0.003614	0.011864	0.023626	-0.007067	-0.011954	0.005320	0.006342	0.009473	0.002021	0.007724	0.009893
0.017265	-0.011334	0.002592	0.009480	-0.003245	0.024793	0.000427	0.005185	0.010878	0.001277	-0.013449	0.002730	0.016661	0.004695	-0.002988	0.014920	0.004755	0.001843	0.009958	0.015043	0.030981	0.016726	0.018414	0.001431	-0.002269	0.005429	0.007791	-0.002400	0.006053	0.012071	0.008942	0.011745	0.010640	0.001486	0.004367	-0.004199	0.023582	0.008030	0.004052	-0.003683	0.035698	-0.005754	0.001349	0.011241	0.010778	0.015789	0.024495	0.012250	-0.005466	0.003873	0.009410	0.026081	-0.008687	0.018562	0.008630	0.014280	0.005290	-0.001448	0.014562	0.013320	0.017428	0.006959	0.004015	-0.009084
0.015055	0.012371	-0.003349	0.001762	0.000667	-0.007626	-0.001584	-0.005703	0.001163	-0.000100	-0.011089	0.026946	0.018523	-0.000082	0.008042	0.009836	0.019966	-0.001044	0.019240	0.001971	-0.006322	0.015198	0.019688	0.032200	-0.003930	0.011915	0.002909	0.016147	-0.007158	-0.004856	-0.002629	0.007646	0.001505	0.013284	0.019980	0.013836	0.021796	0.011492	-0.006129	0.018942	0.000322	0.014008	0.021531	0.011598	-0.010425	-0.003363	0.019297	0.005201	0.005728	0.014202	0.013371	0.008171	0.002583	0.003090	0.015066	0.011492	0.003905	0.017909	0.005739	-0.002034	-0.000210	-0.003205	0.007245	0.018701
-0.001906	0.009255	-0.000952	0.003744	-0.010324	0.004346	0.004056	0.010305	0.006543	-0.005397	0.015143	0.008220	0.007266	0.006719	-0.000645	0.006929	0.011687	-0.011337	0.002200	0.004015	0.008732	0.019073	-0.001850	0.000377	0.001891	-0.003782	0.002498	0.014841	-0.003864	0.011216	-0.012642	0.000121	0.003831	0.022504	0.005768	-0.015270	-0.015204	0.006855	0.011040	0.008430	0.007308	0.015855	-0.000457	0.014703	-0.012737	-0.004209	-0.012580	0.003221	0.003889	0.007086	0.006014	-0.004678	0.001999	-0.009356	0.019291	0.002307	0.000717	0.022005	-0.006191	-0.005651	-0.004431	0.005159	0.013566	0.013156
0.032052	-0.014748	0.011697	0.000927	-0.001123	0.000360	-0.002965	0.021992	0.013185	0.006959	0.017922	-0.008811	-0.007946	-0.014892	-0.002514	0.006817	0.008393	0.007853	-0.006030	0.014507	0.008620	0.014392	-0.012957	0.008763	-0.004518	0.000403	0.011383	0.008422	-0.001794	0.007023	-0.010837	0.017427	0.005019	0.017021	0.003473	0.001553	-0.002587	0.015418	-0.001763	0.011202	0.001779	-0.015427	-0.000853	-0.005697	0.004032	-0.006708	0.014644	0.005229	0.002634	0.012435	0.015211	0.004504	-0.003543	-0.012030	-0.001025	-0.000799	0.006858	0.002902	0.013178	-0.000300	0.006281	0.017801	0.012737	0.005400
0.000690	0.001414	-0.002550	0.001812	0.013084	0.005112	-0.006773	0.022892	0.008182	-0.006957	0.000285	0.007879	0.023050	-0.003283	0.014975	0.019394	0.001414	0.003877	-0.002090	0.005088	0.006569	0.014670	0.017604	-0.001254	-0.012035	0.004337	0.009545	0.010611	0.004198	0.009060	0.020207	0.010370	0.003856	0.001420	0.007700	0.023758	0.003738	0.007171	0.001326	0.016273	0.025736	0.009180	0.006276	0.007228	-0.019262	0.013154	0.007462	0.010976	-0.002359	0.002427	0.001880	0.015454	0.001150	0.027106	0.010840	-0.007067	0.004648	0.000071	-0.015037	0.022255	0.014556	0.012148	0.011351	-0.007543
0.002067	0.016563	-0.004183	-0.018030	0.003148	0.006181	0.008127	0.012807	0.011472	0.010055	0.016971	-0.008279	0.011054	0.013943	-0.007076	-0.009449	0.000648	0.000445	0.016080	0.001080	-0.001576	0.002017	0.017818	0.006535	0.006166	0.003744	0.019683	0.000937	0.020693	0.010155	0.003944	0.031667	-0.002821	0.002901	-0.002514	0.017267	0.022874	0.024438	0.018357	0.003618	0.002617	-0.011817	0.025785	0.011716	-0.000083	0.019297	-0.003315	0.010884	0.003241	0.012734	0.005529	-0.009047	0.005668	0.017082	0.006530	0.013701	-0.004011	0.006726	0.000734	0.013734	0.007975	0.013997	0.021067	0.013479
0.009317	-0.002082	0.005877	0.001669	0.001948	0.003455	-0.003475	-0.014192	-0.001739	0.008793	-0.008638	0.006770	0.025043	0.017936	0.021452	0.009141	0.019259	-0.000530	0.001600	-0.020364	0.018628	0.023322	0.001092	0.003554	0.000215	0.008465	0.017623	-0.009421	0.011325	0.005001	0.006059	0.010927	0.005512	0.005305	0.007337	0.017215	0.009843	0.009437	-0.007021	0.001195	0.014921	0.005064	0.012122	0.024493	0.014773	0.006519	0.000566	-0.018969	0.003007	0.002994	0.010004	0.003783	0.001333	-0.011706	-0.003372	0.010166	0.023228	0.005787	0.010080	0.015770	-0.000665	0.009889	0.002177	0.014784
0.008324	0.010822	-0.001616	0.014362	0.026300	-0.002723	0.003273	0.007882	0.013197	0.001616	-0.023315	0.020320	0.013619	-0.009782	-0.000918	0.021067	0.022430	0.016269	0.006632	0.007953	0.005610	0.019029	-0.002188	-0.001928	0.017859	0.004511	0.020439	0.001468	0.006667	-0.001390	0.005031	-0.008143	0.002760	-0.007759	0.016257	0.014501	-0.011585	0.020754	0.030777	0.005643	-0.000210	0.032584	-0.007620	0.006879	0.006136	0.019287	0.009956	0.001553	-0.004882	0.002852	-0.004121	0.005465	-0.000950	-0.008455	0.019038	0.000820	-0.006490	0.004980	0.007244	-0.011001	0.010664	-0.003789	0.027025	0.011593
0.002216	-0.000045	0.004714	0.012750	0.004822	0.004676	0.006594	-0.001052	0.000936	-0.014034	0.014223	0.009373	-0.002037	0.025977	0.005624	-0.005568	0.015773	0.010454	0.011847	0.002420	0.010757	0.004850	0.011349	-0.013442	0.003022	0.021514	-0.001348	0.001556	0.002387	-0.005155	-0.017571	0.003380	0.008448	0.005570	0.007361	0.007415	0.015251	0.004797	-0.000596	0.001855	0.011403	0.018301	-0.001206	0.007259	0.007349	-0.004677	0.005593	-0.008553	-0.013291	0.009334	0.001782	0.006776	0.004252	-0.004007	0.005342	-0.007115	0.019363	-0.007176	0.004311	-0.004377	0.012570	0.002767	0.004124	0.014349
0.006985	0.013135	-0.003650	-0.007045	0.006215	0.003877	0.012598	0.004632	0.006809	-0.008984	0.023647	0.005046	0.012687	-0.000869	0.008227	-0.007665	0.012349	0.003205	0.008679	0.014022	-0.005636	0.000708	0.010919	0.026759	0.006253	0.010512	0.005636	0.027418	-0.009987	0.008295	-0.011392	-0.018581	0.010491	0.007786	0.006498	0.006706	0.036481	0.004771	0.010473	-0.001407	0.009175	0.002315	0.001454	0.024988	0.016321	0.006958	-0.017182	0.002844	0.031734	0.004180	0.017189	0.019840	0.007087	-0.002337	-0.018186	0.012455	-0.001889	0.008568	-0.005573	0.003694	0.007648	0.009176	-0.001411	0.018187
-0.000491	-0.009586	0.004184	0.006410	0.006071	0.020078	0.003253	0.003215	-0.006882	0.014193	0.005937	0.001536	-0.013785	0.020928	-0.007807	-0.001524	0.009989	-0.006202	-0.007758	-0.015120	0.012873	0.001655	0.034565	-0.004871	-0.002855	-0.001903	0.007950	0.002155	0.012374	-0.003051	-0.009720	-0.012779	-0.016022	-0.000104	0.005037	0.000058	0.017183	0.018564	0.001370	-0.013802	-0.000582	-0.002315	-0.002083	-0.001402	-0.002986	0.001057	-0.001344	0.007613	0.007363	-0.003582	0.017677	-0.005576	-0.012230	0.009149	-0.002627	0.008006	-0.018777	0.019535	0.012561	-0.009656	-0.008425	0.022311	0.001439	-0.003009
-0.016154	0.004198	0.003613	0.013793	-0.009111	-0.008628	0.010508	0.015106	-0.010978	0.017419	0.005173	0.017207	0.004705	-0.018205	0.003284	0.015495	-0.001541	0.002669	0.006206	-0.022154	0.022808	-0.001589	0.011156	0.004728	0.019898	0.008621	0.003881	-0.001367	0.014631	-0.011489	0.010983	-0.004716	0.019995	0.007937	0.015260	0.007746	-0.012318	-0.001874	0.012257	0.006638	0.017820	0.008401	-0.004461	-0.001515	0.004760	-0.017675	0.022241	0.010708	0.016740	-0.009542	0.018161	0.027159	-0.008714	0.013265	0.006078	-0.009891	0.010734	0.014793	0.000677	0.017600	-0.009792	-0.008942	0.010669	0.006205
0.000210	0.016674	0.012036	0.016130	0.004725	0.013803	0.002716	0.026296	-0.002439	0.028666	0.005883	-0.006313	0.020060	0.009315	0.014122	0.018008	0.011766	0.001648	0.018693	0.007587	0.013934	-0.012958	0.011474	0.000372	0.024872	0.011365	0.009584	0.013404	-0.002087	0.024258	0.025386	0.011158	0.023895	0.001311	0.001981	0.008344	0.010337	0.003948	0.011764	0.008707	-0.003449	0.010058	0.014234	0.008999	0.016286	-0.005872	0.010935	-0.004784	-0.006264	0.000180	-0.003052	0.000074	0.003027	0.015055	0.003584	-0.009895	0.017788	-0.001048	0.006645	0.011205	0.009894	0.018084	0.015155	-0.001812
0.029072	0.010652	0.005299	0.017073	0.008112	0.011752	0.031761	0.003424	0.002524	0.008949	0.015970	-0.007707	-0.013137	0.002091	-0.010559	0.001592	0.013508	-0.001392	-0.005121	0.008318	0.015676	-0.008511	0.015166	0.014846	0.017939	0.017401	0.029183	0.005339	0.008929	0.004045	0.005579	0.022569	-0.005001	-0.001464	0.024073	0.018407	0.002611	0.016429	0.009893	0.020848	0.007614	0.015431	0.032490	0.013642	0.005441	0.013475	0.003008	0.030894	0.006999	0.004174	-0.001470	0.016652	0.013646	0.001823	0.012561	-0.008613	0.008679	0.011996	0.024288	-0.000779	-0.004906	-0.001927	-0.002794	0.020036
0.022219	0.011344	0.018438	0.008655	0.004439	0.003786	0.003226	-0.009855	0.007700	0.006931	0.012510	0.007739	0.004286	-0.001090	0.005780	0.012642	-0.003544	0.007811	0.010982	-0.000056	0.000883	0.010061	-0.004637	0.009370	-0.001201	0.015352	0.029897	-0.000376	0.012545	0.000331	0.015252	-0.006141	0.012254	-0.002267	0.007229	-0.002802	0.013829	-0.000965	0.011400	0.001756	0.005069	0.005946	-0.002199	0.008784	0.019780	-0.001895	0.017730	0.021501	-0.003440	-0.008368	0.008892	-0.000150	0.023424	0.006675	-0.001617	-0.005700	0.017051	0.001152	0.007300	0.015914	0.002783	0.006149	0.009643	0.013044
0.012309	0.005690	0.006781	0.003274	-0.009463	0.009786	0.025315	-0.003437	-0.002916	-0.001636	0.012073	0.011134	0.004333	-0.001632	0.005988	-0.010406	0.009052	0.015414	-0.004258	-0.008190	0.022274	0.001727	0.017703	0.004422	0.005973	0.008878	-0.002283	0.009252	0.003389	-0.005629	0.008144	0.003869	0.005919	-0.005764	0.025124	0.016384	0.015153	0.004139	-0.011412	0.024437	0.005225	-0.003004	0.009490	0.018466	0.004180	0.018395	0.016601	-0.004183	-0.002180	0.015481	-0.020939	0.003584	-0.009702	0.001403	0.003396	0.001913	0.000394	-0.004134	0.029506	0.024849	-0.004337	0.022119	0.005792	0.007398
0.005973	0.001390	0.015980	0.008628	0.000801	-0.005788	-0.002473	-0.010903	0.005199	-0.004850	0.002252	0.020548	0.018001	0.007258	0.004310	0.024015	0.012941	0.003278	-0.005931	0.011163	0.015155	0.001666	0.009401	0.002538	0.005746	-0.020288	0.004308	0.017826	0.001101	0.008139	-0.002545	0.010085	0.005214	-0.003065	0.022578	0.016878	-0.000167	0.012306	0.011118	0.011498	-0.010868	0.014352	-0.000302	0.003398	0.030862	0.009009	0.002167	-0.015530	0.018386	-0.007207	-0.004060	0.001968	0.019256	0.014258	0.004805	0.008742	0.000186	0.008047	0.007581	0.016126	0.017274	0.011601	0.006261	0.013643
0.006058	-0.002579	0.002383	0.008096	0.014459	0.005392	-0.005531	0.006115	0.006407	0.009255	0.014298	0.017161	0.000287	0.001472	-0.005264	0.012452	0.022395	0.003871	0.006144	0.021960	0.012010	0.012210	-0.005160	0.013045	-0.001456	-0.006555	0.003175	0.002476	0.005192	-0.006583	0.014615	0.018038	-0.011707	0.016095	0.001493	0.016193	0.005171	0.007655	0.004125	0.017361	-0.006012	0.010788	0.016595	0.014307	0.027651	0.000676	0.015641	0.005682	0.017195	0.006474	0.002512	0.018312	-0.000008	-0.007781	0.001276	0.012083	0.020276	0.008173	0.019992	-0.006935	0.003076	0.003676	0.008769	0.007351
0.013221	0.003468	0.007305	0.006532	-0.004072	0.005759	0.004923	0.003497	0.005037	0.007616	0.000436	0.019285	-0.005781	0.000150	0.032500	-0.005255	-0.005862	0.013797	-0.012547	0.004582	0.028043	-0.007690	-0.013604	-0.009415	0.016325	0.015686	0.001368	0.014805	0.021296	0.025350	0.002173	-0.016714	-0.000847	0.001936	0.006609	0.005506	0.016817	0.019933	0.003877	0.015814	0.009553	0.005305	0.014333	0.007419	0.024812	-0.008601	0.000515	0.005233	0.008931	0.018804	0.005771	-0.008969	0.013119	0.013402	-0.013179	0.005366	-0.010017	-0.000069	-0.002431	0.014092	0.008468	-0.006302	0.018026	-0.008335
