-0.028000
-0.336000
0.560000
-0.490000
0.203000
-0.161000
0.329000
-0.434000
0.329000
0.098000
-0.392000
-0.385000
-0.322000
0.357000
0.014000
0.735000
-0.364000
0.245000
-0.014000
0.105000
0.455000
-0.210000
0.133000
-0.833000
0.238000
-0.399000
-0.140000
0.119000
-0.182000
0.168000
-0.021000
0.287000
-0.133000
0.581000
-0.406000
0.287000
0.154000
-0.273000
0.217000
-0.525000
-0.455000
-0.049000
0.497000
-0.462000
0.203000
0.056000
-0.245000
-0.203000
-0.231000
0.287000
-0.567000
0.707000
-0.686000
0.280000
-0.700000
0.749000
-0.126000
-0.364000
0.315000
-0.133000
0.035000
-0.413000
0.672000
-0.756000
