-3.403533
-1.649636
-1.606701
-1.658624
-1.590980
-1.623477
-1.730019
-1.593331
-3.307708
-1.630148
-1.654477
-1.624535
-2.126740
-2.521092
-3.184025
-1.597137
-3.723946
-3.139845
-1.630661
-1.621923
-1.678496
-1.662112
-2.197487
-1.616794
-3.342500
-1.677481
-3.572308
-1.727030
-3.629107
-1.619216
-3.998919
-1.631588
-3.314268
-1.655898
-3.433026
-2.588520
-3.181613
-1.751707
-2.805212
-1.747764
-1.610272
-1.968155
-3.344476
-2.052488
-1.631127
-1.619730
-3.192937
-1.654895
-1.626805
-1.721804
-1.621266
-2.974554
-1.671568
-4.310610
-2.630946
-1.621816
-1.651223
-3.467723
-1.635189
-1.788905
-3.869378
-2.359252
-1.678627
-1.658071
-3.593332
-3.061989
-1.632203
-1.727449
-1.781885
-3.518621
-3.245963
-3.703904
-3.754153
-1.631465
-1.713452
-1.588586
-1.628511
-1.613251
-4.003691
-2.287714
-1.622728
-3.603489
-1.686425
-3.545778
-1.609424
-1.624778
-1.650322
-1.643418
-1.619465
-3.584887
-3.656549
-3.492472
-1.668276
-2.798259
-3.706131
-1.608521
-1.698895
-1.630262
-3.056125
-1.710460
