6.165121
6.792428
5.924767
5.782308
5.701092
6.486475
6.750810
5.828092
6.766292
6.037078
5.965596
5.696321
6.565433
6.850915
6.623139
5.747545
5.737482
5.859774
7.005020
5.768809
6.092672
6.530585
6.966351
5.677074
5.818387
6.591452
5.767429
6.802317
6.199593
6.233565
5.971126
6.700097
6.321617
6.767042
6.486473
6.604588
5.966705
5.864608
6.866372
6.916992
5.852452
6.848374
5.710500
6.001255
6.382365
5.820498
5.706441
6.088132
5.790156
5.847950
5.828513
5.759525
6.032267
6.041307
6.780551
5.962894
6.347351
6.862160
6.794375
5.903064
6.721750
6.176332
6.106690
6.679697
6.840257
6.419487
5.790468
6.791744
6.518548
6.687314
6.103000
6.005307
6.483513
6.905744
5.820833
5.774240
6.881805
6.277514
5.882607
5.929438
5.945693
6.331319
6.649448
6.691558
5.802632
5.869963
5.984366
6.383975
6.182470
6.869094
6.891674
6.262221
6.021548
6.622067
6.600257
6.312771
6.474546
6.864066
5.734596
5.805417
