0.297147
-12.924866
-14.092837
-11.885631
-1.362656
-1.461942
-21.699305
-1.161102
-0.774693
-1.561014
-1.453310
-1.009913
-1.417407
-1.151334
-1.399494
-45.820906
-1.379597
-3.051650
-38.971700
-1.155232
-1.340070
-26.670021
-1.733162
-26.841178
-13.567455
-46.841204
-1.092128
-1.366120
-0.104825
-1.407834
-0.572868
-1.332272
-31.262907
-1.286093
-18.732084
-1.103625
-1.375394
1.185162
-20.330127
-1.332323
-34.784815
-18.090879
-1.537850
-1.131808
0.606104
-1.359355
-1.539529
-18.024100
-1.264965
-9.533774
-1.963008
-48.757524
-1.606819
-24.548045
-1.362105
-1.548979
-1.602742
-32.380667
-0.594937
-1.292448
-1.247556
-1.612723
-0.943483
-1.341126
-0.816224
-1.283499
-1.080747
-52.227772
-0.639327
-8.414345
-1.305105
-40.599630
-1.383485
-1.271372
-0.704554
-22.372871
-13.636508
-46.225757
-31.130802
0.521284
0.792084
-0.947164
-1.352125
-1.086432
-1.276890
-31.475217
-1.363624
-1.336508
-1.540205
-1.276174
-1.078286
-1.261539
-1.085168
-27.654400
-1.131117
-40.177922
-1.325386
-1.495857
-20.725113
-16.682131
