9.024984
10.252602
9.180769
8.900709
8.398652
9.973009
10.227234
9.014733
10.284899
9.387463
9.261373
7.700163
10.077014
10.287096
10.115862
8.608605
6.399900
9.059587
10.539300
8.887911
9.496912
10.046878
10.485507
7.992392
8.300455
9.145100
8.912941
10.334828
9.180822
9.684163
9.316820
10.149696
9.780757
10.304055
9.943086
8.196144
9.141568
9.096731
10.374459
10.433038
9.004509
9.999862
8.167268
9.255485
9.864036
9.025321
6.897960
9.488540
8.917372
8.284924
8.886640
8.869541
9.349091
9.366542
10.300111
9.227523
9.821042
10.396510
10.286615
9.092651
10.244598
8.787388
7.282261
10.139156
10.313310
9.899445
7.462431
10.287704
10.008544
9.852819
7.501581
8.542103
9.840944
10.439680
9.016599
8.760681
10.385025
9.686149
7.955667
8.885009
9.227764
9.797337
10.144205
9.808528
8.929173
9.143992
9.149572
9.884568
9.626111
10.303102
10.324435
9.261743
9.105716
10.144079
9.976864
9.779729
9.979571
10.378604
8.041340
8.680860
