6.084160
6.693180
5.845719
5.693769
5.603867
6.311369
6.620618
5.741889
6.702373
5.947066
5.875070
5.617613
6.493459
6.682209
6.565692
5.642881
5.688640
5.768181
6.827764
5.682127
6.017349
6.417860
6.848730
5.595233
5.754613
6.482960
5.678132
6.693408
6.096724
6.155070
5.859727
6.593430
6.271696
6.654915
6.475354
6.265360
5.847245
5.782304
6.758692
6.715938
5.736119
6.711143
5.616787
5.949412
6.327787
5.733720
5.605445
5.990146
5.712024
5.807564
5.739982
5.672052
5.940441
5.956385
6.703471
5.886532
6.322311
6.761709
6.728221
5.841056
6.651365
5.934499
6.114460
6.553482
6.738856
6.322399
5.718432
6.712851
6.532009
6.489238
5.985348
5.932121
6.393137
6.791871
5.741185
5.695199
6.789481
6.193023
5.834212
5.890798
5.859620
6.264066
6.525475
6.553286
5.726817
5.778766
5.915912
6.275167
6.073880
6.759424
6.802392
6.058248
5.992275
6.529505
6.473129
6.123954
6.351576
6.760370
5.658191
5.734127
