0.629568
-0.368717
-0.306957
0.189674
-0.279060
-0.069924
0.327906
0.581413
0.674344
-0.730782
0.571347
0.181395
-0.817807
-0.781399
-0.730178
-0.243772
-0.702482
-0.244458
0.310335
-0.605868
0.006963
0.562335
-0.831836
-0.682566
0.664962
-0.707840
-0.754968
0.325578
0.631600
0.221248
-0.719169
0.378607
0.612012
0.330094
0.506681
0.309935
-0.564404
0.567676
-0.675100
0.174691
0.130972
0.398892
-0.765963
0.639739
0.579904
0.432693
0.660924
0.627521
-0.650863
0.764502
-0.766730
-0.641110
0.306860
-0.652773
0.390710
-0.744995
0.493592
-0.743760
0.474226
0.739362
0.483645
-0.698243
0.451226
0.444001
-0.462690
0.732585
0.345923
0.662633
0.539934
0.283575
0.707912
-0.805350
0.711921
-0.710573
0.722132
0.598506
0.221721
-0.166015
-0.542686
0.100518
0.543529
-0.503055
0.357304
0.654072
0.649133
0.169609
-0.157427
0.324271
0.505779
0.667895
0.441178
0.709792
0.564234
-0.646569
-0.732067
0.372941
0.600711
0.271019
-0.724868
0.562543
