0.030540
-0.037920
-0.069440
-0.029500
0.002560
0.030720
-0.048320
-0.031660
-0.062220
-0.014760
-0.048640
-0.034060
0.014640
-0.025660
0.028360
0.093480
-0.022840
0.002180
0.037960
-0.086320
-0.010240
-0.051080
0.016820
-0.034720
0.028600
0.029340
-0.046400
-0.041160
-0.021380
-0.049280
0.019520
-0.021240
0.042640
-0.057200
-0.044140
-0.037280
0.011240
-0.021980
-0.016700
-0.000840
-0.009740
-0.003620
-0.025160
-0.003320
-0.011440
-0.019260
0.028420
0.042100
0.024180
-0.007620
0.018360
0.011200
0.024500
-0.003400
0.016500
0.019720
-0.033000
-0.049900
0.010580
-0.014220
0.009160
-0.022100
0.019940
-0.006520
