0.064553
0.048960
0.056105
0.049419
0.045247
0.051261
0.054807
0.052536
0.058534
0.045114
0.024581
0.055317
0.064394
0.065727
0.042192
0.039456
0.079511
0.035310
0.038052
0.057019
0.052617
0.037167
0.053962
0.070129
0.064488
0.035928
0.048895
0.066514
0.055650
0.049158
0.048720
0.083764
0.057223
0.062553
0.050932
0.078637
0.047336
0.048931
0.072968
0.053563
0.057582
0.025698
0.021280
0.065132
0.039840
0.032610
0.052439
0.040328
0.024712
0.020570
0.041612
0.050212
0.024869
0.045236
0.031060
0.038463
0.054744
0.063160
0.048791
0.055163
0.051116
0.066627
0.045950
0.031458
