-0.045752
-0.046438
-0.046051
-0.045818
-0.046269
-0.046375
-0.046145
-0.045894
-0.045695
-0.045608
-0.046179
-0.045377
-0.045902
-0.045050
-0.045444
-0.046051
-0.045472
-0.045646
-0.045745
-0.045371
-0.045956
-0.045485
-0.045365
-0.045761
-0.045010
-0.045651
-0.045401
-0.045448
-0.045811
-0.046049
-0.045997
-0.045973
-0.046184
-0.045685
-0.045914
-0.046082
-0.045223
-0.046534
-0.045902
-0.045774
-0.046107
-0.045944
-0.044750
-0.046668
-0.046120
-0.046416
-0.045363
-0.045673
-0.045320
-0.045990
-0.045671
-0.046494
-0.046095
-0.045670
-0.044656
-0.045649
-0.046055
-0.044880
-0.045404
-0.045918
-0.045692
-0.045942
-0.045575
-0.045947
-0.045480
-0.045035
-0.045315
-0.046019
-0.046450
-0.045067
-0.046318
-0.046139
-0.046025
-0.046651
-0.046215
-0.046016
-0.046130
-0.045446
-0.046132
-0.045647
-0.045930
-0.045169
-0.045644
-0.045794
-0.045351
-0.045451
-0.045530
-0.045591
-0.045603
-0.046312
-0.045698
-0.044984
-0.045210
-0.045172
-0.045131
-0.046678
-0.045708
-0.045454
-0.046122
-0.046428
