0.341220
-0.092100
0.390300
0.338220
0.026040
-0.102420
-0.044280
0.654720
-0.404220
0.197220
0.611520
-0.142680
0.247500
0.467340
0.547920
-0.025320
0.074280
0.350040
0.051420
0.441660
0.211740
-0.228000
0.041280
0.213420
0.101940
-0.058080
-0.037140
0.496320
-0.291720
0.437760
0.073140
0.466920
-0.402720
0.181440
0.321900
-0.158880
0.332700
-0.029460
0.455160
-0.119040
0.636780
-0.222360
0.159180
0.118200
-0.262140
0.244980
0.298320
-0.247800
-0.325200
0.477300
-0.071100
0.388320
-0.316440
0.521400
-0.443580
0.676260
0.213540
-0.181980
0.373380
0.033720
-0.139260
0.080220
0.511380
-0.044940
