-0.330073
0.840935
0.798250
-0.878166
-0.970910
0.089899
-0.252872
-1.275326
-0.797196
0.094843
-0.722622
0.055211
-0.571403
-0.786060
-0.233238
-0.705777
-0.456067
-0.188130
-0.020566
-0.060656
-0.998105
0.063046
-0.063355
-0.987492
0.583115
-0.617649
0.220989
-0.717211
-0.442240
-0.655836
-0.236957
-0.509640
-1.009408
-0.055927
-0.782920
0.029607
-0.576726
-0.474888
-1.110662
-0.120653
-0.377825
-0.239002
0.189662
0.219871
-0.614717
-0.312003
0.516149
0.603707
-0.277611
-1.255003
0.910204
-0.498085
0.368211
-0.631643
0.486051
0.690966
0.250504
-0.795795
-0.730901
0.283625
-0.259645
-0.880956
-0.253882
-0.990988
-1.084526
-0.903031
0.187802
-0.031520
-0.354903
-0.538611
0.050508
-0.378416
-0.765480
-0.694967
0.698472
-0.006833
-0.559609
-0.003631
-0.149701
-0.317780
-0.312141
0.045203
-0.965758
-0.129328
-0.820082
-0.703402
-0.375108
-1.354047
-0.118742
-0.514818
0.759687
-0.897298
-0.392072
-0.732283
-0.891322
-0.721804
0.217635
0.444588
-1.093323
-0.644095
