0.637200
-1.044600
1.050000
0.630900
0.575700
-1.055700
1.088700
1.290900
0.053400
0.769800
0.376800
-0.241800
-0.091800
2.277900
-0.003300
1.384800
0.291600
1.664100
0.693000
0.426600
-0.339900
1.164900
0.786300
-1.824000
-1.513200
1.323300
0.051900
0.754200
0.009300
0.270600
-0.507000
-0.250200
0.561600
2.677800
0.621000
-0.040200
0.913500
1.947300
0.136500
1.524300
-0.939900
-0.871200
0.455400
0.634500
0.138600
0.515100
1.907100
0.921900
-2.212800
0.889800
0.033300
1.255200
0.331800
0.788100
0.915600
-0.885300
2.269500
-1.131600
1.006200
-0.721500
1.176300
-0.008700
1.298700
-0.431700
