-2.953241
-0.246151
-1.537090
-1.937627
-0.621915
-0.375109
-2.884144
-2.754562
-2.601096
0.793899
-0.837282
0.171371
-2.707826
-1.448106
-2.467766
-2.210075
-0.780714
-2.484392
-0.173353
-1.646473
-3.288290
0.108066
-2.660538
-3.290059
-3.774529
-0.774982
-0.036580
-0.959241
-1.840171
-1.393704
-2.496757
-2.322318
-3.729916
-2.162970
0.354031
-0.599558
-2.145177
0.415489
-3.239241
-2.678854
-1.001444
-1.902371
-3.320515
-2.902409
-0.628493
-1.519141
0.201050
-0.579012
-0.668959
-2.457677
0.018673
-1.438065
0.300257
-1.622908
-1.516511
-2.327751
-0.032543
-0.674998
-2.508872
-2.684789
-3.549999
-2.513449
-1.821429
-3.867096
-2.934485
-3.819532
-0.935043
-0.258716
-0.546230
-3.264642
-3.732117
-0.651719
-2.752603
-1.888596
0.508869
-0.353736
-2.839039
-1.782376
-0.680601
-1.949038
-2.827053
-3.942605
-3.094167
0.038016
-1.303908
-1.040876
0.262298
-1.508864
-0.737447
-3.396748
-1.201401
-1.942939
0.542334
-0.627956
-1.927546
-3.107787
-0.714125
0.303788
-2.328098
0.185728
