0.419200
0.284320
0.424560
0.442560
-0.396400
0.027440
-0.305440
1.038000
-0.392480
-0.016480
0.793200
-0.245040
0.291280
0.500480
0.815760
-0.105440
0.044720
0.469120
0.325920
0.593040
0.600720
-0.399120
0.303920
0.481920
0.115040
0.047120
0.014640
0.779040
-0.635840
0.659600
-0.201120
0.280880
-0.390320
0.267600
0.210640
-0.026640
0.370400
-0.115200
0.763600
-0.057120
0.780720
-0.312320
0.496800
-0.015440
-0.408800
0.493760
0.127360
0.111840
-0.361680
0.432320
0.048080
0.380320
-0.104080
0.588720
-0.520720
0.836160
0.182720
-0.060320
0.674240
-0.035360
-0.349200
0.393120
0.646720
-0.134160
