-0.381449
0.939718
0.998581
-1.075475
-1.462037
-0.043151
-1.119360
-1.604958
-0.734671
0.115343
-0.880832
0.291043
-0.755983
-0.614569
-0.196310
-1.006294
-0.305896
-0.161465
0.159661
-0.455964
-1.100870
0.018170
-0.435086
-0.978201
0.388143
-0.798026
0.191394
-1.004314
-1.532443
-0.119430
-0.557791
-0.659690
-1.332783
-0.427450
-0.692954
0.134030
-0.820162
-0.518811
-1.422803
-0.376816
-0.368667
-0.205272
0.321263
0.149868
-0.403227
-0.485595
0.501526
0.318250
-0.664794
-1.273729
0.688330
-0.434849
0.418520
-0.938364
0.549082
0.786733
0.109943
-0.921611
-0.802046
0.324696
-0.450641
-0.898745
-0.425395
-1.256477
-1.153602
-1.381322
-0.154966
0.015360
-0.115022
-0.716007
0.039782
-0.432996
-0.704384
-1.024766
0.743898
0.051179
-0.564209
-0.293346
-0.225560
-0.078353
-0.001078
0.071944
-1.008712
-0.088327
-0.900327
-0.821941
-0.480448
-1.370239
0.056372
-0.802320
1.052602
-1.203815
-0.162825
-1.048124
-1.071751
-0.928954
0.200986
0.314163
-1.173833
-0.740069
