1.138000
2.527000
-12.802000
0.557000
1.702000
-0.264000
-1.109000
0.589000
5.663000
1.252000
-5.591000
0.128000
1.117000
0.577000
0.037000
0.480000
1.243000
-1.100000
-1.571000
-0.493000
-0.026000
-0.846000
1.303000
1.463000
0.152000
-0.911000
-1.514000
-0.204000
2.272000
-0.501000
3.671000
1.926000
-0.642000
0.015000
-0.247000
1.998000
9.617000
0.275000
3.711000
0.913000
-0.809000
-1.037000
-1.090000
0.844000
3.461000
0.064000
-0.322000
-0.488000
-1.055000
-0.985000
-0.370000
-1.955000
4.163000
2.100000
-0.657000
-0.668000
4.327000
0.695000
-5.899000
-0.624000
6.891000
0.996000
-0.129000
1.497000
