0.746667
1.401588
0.833718
1.082884
3.541270
3.119986
0.857722
1.125053
1.073857
1.129640
0.796719
0.793107
0.869340
1.590197
0.753104
1.672579
0.924874
0.091152
2.809014
2.644072
4.146413
0.415837
0.154233
1.074870
2.242454
0.303145
0.805841
0.545762
0.546326
1.254533
1.207124
1.465302
1.998737
1.654182
0.499277
4.837432
3.845330
1.342233
0.955929
1.277556
0.554169
1.015133
0.391228
3.315275
0.899570
0.489565
0.792613
1.647666
2.693271
2.786454
3.765324
0.733868
0.609203
1.215014
1.020708
-0.049422
0.894620
1.213925
2.463531
0.901887
1.803095
0.880597
1.283847
0.004655
1.023330
4.048483
1.495555
0.790625
1.458641
0.873875
0.673164
1.976257
0.844909
0.333379
0.772984
0.407146
0.574758
1.584814
3.915450
2.407057
1.046250
0.058180
0.322908
1.160071
1.422009
0.958294
0.601569
3.036830
1.440965
5.606801
1.698288
1.510013
1.169361
2.869932
0.509492
0.390492
2.842282
1.108167
1.716376
2.999644
