-1.529822
-1.535111
-1.524068
-1.531332
-1.545221
-1.511573
-3.109662
-1.524163
-1.558705
-1.551962
-1.500426
-1.504743
-1.574465
-3.286695
-4.221180
-1.543168
-1.599071
-1.562338
-1.567082
-1.563355
-1.558475
-1.493351
-1.566893
-1.513965
-1.541069
-1.552850
-1.522480
-1.555665
-1.538939
-1.565305
-1.563615
-1.555221
-4.380297
-1.525749
-3.403620
-1.572373
-3.188291
-1.554072
-1.533199
-1.642072
-1.534067
-1.554675
-4.331973
-1.495370
-1.565517
-1.543393
-5.081563
-1.482174
-1.521651
-1.507271
-1.507739
-4.366372
-1.567634
-1.545334
-1.553310
-1.533850
-3.100985
-1.634874
-1.537597
-1.472246
-1.551774
-4.108593
-3.434811
-1.565105
-4.011693
-1.521297
-1.492823
-1.498975
-1.573007
-1.600380
-1.517294
-1.564585
-1.589884
-1.574517
-1.535604
-1.522279
-1.604270
-4.507491
-3.159525
-3.512035
-1.542155
-1.556821
-1.563551
-1.493472
-1.522450
-1.524311
-1.564260
-1.578446
-1.573286
-1.495325
-1.549404
-1.513422
-1.558670
-1.608221
-1.567633
-1.566825
-1.513318
-3.747919
-3.719073
-1.675372
