1.220000
-1.240000
0.980000
-1.020000
1.480000
-0.800000
0.960000
-1.100000
-0.920000
0.460000
-1.160000
0.060000
-0.460000
0.720000
-0.800000
1.420000
0.200000
0.360000
0.560000
-0.300000
1.040000
-1.240000
0.040000
-1.320000
0.580000
-0.900000
0.400000
0.820000
-0.920000
0.520000
-0.840000
0.580000
-0.780000
0.840000
-0.420000
-0.320000
0.720000
-0.820000
0.220000
-0.820000
0.220000
-0.220000
-0.060000
-0.020000
0.000000
0.080000
-0.540000
0.500000
-1.440000
0.780000
-0.540000
0.480000
-0.600000
0.520000
-0.460000
-0.040000
0.300000
-0.400000
0.380000
-1.040000
1.080000
-1.220000
0.240000
-0.420000
