0.648600
0.620800
0.583000
0.589000
0.573300
0.654800
0.551100
0.601300
0.603500
0.615200
0.563300
0.610300
0.648300
0.695400
0.606000
0.620300
0.648000
0.582100
0.585700
0.592900
0.656800
0.693000
0.627600
0.613000
0.648200
0.634400
0.632700
0.600800
0.655000
0.661500
0.632100
0.637600
0.611800
0.591500
0.656800
0.651400
0.621000
0.630900
0.601400
0.576500
0.664100
0.620700
0.607200
0.662500
0.624300
0.570500
0.593700
0.585100
0.597000
0.564800
0.601000
0.576500
0.571000
0.573400
0.577400
0.608700
0.597600
0.597800
0.596800
0.626900
0.685900
0.658500
0.601200
0.575900
