-1.325402
-1.329823
-1.327354
-1.327853
-1.328126
-1.329004
-1.325034
-1.323671
-1.326632
-1.331754
-1.332692
-1.334199
-1.331148
-1.334753
-1.330536
-1.327996
-1.328261
-1.330884
-1.325321
-1.327181
-1.328849
-1.324135
-1.332587
-1.338674
-1.322430
-1.332522
-1.331151
-1.326098
-1.326295
-1.329975
-1.326800
-1.334595
-1.323158
-1.326222
-1.325097
-1.326341
-1.331041
-1.325654
-1.329069
-1.334677
-1.329815
-1.327308
0.520951
-1.322003
-1.326413
-1.328341
-1.321895
-1.323586
-1.325134
-1.319803
-1.324941
-1.326632
-1.326836
-1.329421
-1.323892
-1.323046
-1.325200
-1.335635
-1.319139
-1.318880
-1.326132
-1.327809
-1.321960
-1.326186
-1.328940
-1.317988
-1.324542
-1.324577
-1.322662
-1.330418
-1.330272
-1.332248
-1.327299
-1.326169
-1.321189
-1.326026
-1.327651
-1.331081
-1.323303
-1.328426
-1.330879
-1.328237
-1.330298
-1.320942
-1.325175
-1.330087
-1.327872
-1.327192
-1.325784
-1.322831
-1.333829
-1.316089
-1.326443
-1.330475
-1.333727
-1.326551
-1.324070
-1.327197
-1.329129
-1.324828
-1.322622
-1.329333
-1.326754
-1.322288
-1.325013
-1.393631
-1.323002
-1.328019
-1.330929
-1.333635
-1.330217
-1.319876
-1.331523
-1.325862
-1.332460
-1.326693
-1.325016
-1.322494
-1.323357
-1.322803
-1.333506
-1.331162
-1.329272
-1.331337
-1.331369
-1.325363
-1.328073
-1.329733
-1.334246
-1.325252
-1.324920
-1.327248
-1.329219
-1.328170
-1.324558
-1.332060
-1.328647
-1.325724
-1.326032
-1.326408
-1.328309
-1.326343
-1.332499
-1.328844
-1.323743
-1.324291
-1.329588
-1.324160
-1.332141
-1.325526
-1.329664
-1.329955
-1.324127
-1.319491
-1.336232
-1.323337
-1.326735
-1.322063
-1.320670
-1.325967
-1.329027
-1.330629
-1.328950
-1.327983
-1.324675
-1.323027
-1.322318
-1.331839
-1.334263
-1.324779
-1.321467
-1.326404
-1.325629
-1.328552
-1.332511
-1.332281
-1.379074
-1.335905
-1.323156
-1.332916
-1.332864
-1.330066
-1.330790
-1.326942
-1.329831
-1.322691
-1.326547
-1.329636
-1.335471
-1.332212
-1.329489
-1.345834
-1.325153
-1.329277
-1.327962
-1.329569
-1.327524
-1.327615
-1.325837
-1.337196
-1.325277
-1.325706
-1.329270
-1.328711
-1.332213
-1.328356
-1.329183
-1.332054
-1.328408
-1.329930
-1.327836
-1.323530
-1.329395
-1.330367
-1.325102
-1.324781
-1.336304
-1.315412
-1.328719
-1.323360
-1.325792
-1.338973
0.651231
-1.325652
-1.335151
-1.331588
-1.324784
-1.321715
-1.351612
-1.328749
-1.324938
-1.328707
-1.327561
-1.327711
-1.329007
-1.324551
-1.321212
-1.329989
-1.332703
-1.322534
-1.328103
-1.327299
-1.329276
-1.333184
-1.326472
-1.328414
-1.325878
-1.347410
-1.330908
-1.327257
-1.328210
-1.329339
-1.325312
-1.330197
-1.324395
-1.323850
-1.328122
-1.329861
-1.327259
-1.325952
-1.326847
-1.329167
-1.329126
-1.329318
-1.332379
-1.329232
-1.327722
-1.330862
-1.391444
-1.329558
-1.338790
-1.327596
-1.323694
-1.336664
-1.329681
-1.328601
-1.329343
-1.324530
-1.326345
-1.323899
-1.328990
-1.326873
-1.327747
-1.341411
-1.333611
-1.325986
-1.332915
-1.323993
-1.329750
-1.329030
-1.322023
-1.324746
-1.325752
-1.341417
-1.325677
-1.320201
-1.324936
-1.328991
-1.316064
-1.342185
-1.325119
-1.333327
-1.328526
-1.326364
-1.335175
-1.326280
-1.331180
-1.327987
-1.330188
-1.335234
-1.324487
-1.324070
-1.325744
-1.323317
-1.325830
-1.331076
-1.320980
-1.330021
-1.328632
-1.321432
-1.324155
-1.325840
-1.332146
-1.363615
-1.326920
-1.329448
-1.325393
-1.329113
-1.330362
-1.329307
-1.326044
-1.326035
-1.325462
-1.332143
-1.324178
-1.332460
-1.327198
-1.333182
-1.326143
-1.334978
-1.321572
-1.325445
-1.329799
-1.328168
-1.327318
-1.326870
-1.323514
-1.329970
-1.327097
-1.323255
-1.324866
-1.328594
-1.329375
-1.327682
-1.327112
-1.326387
-1.330108
-1.335415
-1.326999
-1.329219
-1.319789
-1.324570
-1.325120
-1.327501
-1.330633
-1.326106
0.534060
-1.326224
-1.327249
-1.329532
-1.326997
-1.325885
-1.325975
-1.320327
-1.327885
-1.327438
-1.326110
0.554036
-1.322001
-1.327822
-1.326328
-1.331441
-1.328687
-1.329050
-1.323692
-1.324563
-1.322715
-1.323574
-1.330912
-1.328484
-1.326434
-1.326011
-1.327948
-1.320972
-1.333451
-1.327414
-1.339832
-1.325810
-1.328966
-1.331254
-1.326583
-1.330702
-1.330791
-1.322395
-1.329869
-1.329921
0.532657
-1.325538
-1.323826
-1.327477
-1.327657
-1.335454
-1.327601
-1.325564
-1.330105
-1.330526
-1.327681
-1.322386
-1.326197
-1.328375
-1.328505
-1.322351
-1.326269
-1.326778
-1.328832
-1.322934
-1.324483
-1.334644
-1.322806
-1.324831
-1.326099
-1.327734
-1.323670
-1.328024
-1.330650
-1.329522
-1.331788
-1.328108
-1.323982
-1.324342
-1.326498
-1.322937
-1.320414
-1.324795
-1.326298
-1.328245
-1.324921
-1.325290
-1.326319
-1.326742
-1.328572
-1.325576
-1.324933
-1.327876
-1.320895
-1.326879
-1.329068
-1.331800
-1.329836
-1.328974
-1.325855
-1.321645
-1.334808
-1.329318
-1.327053
-1.329336
-1.326590
-1.327542
-1.327374
-1.328251
-1.340532
-1.333764
-1.326072
-1.327164
-1.332935
-1.329313
-1.326437
-1.326523
-1.330911
-1.438243
-1.321913
-1.326907
-1.329775
-1.330049
-1.320202
-1.320572
-1.327018
-1.336843
-1.326069
-1.332151
-1.327135
-1.332169
-1.329214
-1.328421
-1.325853
-1.330528
-1.327523
-1.323756
-1.330484
-1.318807
-1.321010
-1.331282
-1.322577
-1.327016
-1.328747
-1.327470
-1.329238
-1.324633
-1.323453
-1.330193
-1.352151
-1.355779
-1.328713
-1.323475
-1.326423
-1.326032
-1.331195
-1.329230
-1.322239
-1.332977
-1.333331
-1.326790
-1.331891
-1.330234
-1.325738
-1.332114
-1.322169
-1.328544
-1.364366
-1.326956
-1.327329
-1.325146
-1.331146
-1.323998
-1.324001
-1.325835
-1.330629
-1.323286
-1.328510
-1.328870
-1.323581
-1.322816
-1.331416
-1.329592
-1.324506
-1.333895
-1.328996
-1.327480
-1.322284
-1.321285
-1.322835
-1.325439
-1.321981
-1.325916
-1.332709
-1.324975
-1.324099
-1.321867
-1.328941
-1.326499
-1.353314
-1.327581
-1.329366
-1.327136
-1.330673
-1.328114
-1.324365
-1.326004
-1.325372
-1.330012
-1.328316
-1.330032
-1.326457
-1.330285
-1.329087
-1.338243
-1.334920
-1.320858
-1.321420
-1.325910
-1.327186
-1.326712
-1.324073
-1.329543
-1.322650
-1.326858
-1.325628
-1.324305
-1.325149
-1.330574
-1.326403
-1.330238
-1.320983
-1.322299
-1.324125
-1.326170
-1.333245
-1.330430
-1.322238
-1.325051
-1.337442
-1.334328
-1.324197
-1.329669
-1.329854
-1.331966
-1.326282
-1.333990
-1.329674
-1.324921
-1.326942
-1.329544
-1.329160
-1.327706
-1.322411
-1.322160
-1.328605
-1.318620
-1.330749
-1.328445
-1.332103
-1.332457
-1.336405
-1.325389
-1.334336
-1.336811
-1.326490
-1.321655
-1.324090
-1.332560
-1.328949
-1.330212
-1.336301
-1.325529
-1.330866
-1.326982
-1.324085
-1.330913
-1.325853
-1.327903
-1.325132
-1.334897
-1.325960
-1.322567
-1.326459
-1.329300
-1.330927
-1.333655
-1.327371
-1.328228
-1.329694
-1.330942
-1.329643
-1.324272
-1.331389
-1.329449
-1.338844
-1.328085
-1.319095
-1.331157
-1.325791
-1.328370
-1.329537
-1.330674
-1.330666
-1.340307
-1.326276
-1.325416
-1.336388
-1.322835
-1.329123
-1.328474
-1.322198
-1.326355
-1.327613
-1.330362
-1.323978
-1.330025
-1.327413
-1.332475
-1.330490
-1.323977
-1.323765
-1.328758
-1.326873
-1.326511
-1.330569
-1.334318
-1.330813
-1.333384
-1.323265
-1.324996
-1.325718
0.519626
-1.332291
-1.322779
-1.327127
-1.338484
-1.331215
-1.332716
-1.325280
-1.329220
-1.327262
-1.325015
-1.327374
-1.327673
-1.324375
-1.324939
-1.333356
-1.326337
-1.327026
-1.323333
-1.325437
-1.332395
-1.327797
-1.330730
-1.330748
-1.326905
-1.324943
-1.327124
-1.329057
-1.322114
-1.331804
-1.327069
-1.326508
-1.331166
-1.329193
-1.329327
-1.322046
-1.320152
-1.328832
-1.330027
-1.325701
-1.325284
-1.329998
-1.331308
-1.323271
-1.321713
-1.318582
-1.344297
-1.328276
-1.328549
-1.330174
-1.329331
-1.338734
-1.329170
-1.325663
-1.358112
-1.322777
-1.316488
-1.326776
-1.334681
-1.353168
-1.330723
-1.323753
-1.321435
-1.333226
-1.326262
-1.327114
-1.331742
-1.329132
-1.327329
-1.325125
-1.331977
-1.327097
-1.335532
-1.325739
-1.325816
-1.349991
-1.320505
-1.332277
-1.327095
-1.325120
-1.331084
-1.335984
-1.326759
-1.325030
-1.326675
-1.327027
-1.333687
-1.332841
-1.327938
-1.324108
-1.329913
-1.357279
-1.329396
-1.325930
-1.327543
-1.331576
-1.337117
-1.322959
-1.319045
-1.334306
-1.330905
-1.328308
-1.333659
-1.329830
-1.364349
-1.325562
-1.337705
-1.327738
-1.330532
-1.328760
-1.327981
-1.328930
-1.328952
-1.324918
-1.321154
-1.325183
-1.329283
-1.327635
-1.324871
-1.325152
-1.329231
-1.328195
-1.329522
-1.329982
-1.327220
-1.327302
-1.334350
-1.331506
-1.323683
-1.347007
-1.324029
-1.328041
-1.323834
-1.328283
-1.323510
-1.332681
-1.323479
-1.329681
-1.336813
-1.330099
-1.327415
-1.328953
-1.327064
-1.335903
-1.336915
-1.324814
-1.318152
-1.327643
-1.325139
-1.324107
0.805573
-1.326922
-1.339298
-1.332080
-1.326559
-1.326024
-1.336222
-1.328365
-1.325607
-1.329748
-1.332035
-1.323795
-1.333250
-1.327843
-1.336784
-1.330119
-1.324114
-1.327499
-1.324237
-1.328163
-1.329297
-1.325280
-1.324094
-1.324411
-1.326926
-1.331071
-1.328970
-1.318962
-1.325283
-1.323838
-1.322268
-1.332043
-1.323677
-1.320361
-1.328753
-1.325277
-1.325618
-1.334108
-1.322636
-1.325542
-1.326887
-1.322355
-1.330518
-1.327581
-1.324739
-1.329316
-1.325482
-1.328574
-1.329109
-1.330205
-1.328734
-1.326496
-1.329460
-1.319561
-1.332066
-1.320244
-1.327700
-1.329619
-1.324665
-1.332319
-1.336387
-1.326975
-1.327245
-1.320052
-1.330634
-1.328379
-1.323116
-1.327608
-1.327000
-1.333565
-1.327382
-1.324753
-1.334799
-1.325264
-1.325888
-1.325070
-1.328340
-1.322001
-1.334977
-1.327726
-1.326517
-1.325530
-1.328131
-1.329189
-1.329984
-1.315872
-1.325151
-1.323564
-1.331871
-1.326879
-1.331172
-1.329918
-1.335223
-1.334936
-1.330229
-1.326052
-1.324214
-1.331921
-1.325840
-1.333341
-1.335680
-1.324117
-1.332422
0.766113
-1.322898
-1.322978
-1.330006
-1.325215
-1.327918
-1.329106
-1.328275
-1.328211
-1.335472
-1.330933
-1.322606
-1.335501
-1.325983
-1.324741
-1.336877
-1.326121
-1.331641
-1.333889
-1.339048
-1.326450
-1.334361
-1.336626
-1.353449
-1.331053
-1.325898
-1.326200
-1.333780
-1.328808
-1.327430
-1.331128
-1.327156
-1.325619
-1.328969
-1.327091
-1.321671
-1.330226
-1.332428
-1.328123
-1.325804
0.573092
-1.330975
-1.324352
-1.325163
-1.332166
-1.322814
-1.325381
-1.321139
-1.332353
-1.321378
-1.330113
-1.330411
-1.326639
-1.321693
-1.332062
-1.329310
-1.325204
-1.337111
-1.330694
-1.331508
-1.325316
-1.327552
-1.326489
-1.327319
-1.330998
-1.326632
-1.332653
-1.331449
-1.331201
-1.327100
-1.325183
-1.326680
-1.336715
-1.324748
-1.328103
-1.327232
-1.318423
-1.333713
-1.323367
-1.329420
-1.326963
-1.332285
-1.331379
-1.326594
-1.325927
-1.332147
-1.325637
-1.329595
-1.326359
-1.327242
-1.328136
-1.332479
-1.327777
-1.323814
-1.328634
-1.325593
-1.331858
-1.336497
-1.322253
-1.325752
-1.333301
-1.332075
-1.323787
-1.327999
-1.327430
-1.327267
-1.324481
-1.328405
-1.336583
-1.325651
-1.323860
-1.331807
-1.340850
-1.330266
-1.325256
-1.327217
-1.321383
-1.324245
-1.323502
-1.328361
-1.322246
-1.333436
-1.326076
-1.323842
-1.328817
-1.323244
-1.328896
-1.332463
-1.325644
-1.332338
-1.334957
-1.326928
-1.326959
-1.325598
-1.333064
-1.327986
-1.339955
-1.323213
-1.330307
-1.328259
-1.330984
-1.330773
-1.326560
-1.324938
-1.323239
-1.338627
-1.322039
-1.322881
-1.328059
-1.324494
-1.328611
-1.341717
-1.333208
-1.337645
-1.324346
-1.328738
-1.328316
-1.330213
-1.327248
-1.328861
-1.328771
-1.325422
-1.332163
-1.332855
-1.327564
-1.327254
-1.334421
-1.330307
-1.326776
-1.336126
-1.323456
-1.324517
-1.326281
-1.326451
-1.321153
-1.324217
-1.325158
-1.323672
-1.322380
-1.324273
-1.334539
-1.330242
-1.332061
-1.331354
-1.326372
-1.412364
-1.325416
-1.326052
-1.323834
-1.330823
-1.327720
-1.336093
-1.333289
0.521593
-1.320321
-1.324316
-1.335704
-1.327321
-1.323789
-1.331213
-1.331207
-1.319000
-1.333151
-1.327555
-1.324442
-1.327062
-1.322672
-1.328549
-1.328654
-1.327077
-1.329193
-1.326523
-1.336444
-1.326711
-1.327489
-1.342880
-1.328242
-1.333892
-1.329197
-1.323013
-1.324998
-1.330021
-1.328244
-1.327011
-1.327895
-1.327141
-1.329999
-1.318459
-1.327944
-1.326811
-1.320415
-1.331789
-1.327972
-1.322048
-1.326825
-1.322057
-1.332435
-1.331653
-1.326085
0.818022
-1.324554
-1.331227
-1.332239
-1.327763
-1.332643
-1.329552
-1.332760
-1.330457
-1.317831
-1.337777
-1.327210
-1.328227
-1.325515
-1.323176
-1.341540
-1.326849
-1.328793
-1.332289
-1.324100
-1.331980
-1.329145
-1.315243
-1.325553
-1.334892
-1.325706
-1.325626
-1.326270
-1.355652
-1.322373
-1.326491
-1.328513
-1.326094
-1.326306
-1.341523
-1.324752
-1.330595
-1.327428
-1.329387
-1.330301
-1.321282
-1.322421
-1.330551
-1.323896
-1.329843
-1.328314
-1.330949
-1.502195
-1.329403
-1.326507
-1.328494
-1.345773
-1.329286
-1.328461
-1.328203
-1.326110
-1.330278
-1.332919
-1.332463
-1.323704
-1.327578
-1.325749
-1.336194
-1.330330
-1.335024
-1.323151
-1.327399
-1.329270
-1.322697
-1.319539
-1.329056
-1.322348
-1.322858
-1.326359
-1.330542
-1.327477
-1.332963
-1.329523
-1.340421
-1.331163
-1.328950
-1.337836
-1.332818
-1.327087
-1.330135
-1.328733
-1.321129
-1.333419
-1.327878
-1.325628
-1.330083
-1.333944
-1.325191
-1.327573
-1.335833
-1.332974
-1.342339
-1.330321
-1.327882
-1.325405
-1.332110
-1.329625
-1.324444
-1.325953
-1.323307
-1.325208
-1.329860
-1.325765
-1.330951
-1.331506
-1.325506
-1.327314
-1.323466
-1.322815
-1.325267
-1.338962
-1.326511
-1.328626
-1.354679
-1.335336
-1.334928
-1.326721
-1.323996
-1.321071
-1.325121
-1.325303
-1.324579
-1.326570
-1.325505
-1.323720
-1.327067
-1.322938
-1.329689
-1.331224
0.519500
-1.328270
-1.336044
-1.321385
-1.334932
-1.330192
-1.326235
-1.330701
-1.315887
-1.329913
-1.335247
-1.331726
-1.326020
-1.327852
-1.327000
-1.329709
-1.327208
-1.331019
-1.329337
-1.324805
-1.323880
-1.330529
-1.329608
-1.329661
-1.322756
-1.326886
-1.319383
-1.332705
-1.324433
-1.331753
-1.328514
-1.327200
-1.328793
-1.334198
-1.327660
-1.336251
-1.334214
-1.327544
-1.328413
-1.325133
-1.335529
-1.321499
-1.324104
-1.331260
-1.328766
-1.326748
-1.328457
-1.327212
-1.331836
-1.327835
-1.333711
-1.325707
-1.330024
-1.326723
-1.323724
-1.323281
-1.327798
-1.330905
-1.321816
-1.321908
-1.323491
-1.332189
-1.324129
-1.321015
-1.330046
-1.323623
-1.323138
-1.322051
-1.331502
-1.325959
-1.328540
-1.334968
-1.326170
-1.322484
-1.327047
-1.331535
-1.330576
-1.322890
0.522811
-1.328534
-1.320469
-1.331797
-1.319938
-1.326359
-1.329166
-1.319513
-1.332704
-1.330591
-1.330107
-1.329789
-1.345258
-1.331115
-1.326722
-1.327380
-1.328101
-1.324343
-1.329640
-1.326673
-1.324883
-1.327345
-1.329810
-1.326903
-1.328861
-1.329201
-1.327972
-1.327870
-1.322814
-1.324117
-1.325376
-1.323477
-1.328117
-1.327302
-1.329541
-1.326912
-1.324364
-1.327903
-1.330194
-1.329608
-1.332561
-1.324433
-1.326710
-1.329911
-1.328854
-1.330254
-1.325069
-1.326633
-1.327105
-1.323478
-1.327372
-1.329833
-1.331537
-1.327220
-1.322850
-1.330375
-1.331474
-1.324670
-1.328874
-1.330184
-1.325995
-1.321505
-1.325484
-1.328453
-1.324910
-1.324819
-1.326872
-1.329569
-1.329161
-1.327339
-1.333119
-1.330962
-1.324482
-1.322266
-1.328929
-1.329975
-1.323204
-1.330230
-1.329680
-1.322717
-1.324035
-1.323771
-1.324935
-1.329116
-1.321474
-1.327759
-1.329059
-1.330153
-1.331168
-1.336513
-1.315824
-1.332834
-1.326975
-1.326582
-1.330318
-1.328220
-1.330835
-1.327220
-1.322601
-1.327313
-1.332696
-1.329368
-1.346183
-1.327435
-1.325184
-1.327805
-1.330774
-1.330148
-1.327854
-1.328532
-1.323091
-1.319358
-1.327889
-1.328982
-1.326284
-1.329999
-1.326705
-1.328364
-1.331241
-1.327382
-1.327956
-1.330946
-1.328329
-1.329633
-1.322072
-1.327252
-1.332330
-1.338287
-1.331419
-1.326026
-1.334615
-1.330704
-1.328545
-1.325646
-1.325051
-1.325800
-1.325111
-1.333141
-1.331612
-1.329432
-1.325941
-1.325951
-1.323356
-1.334454
-1.332141
-1.333842
-1.330079
-1.322185
-1.326339
-1.325652
-1.321361
-1.328339
-1.324107
-1.334871
-1.327997
-1.326219
-1.333727
-1.326825
-1.349149
-1.322842
-1.325695
-1.322443
-1.321654
-1.343793
-1.328822
-1.325028
-1.328827
-1.327364
-1.330587
-1.330531
-1.329688
-1.328034
-1.326399
-1.331505
-1.325666
-1.335556
-1.326186
-1.327321
-1.330447
-1.326815
-1.329111
-1.333697
-1.328083
-1.331357
-1.336399
-1.323036
-1.329058
-1.333417
-1.325356
-1.329202
-1.324077
-1.326994
-1.331843
-1.330233
-1.330978
-1.326815
-1.332887
-1.326035
-1.327675
-1.329889
-1.329969
-1.331796
-1.329923
-1.334914
-1.325464
-1.329399
-1.346983
-1.332878
-1.329853
-1.322139
-1.327959
-1.337694
-1.326062
-1.327000
-1.331846
-1.330291
-1.326250
-1.329016
-1.325200
-1.329754
-1.323155
-1.328925
-1.325719
-1.340161
-1.331635
-1.329971
-1.328331
-1.327035
-1.322697
-1.327167
-1.328126
-1.323949
-1.326730
-1.330372
-1.329161
-1.328231
-1.330545
-1.331190
-1.322450
-1.328120
-1.320306
-1.326530
-1.321629
-1.326621
-1.332893
-1.329719
-1.323501
-1.327291
-1.322885
-1.330292
-1.328731
-1.328579
-1.318761
-1.325067
-1.333531
-1.330092
-1.323504
-1.335650
-1.333366
-1.327516
-1.327825
-1.323069
-1.328061
-1.323948
-1.320817
-1.330550
-1.329841
-1.324214
-1.330378
-1.338005
-1.332762
-1.327359
-1.334724
-1.337246
-1.328651
-1.328277
-1.328131
0.569888
-1.336744
-1.326237
-1.327404
-1.324182
-1.326232
-1.321180
-1.331194
-1.324987
-1.327955
-1.327633
-1.323787
-1.327225
-1.325055
-1.333740
-1.329516
-1.326793
-1.324871
-1.326375
-1.328778
-1.331350
-1.326280
-1.330514
-1.328319
-1.327744
-1.328326
-1.325151
-1.332406
-1.333438
-1.327154
-1.328304
-1.320008
-1.329878
-1.329288
-1.328130
-1.325176
-1.325518
-1.325273
-1.325778
-1.335270
-1.328229
-1.333849
-1.328592
-1.335652
-1.324649
-1.335549
-1.328467
-1.333775
-1.325657
-1.336523
-1.323861
-1.331756
-1.321573
-1.325152
-1.324750
-1.336015
-1.326103
-1.334345
-1.330401
-1.322377
-1.323180
-1.325185
-1.323941
-1.328004
-1.327406
-1.330332
-1.330431
-1.330221
-1.330105
-1.327315
-1.327337
-1.326058
-1.326100
-1.326927
-1.326073
-1.329500
-1.328016
-1.327683
-1.321344
-1.333196
-1.322606
-1.330604
-1.327978
-1.325960
-1.325496
-1.328319
-1.329650
-1.325095
-1.323964
-1.329132
-1.328863
-1.331958
-1.359969
-1.335678
-1.333683
-1.320864
-1.334154
-1.325135
-1.332552
-1.331725
-1.337472
-1.326013
-1.329031
-1.327514
-1.327007
-1.329260
-1.325664
-1.328887
-1.325146
-1.338702
-1.329400
-1.325589
-1.334093
-1.326083
-1.337494
-1.324379
-1.328382
-1.323350
-1.320270
-1.333946
-1.330493
-1.325618
-1.332786
-1.328220
-1.325037
-1.327084
-1.329525
-1.334209
-1.327912
-1.326098
-1.328965
-1.328848
-1.330279
-1.324457
-1.324317
-1.328264
-1.325313
-1.327845
-1.324216
-1.322855
-1.334794
-1.325971
-1.328565
-1.330881
-1.324608
-1.324912
-1.323247
-1.333228
-1.335189
-1.331017
-1.327772
-1.329091
-1.330095
-1.353371
-1.331066
-1.334943
-1.333342
-1.322486
-1.324627
-1.328129
-1.326137
0.583936
-1.337976
-1.327542
-1.335393
-1.325864
-1.334007
-1.327962
-1.324368
-1.324849
-1.326571
-1.349330
-1.325554
-1.330533
-1.322005
-1.326993
-1.322889
-1.327705
-1.325909
-1.324021
-1.324798
-1.329125
-1.353266
-1.329791
-1.327451
-1.330817
-1.328473
-1.356104
-1.322036
-1.328745
-1.324685
-1.328857
-1.327133
-1.328414
-1.327381
-1.328451
-1.327449
-1.329838
-1.326374
-1.323712
-1.329218
-1.329005
-1.325783
-1.331839
-1.324966
-1.330064
-1.328811
-1.321570
-1.337885
-1.326468
-1.328449
-1.330255
-1.321959
-1.335842
-1.323059
-1.328819
-1.330566
-1.327605
-1.324074
-1.325673
-1.325929
-1.327602
-1.327876
-1.345072
-1.334811
-1.326755
-1.327116
-1.329464
-1.324037
-1.333043
-1.329849
-1.320088
-1.349178
-1.326741
-1.326064
-1.324441
-1.326801
-1.334194
-1.326571
-1.328181
-1.335548
-1.331936
-1.331657
-1.329346
-1.329652
-1.324458
-1.329736
-1.324335
-1.329787
-1.329528
-1.325956
-1.324996
-1.323042
-1.327343
-1.330168
-1.326649
-1.331806
-1.327180
-1.325139
-1.324201
-1.327167
-1.323612
-1.320439
-1.332153
-1.326424
-1.331847
-1.327778
-1.337115
-1.323467
-1.329866
-1.321884
-1.330872
-1.323317
-1.337154
-1.330818
-1.325719
-1.323447
-1.330951
-1.329185
-1.326518
-1.333060
-1.338570
-1.321680
-1.327506
-1.329348
-1.330617
-1.332781
-1.331110
-1.322595
-1.331105
-1.330103
-1.326219
-1.329369
-1.326827
-1.331663
-1.326644
-1.328596
-1.330979
-1.330396
-1.323720
-1.338691
-1.326522
-1.326344
-1.325711
-1.327219
-1.329089
-1.326546
-1.328280
-1.322384
-1.333616
-1.321984
-1.327046
-1.329206
-1.322480
-1.326312
-1.325125
-1.334954
-1.328777
-1.327654
-1.324279
-1.329327
-1.345007
-1.331424
-1.324627
-1.321824
-1.324400
-1.324468
-1.323550
-1.328237
-1.334956
-1.331675
-1.326007
-1.330742
-1.326323
-1.323308
-1.335996
-1.323983
-1.325888
-1.320013
-1.336284
-1.329264
-1.329397
-1.323388
-1.328132
-1.330018
-1.327055
-1.326326
-1.329979
-1.328804
-1.321298
-1.326456
-1.330774
-1.327859
-1.326976
-1.328325
-1.335167
-1.331857
-1.325759
-1.321374
-1.324601
-1.324756
-1.329656
-1.331041
-1.327967
-1.333210
-1.318131
-1.324202
-1.335760
-1.336285
-1.329919
-1.322420
-1.324369
-1.327047
-1.333808
-1.325327
-1.332078
-1.325758
-1.326804
-1.331597
-1.327788
-1.334094
-1.329029
-1.339923
-1.339218
-1.332159
-1.326410
-1.327599
-1.328532
-1.331797
-1.329192
-1.326469
-1.337221
-1.326939
-1.326444
-1.324664
-1.323373
-1.339591
-1.326202
-1.328594
-1.323806
-1.323995
-1.326595
-1.321771
-1.329283
-1.331007
-1.328354
-1.334983
-1.327734
-1.328340
-1.323012
-1.324955
-1.330823
-1.326614
-1.331098
-1.326703
-1.335843
-1.326269
-1.330760
-1.327952
-1.324663
-1.326705
-1.329183
-1.326448
-1.323548
-1.332918
-1.336322
-1.327426
-1.328801
-1.325250
-1.325344
-1.331408
-1.328706
-1.327026
-1.324389
-1.333875
-1.328233
-1.324432
-1.324957
-1.329508
-1.327716
-1.327678
-1.329106
-1.332363
-1.326092
-1.327546
-1.328637
-1.325306
-1.327504
-1.321880
-1.327943
-1.333372
-1.322105
-1.328212
-1.324552
-1.325652
-1.326392
-1.330439
-1.332417
-1.332395
-1.325181
-1.334271
-1.326341
-1.322500
-1.326435
-1.331111
-1.328156
-1.326897
-1.326914
-1.330080
-1.324753
-1.326005
-1.329079
-1.331682
-1.327709
-1.332231
-1.328894
-1.326159
-1.333736
-1.329173
-1.329871
-1.326412
-1.326129
-1.323477
-1.333444
-1.328183
-1.326537
-1.322872
-1.329629
-1.336173
-1.319813
-1.330040
-1.325855
-1.321018
-1.325300
-1.328924
-1.327582
-1.328742
-1.327493
-1.334312
-1.323609
-1.322717
-1.327056
-1.328558
-1.327209
-1.333611
-1.326079
-1.322949
-1.335368
-1.330364
-1.328668
-1.322949
-1.325109
-1.343036
-1.325103
-1.321095
-1.328456
-1.329847
-1.325896
-1.325753
-1.330893
-1.320724
-1.326973
-1.327911
-1.326628
-1.326874
-1.331744
-1.321802
-1.325935
-1.327541
-1.335086
-1.339647
-1.324091
-1.339962
-1.326562
-1.328080
-1.333444
-1.319226
-1.326317
-1.348951
-1.322687
-1.329854
-1.331832
-1.325588
-1.326718
-1.338440
-1.327514
-1.329152
-1.323841
-1.326360
-1.319910
-1.328756
-1.325369
-1.326271
-1.329024
-1.327094
-1.325547
-1.332513
-1.332407
-1.323267
-1.320154
-1.326627
-1.326666
-1.332320
-1.332623
-1.328589
-1.336067
-1.332291
-1.323820
-1.328952
-1.332240
-1.325998
-1.327946
-1.323368
-1.329694
-1.327380
-1.329767
-1.324281
-1.327353
-1.330571
-1.325701
-1.329604
-1.322906
-1.325975
-1.324980
-1.322245
-1.322461
-1.334034
-1.324445
-1.330585
-1.340587
-1.326928
-1.330185
-1.324845
-1.324583
-1.324137
-1.326463
-1.322886
-1.323663
-1.328686
-1.325426
-1.325296
-1.327945
-1.323734
-1.330434
-1.335619
-1.329448
-1.321210
-1.330565
-1.326539
-1.329778
-1.326586
-1.326495
-1.336519
-1.321982
-1.329403
-1.329577
-1.326910
-1.324050
-1.330185
-1.323934
-1.328137
-1.324063
-1.320601
-1.329280
-1.330090
-1.332387
-1.326887
-1.328516
-1.332823
-1.322553
-1.333749
-1.327434
-1.328940
-1.326833
-1.325546
-1.328621
-1.328663
-1.326480
-1.335799
-1.319625
-1.335362
-1.324907
-1.329455
-1.330461
-1.328596
-1.324676
-1.331276
-1.329139
-1.329953
-1.324517
-1.328061
-1.325853
-1.331330
-1.325768
-1.327191
-1.347276
-1.329070
-1.325633
-1.327331
-1.332353
0.549862
-1.331452
-1.325812
-1.321750
-1.328649
-1.325974
-1.323175
-1.329743
-1.331155
-1.332086
-1.321659
-1.330270
-1.322777
-1.328235
-1.325179
-1.327713
-1.323618
-1.329109
-1.324612
-1.330741
-1.325986
-1.356765
-1.328269
-1.326233
-1.328779
-1.327952
-1.331625
-1.329182
-1.324078
-1.322810
-1.329995
-1.324504
-1.325983
-1.329020
-1.328141
-1.329216
-1.341936
-1.327535
-1.328417
-1.332368
-1.326967
-1.323861
-1.334506
-1.319896
-1.325362
-1.326829
-1.324663
-1.330655
-1.321599
-1.333447
-1.327415
-1.327468
-1.328731
-1.329209
-1.325531
-1.323408
-1.324432
-1.327383
-1.329083
-1.324799
-1.336523
-1.326722
-1.324790
-1.326097
-1.333392
-1.321392
-1.335866
0.779534
-1.324716
-1.325342
-1.331434
-1.323319
-1.335705
-1.330691
-1.326902
-1.327852
-1.332818
-1.330294
-1.323032
-1.323086
-1.330460
-1.328225
-1.327967
-1.328715
-1.320429
-1.324052
-1.330303
-1.328525
-1.328999
-1.328016
-1.324067
-1.325952
-1.329339
-1.340915
-1.331026
-1.331043
-1.334291
-1.332689
-1.320656
-1.319738
-1.328544
-1.327463
-1.327726
-1.333886
-1.324781
-1.328726
-1.328733
-1.328695
-1.325992
-1.328395
-1.332733
-1.326387
-1.335709
-1.325018
-1.327677
-1.327283
-1.326025
-1.327267
-1.328323
-1.332728
-1.324035
-1.319226
-1.339666
-1.329050
-1.326026
0.531631
-1.329273
-1.322722
-1.335748
-1.327996
-1.329257
-1.326036
-1.317979
-1.324749
-1.327430
-1.339222
-1.325585
-1.330470
-1.325672
-1.325278
-1.329819
-1.327529
-1.332005
-1.325359
-1.330413
-1.324822
-1.328135
-1.327199
-1.328091
-1.325068
-1.326268
-1.323201
-1.323664
-1.333587
-1.323301
-1.324437
-1.323183
-1.324717
-1.326672
-1.330609
-1.330545
-1.326927
-1.323613
-1.325230
-1.331810
-1.320857
-1.329443
-1.326285
-1.324177
-1.325499
-1.323713
-1.323188
-1.318110
-1.329964
-1.333870
-1.326950
-1.330832
-1.317179
-1.322568
-1.326896
-1.325433
-1.321091
-1.322267
0.525938
-1.326063
-1.320035
-1.332172
-1.323016
-1.323242
-1.324606
-1.322974
-1.327052
-1.327387
-1.332814
-1.324846
-1.328166
-1.329557
-1.336545
-1.326145
-1.325060
-1.323688
-1.328557
-1.324704
-1.330183
-1.329098
-1.331469
-1.331381
-1.333406
-1.324120
-1.324949
-1.329498
-1.329880
-1.329691
-1.332216
-1.329997
-1.325171
-1.324853
-1.331333
-1.336317
-1.346483
-1.328627
-1.338123
-1.327608
-1.335258
-1.326287
-1.326174
-1.335686
-1.326024
-1.329863
-1.324091
-1.369903
-1.329017
-1.332429
-1.322833
-1.324772
-1.326395
-1.326796
-1.332161
-1.329992
-1.324263
-1.324805
-1.328046
-1.328263
-1.324234
-1.321406
-1.327529
-1.323349
-1.367829
-1.335383
-1.335907
-1.327547
-1.330210
-1.324671
-1.326947
-1.330093
-1.321498
-1.330884
-1.323783
-1.321519
-1.325098
-1.325276
-1.348535
-1.326245
-1.329949
-1.331105
-1.320734
-1.329764
-1.328359
-1.333071
-1.325392
-1.326071
-1.329953
-1.332785
-1.326364
-1.327540
-1.322235
-1.331391
-1.327925
-1.326960
-1.329492
-1.320870
-1.328206
-1.328114
-1.330923
-1.331547
-1.324882
-1.334959
-1.329365
-1.329555
-1.329122
-1.330734
-1.329944
-1.326590
-1.329611
-1.330969
-1.326185
-1.334685
-1.326036
-1.331539
-1.322360
-1.328102
-1.330519
-1.340635
-1.327765
-1.332619
-1.348826
-1.328061
-1.326167
-1.329055
-1.322020
-1.329415
-1.326246
-1.318872
-1.317470
-1.326743
-1.328615
-1.329158
-1.329728
-1.324665
-1.325990
-1.323711
-1.328382
-1.329354
-1.325604
-1.318284
-1.329853
-1.326040
-1.321652
-1.329760
-1.324227
-1.326293
-1.336555
-1.327076
-1.329309
-1.334244
-1.331812
-1.330649
-1.328764
-1.326253
-1.332595
-1.326372
-1.331280
-1.321098
-1.331008
-1.335393
-1.315462
-1.326188
-1.330758
-1.328963
-1.322745
-1.332040
-1.322894
-1.331775
-1.329766
-1.331793
-1.326941
-1.325510
-1.368819
-1.328278
-1.328725
-1.327000
-1.321256
-1.326346
-1.329516
-1.335636
-1.331706
-1.328744
-1.343885
-1.329308
-1.323193
-1.327582
-1.327913
-1.324498
-1.332486
-1.328203
-1.326661
-1.335938
-1.327641
-1.319917
-1.326326
-1.322040
-1.328635
-1.326067
-1.327430
-1.323394
-1.327508
-1.327592
-1.325710
-1.328783
-1.324590
-1.325985
-1.325156
-1.329413
-1.333458
-1.336196
-1.329226
-1.331066
-1.344918
-1.342201
-1.327864
-1.330080
-1.328438
-1.330589
-1.331831
-1.401393
-1.335979
-1.323318
-1.324543
-1.326753
-1.326292
-1.326126
-1.330094
-1.333885
-1.327948
-1.333028
-1.327749
-1.326863
-1.326865
-1.328584
-1.330612
-1.331729
-1.330677
-1.328553
-1.321706
-1.331511
-1.342463
-1.361751
-1.329944
-1.325443
-1.321355
-1.334093
-1.330264
-1.325632
-1.328497
-1.331592
-1.323837
-1.329460
-1.324809
-1.328676
-1.329022
-1.330840
-1.329543
-1.324261
-1.327450
-1.338659
-1.327514
-1.328313
-1.334645
-1.332502
-1.330498
-1.322683
-1.325608
-1.328989
-1.329255
-1.325581
-1.336542
-1.329752
-1.327902
-1.333224
-1.320851
-1.333989
-1.334509
-1.330468
-1.324491
-1.330688
-1.343455
-1.330219
-1.336283
-1.330829
-1.323185
-1.325815
-1.336665
-1.323929
-1.334814
-1.338880
-1.340832
-1.332007
-1.330460
-1.331320
-1.320402
-1.323147
-1.330149
-1.329855
-1.333022
-1.324906
-1.327407
-1.326259
-1.324047
-1.333707
-1.328907
-1.321289
-1.329738
-1.327863
-1.325762
-1.331991
-1.331324
-1.332462
-1.336597
-1.332232
-1.340327
-1.326313
-1.326347
-1.331464
-1.319877
-1.326735
-1.336800
-1.365396
-1.323011
-1.327600
-1.324103
-1.329184
-1.324639
-1.326646
-1.324958
-1.327977
-1.323124
-1.326918
-1.326699
-1.322056
-1.319963
-1.328075
-1.332698
-1.327803
-1.329109
-1.331374
-1.327044
-1.336156
-1.328139
-1.329191
-1.330188
-1.326106
-1.326852
-1.324331
-1.326413
-1.345627
-1.328244
-1.326075
-1.328247
-1.326038
-1.326555
-1.331113
-1.328888
-1.333033
-1.339140
-1.327750
-1.330943
-1.325732
-1.328917
-1.333904
-1.330516
-1.322478
-1.328328
-1.328653
-1.329018
-1.330162
-1.322954
-1.323251
-1.332724
-1.324753
-1.325622
-1.325440
-1.335969
-1.325428
-1.323687
-1.355068
-1.331020
-1.331294
-1.322743
-1.329754
-1.329646
-1.331346
-1.325847
-1.327275
-1.327365
-1.329274
-1.325363
-1.332587
-1.330610
-1.346248
-1.325991
-1.323468
-1.326505
-1.318242
-1.322051
-1.325905
-1.329592
-1.324670
-1.335332
-1.325024
-1.323685
-1.322944
-1.325035
-1.328345
-1.323132
-1.321425
-1.325542
-1.335106
-1.325652
-1.323412
-1.330828
-1.326112
-1.327885
-1.326195
-1.320209
-1.342100
-1.320310
-1.326535
-1.320456
-1.322175
-1.330462
-1.328151
-1.323989
-1.318823
-1.327035
-1.329069
-1.338182
-1.329224
-1.334476
-1.324210
-1.329348
-1.334193
-1.330485
-1.327883
-1.320847
-1.324533
-1.323707
-1.331507
-1.319692
-1.326327
-1.329539
-1.330176
-1.323625
-1.324625
-1.323757
-1.327281
-1.322396
-1.325198
-1.328597
-1.332302
-1.329140
-1.325439
-1.328274
-1.328127
-1.321440
-1.331429
-1.333947
-1.324007
-1.329986
-1.325907
-1.325906
-1.334925
-1.327435
-1.323019
-1.327239
-1.331883
-1.322755
-1.329915
-1.326297
-1.336367
-1.322692
-1.325644
-1.327642
-1.334631
-1.333615
-1.333156
-1.327258
-1.332778
-1.324949
-1.325802
-1.328549
-1.357632
-1.324978
-1.333106
-1.325980
-1.322445
-1.329769
-1.331260
-1.330529
-1.330909
-1.326361
-1.326420
-1.337992
-1.326794
-1.323845
-1.327474
-1.327136
-1.340739
-1.343033
-1.331102
-1.323115
-1.330477
-1.322934
-1.328890
-1.321865
-1.328816
-1.325533
-1.323434
-1.327901
-1.330551
-1.328022
-1.321927
-1.335202
-1.365171
-1.324735
-1.330600
-1.326460
-1.325269
-1.327078
-1.328161
-1.323854
-1.327066
-1.325659
-1.325900
-1.326740
-1.326488
-1.327416
-1.329536
-1.327515
-1.329386
-1.324421
-1.329568
-1.326739
-1.326163
-1.328042
-1.325422
-1.320863
-1.329233
-1.324731
-1.341547
-1.336797
-1.328197
-1.324967
-1.329162
-1.329723
-1.327880
-1.328878
-1.329641
-1.323292
-1.327515
-1.327864
-1.332715
-1.326431
-1.330532
-1.332107
-1.330821
-1.322985
-1.332197
-1.323841
-1.330936
-1.318286
-1.326400
-1.339494
-1.318683
-1.322094
-1.321879
-1.322265
-1.329712
-1.325762
-1.327197
-1.327222
-1.326199
-1.322161
-1.323991
-1.331723
-1.330719
-1.329299
-1.326767
-1.328492
-1.340090
-1.331742
-1.324091
-1.328995
-1.323529
-1.335289
-1.331891
-1.324853
-1.328093
-1.324760
-1.321013
-1.329489
-1.328602
-1.332636
-1.323886
-1.323898
-1.325376
-1.323459
-1.330430
-1.337429
-1.331560
-1.329205
-1.331861
-1.328156
-1.328080
-1.318861
-1.326457
-1.341920
-1.334143
-1.332503
-1.331995
-1.324297
-1.326486
-1.327187
-1.320550
-1.327358
-1.333410
-1.329405
-1.322211
-1.324087
-1.320963
-1.328716
-1.343449
-1.333934
-1.324215
-1.331220
-1.327809
-1.328149
-1.342539
-1.325499
-1.325965
-1.327100
-1.328780
-1.325712
-1.333875
-1.322538
-1.326843
-1.321554
-1.332478
-1.325836
-1.329635
-1.324045
-1.329855
-1.323253
-1.328152
-1.328314
-1.338720
-1.328089
-1.326329
-1.329366
-1.322158
-1.328150
-1.325848
-1.332291
-1.326917
-1.323024
-1.324665
-1.330867
-1.331198
-1.331151
-1.327037
-1.325205
-1.329531
-1.326628
-1.322867
-1.327435
-1.324906
-1.324660
-1.324256
-1.324147
-1.327348
-1.322940
-1.330120
-1.316984
-1.333764
-1.330424
-1.330128
-1.318567
-1.332475
-1.322239
-1.327270
-1.328102
-1.326973
-1.322986
-1.325606
-1.331912
-1.327923
-1.325901
-1.328505
-1.325811
-1.332861
-1.325887
-1.331068
-1.330897
-1.331725
-1.328760
-1.324445
-1.339761
-1.324655
-1.339044
-1.327651
-1.334403
-1.330361
-1.328493
-1.331272
-1.332882
-1.327117
-1.326361
-1.327944
-1.325623
-1.327819
-1.323916
-1.330128
-1.328778
-1.324523
-1.350252
-1.326886
-1.335686
-1.332270
-1.324375
-1.322602
-1.333125
-1.322336
-1.328484
-1.323948
-1.326824
-1.325021
-1.322927
-1.333432
-1.322656
-1.349050
-1.328010
-1.327426
-1.331509
-1.330716
-1.331010
-1.323873
-1.321535
-1.334233
-1.327281
-1.328213
-1.332034
-1.328223
-1.325359
-1.326892
-1.328115
-1.330783
-1.324450
-1.328799
-1.323900
-1.324597
-1.329464
-1.327661
-1.328543
-1.327438
-1.329469
-1.328514
-1.324868
-1.323210
-1.326712
-1.325292
-1.324583
-1.330771
-1.326977
-1.325645
-1.325457
-1.334220
-1.327321
-1.329889
-1.323015
-1.325402
-1.321402
-1.331844
-1.338521
-1.325755
-1.326537
-1.336884
-1.327612
-1.327146
-1.324682
-1.325235
-1.322152
-1.324572
-1.327029
-1.322074
-1.328672
-1.330944
-1.323052
-1.326380
-1.329574
-1.331286
-1.329335
-1.337083
-1.331058
-1.327664
-1.338461
-1.326030
-1.331467
-1.324666
-1.325969
-1.331082
-1.332665
-1.328022
-1.323863
-1.335603
-1.322690
-1.325888
-1.322879
-1.325483
-1.327452
-1.326138
-1.325193
-1.321603
-1.329342
-1.331275
-1.326506
-1.325628
-1.323741
-1.334948
-1.335241
-1.330850
-1.323638
-1.326070
-1.327776
-1.328888
-1.324000
-1.346369
-1.333401
-1.326693
-1.316268
-1.327499
-1.329185
-1.325149
-1.331070
-1.323547
-1.331132
-1.346181
-1.323526
-1.333332
-1.331016
-1.330342
-1.331316
-1.322266
-1.324621
-1.332997
-1.333973
-1.326877
-1.327497
-1.334522
-1.426608
-1.319368
-1.327806
-1.326699
-1.328647
-1.312036
-1.330482
-1.324310
-1.329002
-1.327531
-1.337941
-1.326171
-1.328838
-1.321279
-1.329749
-1.327453
-1.334166
-1.329329
-1.319940
-1.328331
-1.321520
-1.326938
-1.327890
-1.327484
-1.326880
-1.326892
-1.326063
-1.326609
-1.328454
-1.324468
-1.327643
-1.328511
-1.330846
-1.331405
-1.330521
-1.327819
-1.325590
-1.322453
-1.325257
-1.323934
-1.325153
-1.330224
-1.322444
-1.325791
-1.325954
-1.330820
-1.323191
-1.334324
-1.324806
-1.329681
-1.329174
-1.329600
-1.326867
-1.329210
-1.323532
-1.326612
-1.325898
-1.330268
-1.327386
-1.331068
-1.325557
-1.345586
-1.330373
-1.328444
-1.330175
-1.331506
-1.335012
-1.325843
-1.326847
-1.328323
-1.326360
-1.328021
-1.324368
-1.329226
-1.330511
-1.324757
-1.325040
0.571855
-1.329176
-1.322662
-1.325325
-1.332160
-1.327403
-1.333235
-1.329918
-1.321943
-1.325039
-1.332534
-1.321464
-1.324551
-1.323009
-1.321968
-1.325655
-1.328491
-1.332366
-1.329723
-1.329620
-1.329130
-1.322815
-1.336681
-1.328818
-1.331712
-1.332890
-1.321603
-1.326811
-1.325879
-1.332680
-1.326078
-1.328334
-1.333999
-1.327651
-1.323300
-1.330060
-1.325712
-1.326154
-1.335659
-1.329048
-1.325275
-1.324284
-1.327891
-1.323189
-1.329295
-1.322233
-1.332014
-1.325412
-1.342795
-1.329881
-1.331979
-1.335208
-1.328845
-1.317741
-1.331969
-1.326546
-1.330050
-1.331316
-1.335246
-1.326963
-1.325122
-1.328036
-1.326364
-1.323938
-1.323994
-1.328313
-1.334472
-1.328057
-1.327962
-1.347854
-1.330776
-1.322652
-1.324992
-1.336243
-1.331765
-1.334020
-1.328382
-1.332127
-1.327649
-1.323101
-1.328660
-1.329647
-1.332393
-1.330815
-1.328858
-1.326451
-1.331062
-1.324032
-1.332654
-1.325139
-1.326959
-1.326922
-1.329780
-1.326080
-1.325063
-1.319684
-1.334300
-1.323603
-1.325131
-1.324624
-1.338209
-1.327871
-1.329277
-1.333694
-1.328180
-1.328499
-1.325781
-1.328130
-1.323766
-1.326676
-1.314114
-1.329766
-1.322957
-1.335066
-1.326071
-1.323292
-1.324700
-1.331161
-1.331489
-1.329581
-1.330626
-1.329218
-1.322682
-1.327856
-1.325648
-1.328012
-1.329516
-1.327091
-1.323923
-1.324644
-1.329281
-1.330318
-1.331542
-1.325950
-1.326862
-1.331523
-1.327311
-1.333980
-1.331193
-1.323623
-1.331985
-1.320970
-1.330539
-1.321335
-1.323587
-1.327688
-1.328142
-1.331062
-1.335018
-1.323103
-1.328565
-1.329610
-1.338116
-1.328372
-1.328986
-1.326497
-1.326780
-1.319849
-1.327692
-1.325473
-1.324779
-1.326396
0.606443
-1.327515
-1.325164
-1.333244
-1.326868
-1.328689
-1.333344
-1.337279
-1.324934
-1.322342
-1.331106
-1.324925
-1.347928
-1.324390
-1.322622
-1.331891
-1.331310
-1.328277
-1.337736
-1.325689
-1.323544
-1.330911
-1.325066
-1.330841
-1.328465
-1.333623
-1.327213
-1.329702
-1.336534
-1.328757
-1.326634
-1.335868
-1.325007
-1.323614
-1.324321
-1.325503
-1.332997
-1.326856
-1.324897
-1.333844
-1.323812
-1.334285
-1.325932
-1.332310
-1.327559
-1.323898
-1.331679
-1.333363
-1.325812
-1.330293
-1.327274
-1.323786
-1.328659
-1.332691
-1.325080
-1.326960
-1.334655
-1.331825
-1.329270
-1.330767
-1.325574
-1.326395
-1.328558
-1.327029
-1.340029
-1.321546
-1.328820
-1.333536
-1.317690
-1.325192
-1.328200
-1.330359
0.534713
-1.327809
-1.331055
-1.329499
-1.330123
-1.329523
-1.325463
-1.337762
-1.331027
-1.324764
-1.328852
-1.327518
-0.798667
-1.320231
-1.322127
-1.333072
-1.322828
-1.322365
-1.330239
-1.330176
-1.327593
-1.328426
-1.324300
-1.318960
-1.329369
-1.330910
-1.324139
-1.326035
-1.324489
-1.330069
-1.327736
-1.323569
-1.331457
-1.326862
-1.328446
-1.338821
-1.335999
-1.322148
-1.327830
-1.327691
-1.334246
-1.326415
-1.329140
-1.327397
-1.322698
-1.329873
-1.329777
-1.324106
-1.326074
-1.329461
-1.322869
-1.326398
-1.322825
-1.323370
-1.327583
-1.326617
-1.325095
-1.326837
-1.326840
-1.323060
-1.328273
-1.329287
-1.328463
-1.331570
-1.328979
-1.328222
-1.328976
-1.327343
-1.328774
-1.322820
-1.328225
-1.330995
-1.325175
-1.333110
-1.322597
-1.325752
-1.328772
-1.326246
-1.327263
-1.329882
-1.332449
-1.330856
-1.325517
-1.325240
-1.329463
-1.324509
-1.326601
-1.319145
-1.327951
-1.322954
-1.327376
-1.329172
-1.326160
-1.326198
-1.327552
-1.326885
-1.329359
-1.323491
-1.326853
-1.324054
-1.328169
-1.324011
-1.328488
-1.329564
-1.325926
-1.327665
-1.328253
-1.331295
-1.327493
-1.322718
-1.323301
-1.330018
-1.325077
-1.330706
-1.321354
-1.334543
-1.322671
-1.327761
-1.325356
-1.327249
-1.335084
-1.332956
-1.333568
-1.333024
-1.328147
-1.323200
-1.329304
-1.325392
-1.326085
-1.321436
-1.324544
-1.326240
-1.333044
-1.319483
-1.329577
-1.319450
-1.329514
-1.324891
-1.325004
-1.331597
-1.335660
-1.326725
-1.324615
-1.323211
-1.326799
-1.327973
-1.334562
-1.332595
-1.339546
-1.371082
-1.334706
-1.323478
-1.324218
-1.327198
-1.331443
-1.328166
-1.334141
-1.324570
-1.321545
-1.325843
-1.336397
-1.323718
-1.323071
-1.324661
-1.331232
-1.327495
-1.330917
-1.326244
-1.326150
-1.325891
-1.485458
-1.321874
-1.324507
-1.327649
-1.326180
-1.329145
-1.331113
-1.334372
-1.322330
-1.324706
-1.330301
-1.343181
-1.323579
-1.322949
-1.337751
-1.325282
-1.316837
-1.327786
-1.324009
-1.326876
-1.325630
-1.328380
-1.320479
-1.320817
-1.332541
-1.329593
-1.324228
-1.321681
-1.328039
-1.326441
-1.346620
-1.324633
-1.331788
-1.328105
-1.324237
-1.332849
-1.324544
-1.324957
-1.332174
-1.331837
-1.321056
-1.327303
-1.327866
-1.325306
-1.323798
-1.320264
0.553614
-1.323891
-1.328011
-1.337079
-1.323615
-1.324896
-1.335425
-1.329145
-1.323971
-1.329613
-1.326456
-1.352811
-1.324776
-1.326704
-1.322987
-1.326662
-1.324048
-1.331112
-1.338595
-1.329522
-1.330261
-1.329306
-1.333650
-1.349168
-1.323941
-1.333162
-1.335859
-1.324370
-1.328004
-1.323306
-1.327305
-1.326714
-1.328392
-1.327242
-1.325044
-1.332852
-1.323767
-1.333068
-1.328609
-1.329873
-1.322311
-1.325537
-1.321357
-1.329661
-1.331683
-1.357507
-1.323083
-1.325278
-1.329113
-1.330224
-1.324430
-1.321726
-1.329603
-1.321022
-1.326333
-1.327989
-1.330097
-1.322604
-1.327840
-1.328482
-1.328568
-1.323451
-1.327519
-1.331340
-1.328067
-1.332591
-1.326512
-1.330716
-1.324039
-1.331701
-1.329560
-1.327359
-1.329983
-1.329706
-1.338921
-1.320617
-1.322400
-1.331751
-1.332018
-1.330733
-1.384731
-1.329556
-1.326543
-1.338057
-1.327728
-1.331309
0.570716
-1.322775
-1.336732
-1.327146
-1.328106
-1.328516
-1.325157
-1.330104
-1.336968
-1.333414
-1.322632
-1.325328
-1.321146
-1.330666
-1.327134
-1.328240
-1.327860
-1.322056
-1.327561
-1.328255
-1.333184
-1.319880
-1.325254
-1.325164
-1.327599
-1.325516
-1.333627
-1.329806
-1.329361
-1.332653
-1.334128
-1.322889
-1.319856
-1.320303
-1.327836
-1.332826
-1.330231
-1.326004
-1.324735
-1.328071
-1.332296
-1.328715
-1.330500
-1.323337
0.535890
-1.326200
-1.322898
-1.334488
-1.323632
-1.332920
-1.324617
-1.334874
-1.335392
-1.327440
-1.327374
-1.320022
-1.328531
-1.323903
-1.334618
-1.326679
-1.331773
-1.325840
-1.329592
-1.330615
-1.332177
-1.332197
-1.326400
-1.337315
-1.331637
-1.328418
-1.329530
-1.322772
-1.332607
-1.332068
-1.326163
-1.327151
-1.324863
-1.333853
-1.325185
-1.333644
-1.331605
-1.323392
-1.331988
-1.327858
-1.342240
-1.328879
-1.331150
-1.328137
-1.324714
-1.317602
-1.329019
-1.324172
-1.326137
-1.325265
-1.326302
-1.332832
-1.317336
-1.320245
-1.335133
-1.325205
-1.324003
-1.327971
-1.327140
-1.324977
-1.313681
-1.352733
-1.326443
-1.327080
-1.322271
-1.330366
-1.328053
-1.329073
-1.327933
-1.321360
-1.327880
-1.321159
-1.323838
-1.326128
-1.351418
-1.323747
-1.325783
-1.329353
-1.320256
-1.331972
-1.323476
-1.326542
-1.325547
-1.331118
-1.329077
-1.332485
-1.326972
-1.328196
-1.333676
-1.322634
-1.333615
-1.326973
-1.323952
-1.329769
-1.327196
-1.338453
-1.325849
-1.324984
-1.327134
-1.325626
-1.329802
-1.325144
-1.332805
-1.325500
-1.326451
-1.327820
-1.328094
-1.329384
-1.332056
-1.323503
-1.327859
-1.326932
-1.329775
-1.327259
-1.325704
-1.323834
-1.338903
-1.320861
-1.332592
-1.325085
-1.323955
-1.325539
-1.328519
-1.321555
-1.326457
-1.332318
-1.328247
-1.336109
-1.323458
-1.324344
-1.334117
-1.327959
-1.331539
-1.330892
-1.335199
-1.330798
-1.323841
-1.333267
-1.327080
-1.331650
-1.327596
-1.326192
-1.320670
-1.331839
-1.323955
-1.324071
-1.324437
-1.332983
-1.332750
-1.334479
-1.328550
-1.338330
-1.325995
-1.327887
-1.320632
-1.329891
-1.326976
-1.326602
-1.324878
-1.327384
-1.338512
-1.325721
-1.327383
-1.325996
-1.325314
-1.329444
-1.335808
-1.323987
-1.329997
-1.328580
-1.324889
-1.325345
-1.329745
-1.322504
-1.322690
-1.322310
-1.329426
-1.325309
-1.323520
-1.323394
-1.327798
-1.342035
-1.326057
-1.327758
-1.316735
-1.376756
-1.323811
-1.322336
-1.324992
-1.325377
-1.321985
-1.330205
-1.325867
-1.326829
-1.330484
-1.328101
-1.320386
-1.327349
-1.322396
-1.329242
-1.325378
-1.331098
-1.345457
-1.348079
-1.323900
-1.335887
-1.321956
-1.334260
-1.338773
-1.326812
-1.326442
-1.333794
-1.333491
-1.323719
-1.327393
-1.324711
-1.326634
-1.329718
-1.322620
-1.322047
-1.331413
-1.333092
-1.327201
-1.325528
-1.324050
-1.327293
-1.338679
-1.329651
-1.330656
-1.321553
-1.325530
-1.325626
-1.329771
-1.327928
-1.334870
-1.326497
-1.325289
-1.331721
-1.335671
-1.321433
-1.331993
-1.334132
-1.324940
-1.328340
-1.325821
-1.324100
-1.327391
-1.330788
-1.327836
-1.331139
-1.318305
-1.328382
-1.328857
-1.330177
-1.330007
-1.326842
-1.328417
-1.323128
-1.325624
-1.327355
-1.331899
-1.328401
-1.324874
-1.325636
-1.327903
-1.327449
-1.321071
-1.324959
-1.327843
-1.327562
-1.325974
-1.334632
-1.323909
-1.332832
-1.327520
-1.333862
-1.327286
-1.319184
-1.333096
-1.329643
-1.329127
-1.324364
-1.326062
-1.332544
-1.325147
-1.328894
-1.325662
-1.329160
-1.326390
-1.320419
-1.319742
-1.333615
-1.336985
-1.330169
-1.326496
-1.321726
-1.327769
-1.332097
-1.327083
-1.319113
-1.327295
-1.327925
-1.326475
-1.329461
-1.324490
-1.355921
-1.328075
-1.326208
-1.327599
-1.326150
-1.328904
-1.331540
-1.324623
-1.327032
-1.340542
-1.324963
-1.331543
-1.328664
-1.331675
-1.327429
-1.322148
-1.326981
-1.324331
-1.318505
-1.327350
-1.323392
-1.333801
-1.335328
-1.326798
-1.324241
-1.328677
-1.331217
-1.329025
-1.336621
-1.330226
-1.341711
-1.341317
-1.351349
-1.325430
-1.332022
-1.331737
-1.325680
-1.327009
-1.327251
-1.368535
-1.317849
-1.329149
-1.330384
-1.333235
-1.340751
-1.323416
-1.329198
-1.327498
-1.322650
-1.326642
-1.326917
-1.332249
-1.332963
-1.326352
-1.327062
-1.331421
-1.336438
-1.322341
-1.328467
-1.323946
-1.326985
-1.323819
-1.329954
-1.322781
-1.332080
-1.329675
-1.323270
-1.327712
-1.330261
-1.327267
-1.319761
-1.322163
-1.331963
-1.333766
-1.330652
-1.323489
-1.322259
-1.327216
-1.324034
-1.328924
-1.326805
-1.324553
-1.326153
-1.326016
-1.325818
-1.332265
-1.327632
-1.327793
-1.319809
-1.336886
-1.337657
-1.323589
-1.324765
-1.325320
-1.322140
-1.331205
-1.326965
-1.336878
-1.323680
-1.326323
-1.326118
-1.329129
-1.328596
-1.336305
-1.335890
-1.326706
-1.329865
-1.372212
-1.333233
-1.327228
-1.331305
-1.328568
-1.333861
-1.333923
-1.328846
-1.324685
-1.324939
-1.327414
-1.327510
-1.331417
-1.326009
-1.324557
-1.327984
-1.330149
-1.339916
0.520466
-1.329721
-1.329045
-1.328085
-1.330888
-1.329003
-1.331446
-1.327935
-1.324614
-1.330380
-1.320264
-1.329682
-1.325746
-1.325993
-1.322309
-1.329351
-1.331254
-1.321631
-1.329039
-1.326526
-1.329213
-1.323773
-1.324797
-1.345955
-1.342267
-1.332658
-1.330272
-1.328679
-1.332703
-1.318089
-1.339189
-1.330140
-1.323867
-1.326531
-1.333104
-1.330132
-1.327894
-1.397519
-1.333155
-1.327241
-1.329040
-1.331430
-1.323830
-1.326869
-1.331279
-1.326368
-1.324841
-1.325691
-1.322623
-1.332670
-1.320556
-1.330999
-1.356120
-1.328712
-1.327872
-1.332059
-1.352898
-1.329884
-1.327040
-1.330456
-1.334435
-1.323569
-1.323118
-1.330051
-1.327157
-1.329724
-1.321156
-1.320587
-1.323785
-1.325076
-1.324868
-1.329278
-1.327114
-1.323389
-1.327985
-1.335704
-1.323534
-1.331059
-1.324743
-1.327402
-1.332590
-1.321985
-1.326003
-1.326419
-1.321452
-1.328355
-1.324841
-1.328479
-1.323401
-1.331721
-1.322634
-1.333560
-1.332440
-1.326848
-1.342551
-1.330387
-1.327830
-1.327633
-1.334828
-1.320311
-1.331017
-1.323469
-1.327313
-1.323777
-1.325002
-1.331484
-1.325438
-1.328509
-1.331344
-1.328208
-1.324246
-1.323630
-1.329494
-1.330194
-1.324679
-1.329566
-1.326862
-1.329084
-1.327526
-1.330965
-1.332323
-1.328095
-1.322733
-1.332536
-1.333073
-1.324677
-1.333453
-1.331619
-1.327413
-1.327609
-1.324475
-1.328496
-1.333563
-1.325613
-1.330396
-1.331692
-1.327244
-1.322702
-1.315108
0.677981
-1.331465
-1.322237
-1.330525
-1.330381
-1.339146
-1.321317
-1.343211
-1.322842
-1.330613
-1.324868
-1.336256
-1.323743
-1.334591
-1.326050
-1.322087
-1.325470
-1.334562
-1.324485
-1.321603
-1.325223
-1.328438
-1.325843
-1.333019
-1.329605
-1.345263
-1.327239
-1.330704
-1.332651
-1.324058
-1.329935
-1.328925
-1.332593
-1.330788
-1.330902
-1.329135
-1.322254
-1.321343
-1.323146
-1.325176
-1.326882
-1.330375
-1.329937
-1.325104
-1.333172
-1.327916
-1.331923
-1.335666
-1.325487
-1.323946
-1.331375
-1.332981
-1.321634
-1.332489
-1.326118
-1.325514
-1.329967
-1.325906
-1.325489
-1.330956
-1.327252
-1.331433
-1.333727
-1.326459
-1.332305
-1.322564
-1.325869
-1.326609
-1.328419
-1.324445
-1.331533
-1.331479
-1.325664
-1.321673
-1.327574
-1.337666
-1.333848
-1.323746
-1.328014
-1.331174
-1.326345
-1.331744
-1.327145
-1.322422
-1.327369
-1.324638
-1.329412
-1.323455
-1.321831
-1.329185
-1.328596
-1.326435
-1.336624
-1.328779
-1.322906
-1.328238
-1.328805
-1.342660
-1.323753
-1.327060
-1.331094
-1.322688
-1.326688
-1.319593
-1.328648
-1.328913
-1.327757
-1.335972
-1.322812
-1.327888
-1.332687
-1.331823
-1.327780
-1.328420
-1.324896
-1.328073
-1.327286
-1.324089
-1.327751
-1.320784
-1.332172
-1.331250
-1.330523
-1.327665
-1.323192
-1.327247
-1.323740
-1.330242
-1.328718
-1.326690
-1.327249
-1.332864
-1.330217
-1.329592
-1.324710
-1.323947
-1.322162
-1.318012
-1.322895
-1.324068
-1.317278
-1.325096
-1.330428
-1.334249
-1.328176
-1.328349
-1.328300
-1.324276
-1.333268
-1.332018
-1.330423
-1.323441
-1.332596
-1.320845
-1.326674
-1.332345
-1.320125
-1.330854
-1.328780
-1.329407
-1.391839
-1.323463
-1.326973
-1.328746
-1.323612
-1.319873
-1.329099
-1.327567
-1.327757
-1.323717
-1.321632
-1.329463
-1.324515
-1.322702
-1.325995
-1.322089
-1.328607
-1.328517
-1.331480
-1.333567
-1.318767
-1.329486
-1.328726
-1.326984
-1.325430
-1.330437
-1.326325
-1.331535
-1.323395
-1.332170
-1.327223
-1.326188
-1.327186
-1.327472
-1.329447
-1.328234
-1.322637
-1.327302
-1.327524
-1.328124
-1.328814
-1.329780
-1.320614
-1.327298
-1.321184
-1.334062
-1.328470
-1.330390
-1.331409
-1.339349
-1.334230
-1.325067
-1.328600
-1.329060
-1.326539
-1.349108
-1.331868
-1.337119
-1.333085
-1.337949
-1.323262
-1.328504
-1.324235
-1.330840
-1.455956
-1.331865
-1.329053
-1.323885
-1.333597
-1.329269
-1.326833
-1.327284
-1.327445
-1.329577
-1.324270
-1.329911
-1.331960
-1.324814
-1.325339
-1.320591
-1.328881
-1.318455
-1.323673
-1.331259
-1.325206
-1.327099
-1.332218
-1.332413
-1.327073
-1.323050
-1.329274
-1.318392
-1.328376
-1.332621
-1.334811
-1.331491
-1.322951
-1.324690
-1.323491
-1.324846
-1.327378
-1.327285
-1.324541
-1.321908
-1.327054
-1.328527
-1.328671
-1.327939
-1.320676
-1.331201
-1.327026
-1.327604
-1.323637
-1.326194
-1.327548
-1.322976
-1.323825
-1.328757
-1.339844
-1.328752
-1.330368
-1.322012
-1.328775
-1.342244
-1.326551
-1.328355
-1.330848
-1.327320
-1.325003
-1.326083
-1.325542
-1.328406
-1.330228
-1.327169
-1.333288
-1.331899
-1.322509
-1.325876
-1.332006
-1.326833
-1.328093
-1.327088
-1.326955
-1.317743
-1.324863
-1.334807
-1.331544
-1.327224
-1.322613
-1.331634
-1.323715
-1.330427
-1.323732
-1.321307
-1.330936
-1.323420
-1.330957
-1.327976
-1.332966
-1.322467
-1.326634
-1.328343
-1.323446
-1.326704
-1.324530
-1.329845
-1.338696
-1.331831
-1.320626
-1.326698
-1.324815
-1.323192
-1.337175
-1.328219
-1.343481
-1.325125
-1.326366
-1.331372
-1.342803
-1.329739
-1.332092
-1.327493
-1.329660
-1.331414
-1.330748
-1.330460
-1.320824
-1.325957
-1.332349
-1.322426
-1.326556
-1.333684
-1.328120
-1.327111
-1.326404
-1.321057
-1.330921
-1.323062
-1.328740
-1.326284
-1.326933
-1.324301
-1.327594
-1.325994
-1.327145
-1.328180
-1.331485
-1.321322
-1.327925
-1.338369
-1.330664
-1.356255
-1.331030
-1.321853
-1.331893
-1.326476
-1.325841
-1.325416
-1.330348
-1.332739
0.633420
-1.331300
-1.322570
-1.326712
-1.330680
-1.327223
-1.329310
-1.328978
-1.323472
-1.331451
-1.323821
-1.327770
-1.326797
-1.324853
-1.324822
-1.320288
-1.324256
-1.331992
-1.334216
-1.323933
-1.328901
-1.335646
-1.327019
-1.330140
-1.332040
-1.331817
-1.324974
-1.326676
-1.336038
-1.326695
-1.325019
-1.333738
-1.327558
-1.329163
-1.333743
-1.329925
-1.327173
-1.330220
-1.327489
-1.328527
-1.340490
-1.326568
0.587426
-1.333777
-1.330905
-1.324146
-1.321558
-1.329901
-1.332809
-1.325873
-1.321176
-1.329286
-1.329309
-1.330445
-1.325199
-1.324367
-1.329158
-1.328166
-1.332443
-1.326834
-1.323160
-1.328844
-1.327858
-1.328552
-1.330806
-1.332551
-1.330655
-1.335080
-1.333881
-1.334265
-1.325845
-1.334510
-1.336533
-1.328283
-1.322323
-1.330321
-1.326997
-1.330496
-1.323972
-1.330350
-1.324457
-1.326652
-1.333021
-1.330955
-1.334341
-1.326952
-1.329565
-1.328960
-1.322093
-1.320615
-1.322104
-1.328473
-1.321789
-1.333007
-1.330186
-1.322860
-1.326094
-1.321171
-1.323700
-1.325112
-1.329384
-1.334664
-1.334158
-1.330258
-1.326287
-1.329023
-1.325306
-1.324159
-1.329120
-1.326314
-1.326830
-1.341792
-1.328131
-1.330007
-1.329923
-1.323623
-1.327113
-1.327953
-1.329219
-1.326918
-1.327346
-1.333866
-1.325939
-1.329852
-1.327559
-1.325169
-1.321621
-1.327510
-1.334540
-1.332530
-1.323755
-1.333719
-1.329267
-1.330699
-1.325590
-1.323568
-1.325673
-1.323559
-1.330011
-1.335298
-1.323006
-1.325584
-1.333089
-1.325480
-1.331825
-1.330167
-1.321186
-1.324801
-1.339793
-1.327871
-1.328940
-1.330708
-1.329147
-1.321222
-1.330765
-1.331108
-1.330997
-1.325218
-1.326911
-1.332216
-1.326446
-1.323184
-1.323575
-1.328110
-1.329571
-1.331218
-1.332541
-1.325355
-1.329603
-1.322066
-1.330538
-1.330805
-1.331067
-1.330004
-1.321043
-1.331449
-1.333790
-1.326327
-1.328011
-1.327517
-1.324902
-1.330640
-1.323520
-1.323638
-1.335659
-1.325562
-1.324149
-1.324483
-1.331035
-1.324401
-1.332531
-1.326215
-1.340822
-1.321072
-1.328388
-1.329862
-1.330782
-1.334127
-1.336239
-1.326059
-1.332186
-1.327497
-1.330922
-1.321891
-1.325067
-1.326787
-1.326902
-1.327203
-1.325199
-1.328697
-1.333436
-1.327441
-1.328750
-1.344057
-1.330912
-1.327286
-1.323122
-1.327974
-1.328584
-1.331290
-1.325461
-1.323481
-1.318992
-1.330260
-1.327180
-1.330672
-1.324847
-1.332815
-1.329907
-1.328597
-1.331622
-1.327833
-1.330197
-1.325708
-1.327024
-1.333345
-1.316269
-1.329117
-1.324692
-1.327751
-1.327163
-1.325341
-1.325830
-1.330863
-1.325871
-1.330279
-1.320616
-1.327538
-1.327098
-1.325787
-1.325378
-1.340758
-1.327128
-1.330362
-1.329536
-1.330164
-1.329019
-1.328206
-1.325766
-1.323152
-1.325435
-1.330698
-1.324582
-1.330910
-1.321943
-1.334524
-1.320728
-1.332608
-1.323052
-1.335894
-1.334288
-1.325543
-1.332417
-1.321269
-1.321640
-1.329576
-1.333442
-1.331259
-1.324414
-1.340654
-1.325883
-1.328034
-1.328546
-1.327355
-1.325306
-1.325323
-1.329913
-1.325191
-1.334936
-1.324837
-1.323967
-1.331202
-1.324297
-1.334740
-1.327655
-1.328895
-1.331056
-1.322779
-1.329728
-1.329177
-1.327035
-1.325407
-1.320931
-1.324270
-1.322705
-1.320117
-1.328150
-1.326290
-1.323791
-1.325847
-1.325119
-1.319399
-1.336239
-1.325787
-1.324928
-1.328881
-1.327466
-1.327707
-1.325594
-1.331302
-1.326464
-1.328851
-1.324918
-1.332169
-1.327262
-1.329729
-1.329694
-1.329581
-1.326173
-1.325684
-1.329412
-1.335441
-1.320098
-1.321971
-1.318019
-1.322354
-1.324191
-1.324471
-1.331387
-1.322993
-1.330348
-1.333614
-1.322844
-1.323562
-1.320252
-1.332086
-1.321058
-1.326124
-1.340071
-1.326025
-1.332295
-1.325971
-1.327588
-1.327290
-1.322864
-1.332835
-1.324911
-1.321323
-1.325990
-1.326652
-1.334086
-1.367508
-1.326572
-1.329895
-1.344365
-1.326759
-1.331843
-1.334484
-1.348081
-1.322991
-1.329410
-1.335420
-1.327790
-1.328642
-1.326720
-1.323200
-1.326599
-1.325437
-1.330541
-1.325765
-1.323191
-1.324170
-1.331127
-1.327479
-1.329481
-1.330111
-1.326112
-1.334828
-1.336811
-1.325312
-1.328270
-1.334437
-1.328964
-1.335049
-1.349458
-1.333548
-1.325771
-1.328216
-1.325234
-1.329977
-1.326344
-1.326254
-1.327705
-1.329148
-1.336387
-1.322770
-1.326967
-1.326667
-1.322052
-1.325534
-1.327460
-1.326259
-1.332350
-1.320999
-1.326334
-1.330885
-1.327588
-1.334968
-1.330341
-1.327038
-1.316093
-1.332738
-1.322268
-1.329302
-1.334369
-1.324959
-1.327555
-1.330311
-1.327019
-1.330003
-1.322215
-1.322668
-1.334403
-1.322878
-1.327671
-1.328095
-1.324602
-1.329543
-1.328796
-1.322734
-1.334116
-1.333283
-1.333764
-1.325901
-1.326858
-1.329981
-1.328732
-1.332500
-1.327096
-1.325749
-1.331567
-1.330360
-1.317591
-1.333464
-1.327453
-1.326771
-1.328379
-1.320722
-1.337257
-1.325157
-1.331878
-1.321772
-1.322638
-1.325034
-1.329012
-1.322708
-1.329428
-1.328610
-1.337343
-1.328926
-1.328258
-1.327703
-1.327325
-1.334267
-1.337499
-1.331245
-1.327418
-1.330508
-1.324004
-1.325968
-1.331571
-1.327647
-1.328117
-1.328549
-1.323786
-1.328282
-1.328519
-1.333669
-1.327089
-1.326711
-1.331518
-1.327657
-1.325874
-1.326849
-1.335951
-1.329876
-1.325284
-1.325604
-1.332315
-1.333339
-1.330868
-1.324710
-1.334903
-1.331126
-1.353505
-1.331581
-1.329588
-1.322565
-1.327728
-1.330770
-1.325855
-1.327316
-1.330966
-1.328970
-1.332611
-1.332169
-1.324648
-1.328941
-1.337769
-1.326127
-1.324733
-1.328490
-1.326042
-1.324167
-1.328952
-1.326809
-1.319821
-1.323202
-1.321616
-1.330234
-1.329627
-1.332612
-1.328419
-1.320738
-1.331674
-1.326079
-1.332038
-1.333644
-1.327137
-1.328252
-1.330420
-1.325897
-1.324057
-1.331247
-1.326087
-1.329830
-1.329783
-1.328428
-1.327920
-1.326694
-1.332732
-1.330286
-1.327301
-1.328051
-1.327716
-1.327321
-1.326923
-1.341594
-1.327575
-1.327316
-1.328047
-1.329409
-1.330343
-1.320464
-1.322548
-1.329345
-1.326533
-1.328820
-1.342023
-1.324207
-1.340204
-1.320934
-1.326916
-1.325466
-1.315949
-1.321553
-1.328241
-1.329252
-1.329152
-1.328992
-1.326812
-1.330609
-1.331197
-1.317341
-1.326043
-1.353732
-1.323625
-1.328072
-1.327339
-1.325167
-1.327588
-1.327604
-1.333900
-1.325447
-1.323421
-1.330633
-1.323978
-1.326061
-1.329666
-1.327480
-1.327127
-1.332947
-1.330744
-1.330032
-1.325772
-1.327081
-1.329698
-1.326625
0.603051
-1.333408
-1.329718
-1.331456
-1.334902
-1.323539
-1.334707
-1.330578
-1.327456
-1.322521
-1.330093
-1.339491
-1.358426
-1.327660
-1.322509
-1.321636
-1.335156
-1.323739
-1.331483
-1.335320
-1.329006
-1.329419
-1.330238
-1.330794
-1.330322
-1.326608
-1.326375
-1.328603
-1.329231
-1.330435
-1.325060
-1.325386
-1.322745
-1.328718
-1.325308
-1.323512
-1.329520
-1.326575
-1.330612
-1.330151
-1.325106
-1.335411
-1.327770
-1.321709
-1.322408
-1.333665
-1.325699
-1.329687
-1.325140
-1.325657
-1.325787
-1.325270
-1.326597
-1.330941
-1.380516
-1.329882
-1.327338
-1.325525
-1.324899
-1.340329
-1.328882
-1.330892
-1.338025
-1.336601
-1.326108
-1.336770
-1.332709
-1.321164
-1.330135
-1.331301
-1.329898
-1.330481
-1.333463
-1.329825
-1.327848
-1.344765
-1.329707
-1.324812
-1.329731
-1.328299
-1.325588
-1.328630
-1.322118
-1.327577
-1.327478
-1.324510
-1.331364
-1.328923
-1.330859
-1.327970
-1.322139
-1.329673
-1.321391
-1.332896
-1.329375
-1.323366
-1.322266
-1.331395
-1.331600
-1.333214
-1.328766
-1.330455
-1.326135
-1.321517
-1.323233
-1.329601
-1.331450
-1.329633
-1.331431
-1.328389
-1.322666
-1.327567
-1.337382
-1.325107
-1.330005
-1.325230
-1.326854
-1.328096
-1.329131
-1.326181
-1.327671
-1.331952
-1.324837
-1.334068
-1.326558
-1.327561
-1.326054
-1.328350
-1.327857
-1.323076
-1.332723
-1.336963
-1.324287
-1.326776
-1.326492
-1.330291
-1.330574
-1.333687
-1.330112
-1.337516
-1.325909
-1.348753
-1.323226
-1.326606
-1.329408
-1.326773
-1.332709
-1.325803
-1.333880
-1.328785
-1.321541
-1.318096
-1.330778
-1.328560
-1.331646
-1.331441
-1.326989
-1.327209
-1.329634
-1.330367
-1.320575
-1.329962
-1.327052
-1.328529
-1.330440
-1.328157
-1.327500
-1.340090
-1.330586
-1.331394
-1.330438
-1.329338
-1.325733
-1.322546
-1.327868
-1.320224
-1.322936
-1.333066
-1.327066
-1.327033
-1.331709
-1.326578
-1.325391
-1.327571
-1.332191
-1.324039
-1.328930
-1.328564
-1.326094
-1.326207
-1.323846
-1.331788
0.788842
-1.334072
-1.328212
-1.332486
-1.330341
-1.326606
-1.325703
-1.335305
-1.324923
-1.329446
-1.327577
-1.330516
-1.325256
-1.340407
-1.333412
-1.335870
-1.328549
-1.329524
-1.329099
-1.331233
-1.326755
-1.324810
-1.345718
-1.330327
-1.329995
-1.328768
-1.326161
-1.330387
-1.332024
-1.327933
-1.331665
-1.323995
-1.326926
-1.321438
-1.326864
-1.320801
-1.324505
-1.325700
-1.323343
-1.329254
-1.320993
-1.319931
-1.331690
-1.334707
-1.329117
-1.325734
-1.333683
-1.331543
-1.324504
-1.325364
-1.331480
-1.331473
-1.329656
-1.325072
-1.328051
-1.334481
-1.327524
-1.328922
-1.326921
-1.326966
-1.328187
-1.328502
-1.326213
-1.325839
-1.330962
-1.323544
-1.335372
-1.335087
-1.319092
-1.331944
-1.322785
-1.321119
-1.332431
-1.329313
-1.330698
-1.325284
-1.320427
-1.320958
-1.327448
-1.320856
-1.331067
-1.320574
-1.329871
-1.324844
-1.324532
-1.327075
-1.331157
-1.326393
-1.325820
-1.328404
-1.329134
-1.327926
-1.333964
-1.329095
-1.320574
-1.326379
-1.328778
-1.329128
-1.329322
-1.327645
-1.326563
-1.333515
-1.328069
-1.326671
-1.327327
-1.344395
-1.327831
-1.331856
-1.336842
-1.324615
-1.327597
-1.323483
-1.330661
-1.334980
-1.330968
-1.331906
-1.326218
-1.325784
-1.328077
-1.332209
-1.332193
-1.328060
-1.325859
-1.332936
-1.325354
-1.328190
-1.323106
-1.326734
-1.322800
-1.338498
-1.325553
-1.322090
-1.324587
-1.331491
-1.331820
-1.329325
-1.336374
-1.329606
-1.336177
-1.328930
-1.327522
-1.327499
-1.322586
-1.322937
-1.327987
-1.329610
-1.337969
-1.326909
-1.318141
-1.327529
-1.328942
-1.327837
-1.328548
-1.334378
-1.328463
-1.324429
-1.328606
-1.325770
-1.330754
-1.321404
-1.330843
-1.329083
-1.325839
-1.326325
-1.322434
-1.351243
-1.327710
-1.327587
-1.329147
-1.320555
-1.331328
-1.325866
-1.323099
-1.318688
-1.321765
-1.322257
-1.328464
-1.331920
-1.333084
-1.328779
-1.324538
-1.330543
-1.325694
-1.323725
-1.322158
-1.325194
-1.335149
-1.321378
-1.326393
-1.323386
-1.320673
-1.317230
-1.332621
-1.349576
-1.326927
-1.329126
-1.322344
-1.327389
-1.325188
-1.325068
-1.324267
-1.331888
-1.329316
-1.329171
-1.328467
-1.324823
-1.329277
-1.326832
-1.330804
-1.326977
-1.329144
-1.321096
-1.318670
-1.325327
-1.338437
-1.328331
-1.326199
-1.324331
-1.329752
-1.330499
-1.323356
-1.326247
-1.322456
-1.330697
-1.329482
-1.328660
-1.331878
-1.327730
-1.326429
-1.332225
-1.322627
-1.326974
-1.323610
-1.325749
-1.325037
-1.331477
-1.324116
-1.323620
-1.326898
-1.330860
-1.332121
-1.330328
-1.332585
-1.320639
-1.325326
-1.331791
-1.320728
-1.326689
-1.322853
-1.326783
-1.329187
-1.323371
-1.328018
-1.330745
-1.329013
-1.328864
-1.329226
-1.338920
-1.328344
-1.328949
-1.327173
-1.328741
-1.320492
-1.333646
-1.325846
0.757760
-1.322939
-1.331125
-1.328676
-1.330361
-1.322103
-1.327266
-1.331175
-1.327515
-1.336821
-1.329336
-1.333172
-1.322968
-1.327828
-1.328598
-1.326993
-1.324384
-1.338572
-1.327444
-1.334818
-1.326157
-1.324364
-1.330510
-1.326350
-1.330065
-1.328424
-1.325908
-1.327100
-1.331128
-1.325004
-1.329243
-1.323874
-1.328613
-1.331519
-1.334740
-1.326695
-1.329964
-1.328468
-1.327505
-1.334036
-1.322508
-1.328343
-1.323169
-1.331375
-1.323811
-1.325271
-1.327536
-1.339785
-1.322996
-1.326978
-1.328011
-1.329799
-1.329041
-1.330096
-1.330677
-1.324595
-1.322753
-1.325910
-1.332615
-1.332115
-1.325255
-1.339541
-1.331835
-1.328807
-1.321599
-1.325509
-1.327864
-1.325089
-1.331250
-1.323952
-1.324503
-1.329546
-1.337378
-1.322811
-1.329576
-1.346820
-1.322971
-1.324359
-1.322075
-1.332230
-1.331137
-1.335285
-1.330891
-1.328263
-1.332188
-1.324082
-1.327297
-1.338261
-1.333060
-1.327094
-1.329227
-1.327666
-1.329092
-1.326709
-1.327990
-1.328765
-1.324874
-1.327926
-1.325538
-1.335788
-1.328225
-1.325809
-1.327371
-1.328269
-1.347834
-1.323744
-1.330831
-1.331607
-1.325050
-1.328422
-1.328516
-1.330734
-1.326243
-1.329114
-1.329753
-1.324050
-1.342157
-1.328047
-1.333786
-1.321610
-1.325449
-1.327050
-1.323412
-1.328160
-1.323926
-1.321496
-1.329874
-1.328788
-1.334303
-1.379079
-1.327353
-1.328091
-1.326215
-1.321330
-1.327450
-1.330146
-1.325278
-1.329277
-1.325646
-1.334107
-1.332413
-1.330957
-1.323957
-1.321479
-1.322412
-1.337511
-1.325578
-1.319903
-1.331192
-1.332974
-1.330259
-1.324103
-1.322587
-1.326709
-1.329779
-1.329830
-1.327415
-1.326471
-1.320262
-1.326858
-1.335192
-1.326938
-1.324146
-1.324589
-1.333777
-1.327861
-1.339494
-1.325272
-1.331441
-1.327600
-1.325886
-1.327373
-1.320869
-1.322503
-1.327327
-1.328133
-1.329688
-1.331983
-1.326273
-1.328109
-1.320962
-1.331367
-1.323462
-1.329211
-1.323847
-1.332022
-1.325798
-1.328324
-1.331097
-1.321870
-1.321518
-1.331037
-1.326230
-1.324994
-1.326405
-1.318850
-1.333381
-1.324469
-1.326630
-1.328674
-1.321536
-1.328626
-1.325669
-1.332331
-1.336906
-1.325814
-1.319481
-1.330465
-1.323769
-1.327473
-1.330008
-1.331708
-1.324956
-1.331057
-1.326922
-1.325941
-1.333079
-1.327322
-1.325655
-1.326808
-1.335828
-1.325582
-1.328546
-1.329861
-1.326799
-1.326317
-1.324642
-1.321652
-1.323250
-1.329829
-1.328219
-1.326252
-1.330051
-1.323081
-1.323846
-1.329874
-1.327190
-1.326213
-1.334184
-1.325516
-1.326208
-1.328491
-1.325104
-1.327481
-1.325887
-1.321802
-1.325806
-1.330381
-1.331086
-1.321750
-1.326242
-1.326053
-1.325024
-1.327139
-1.354401
-1.326285
-1.330438
-1.325533
-1.335049
-1.327044
-1.323847
-1.325353
-1.322712
-1.332480
-1.326673
-1.326500
-1.329947
-1.328059
-1.328613
-1.323635
-1.331215
-1.361901
-1.327738
-1.323710
-1.321017
-1.333735
-1.324656
-1.333416
-1.317354
-1.327869
-1.328249
-1.326497
-1.325818
-1.325002
-1.323589
-1.322955
-1.336739
-1.327510
-1.332217
-1.323634
-1.326988
-1.327809
-1.329570
-1.329330
-1.324305
-1.333029
-1.334813
-1.323962
-1.335765
-1.322438
-1.327238
-1.335771
-1.324896
-1.330373
-1.325232
-1.325550
-1.333480
-1.329620
-1.330479
-1.328643
-1.326258
-1.328091
-1.329407
-1.322670
-1.323038
-1.336108
-1.326247
-1.332105
-1.330138
-1.319645
-1.335844
-1.323456
-1.327295
-1.358405
-1.327727
-1.328226
-1.329399
-1.324636
-1.332383
-1.324852
-1.328319
-1.330546
-1.327460
-1.324999
-1.339141
-1.328560
-1.327178
-1.329443
-1.330320
-1.322002
-1.328341
-1.325367
-1.326656
-1.333880
-1.328031
-1.326999
-1.325429
-1.326988
-1.331829
-1.328712
-1.331586
-1.324832
-1.337412
-1.339032
-1.326722
-1.330057
-1.326198
-1.326339
-1.326736
-1.319133
-1.328637
-1.332817
-1.319227
-1.332378
-1.325290
-1.330525
-1.324286
-1.399942
-1.325406
-1.331178
-1.326296
-1.322371
-1.325630
-1.325562
-1.334182
-1.324301
-1.328028
-1.326411
-1.327130
-1.324359
-1.324896
-1.329774
-1.327803
-1.324711
-1.322737
-1.330603
-1.346865
-1.320441
-1.325975
-1.329729
-1.325978
-1.331851
-1.321585
-1.325103
-1.329359
-1.323228
-1.333460
-1.325598
-1.324943
-1.324862
-1.346380
-1.331634
-1.326926
-1.327563
-1.331802
-1.328845
-1.328829
-1.327027
-1.325960
-1.334551
-1.320906
-1.325760
-1.358541
-1.324989
-1.327140
-1.333853
-1.333552
-1.326445
-1.327988
-1.331514
-1.326057
-1.328365
-1.322936
-1.341070
-1.333276
-1.330013
-1.326204
-1.329195
-1.331625
-1.327527
-1.330444
-1.324322
-1.326624
-1.326049
-1.324855
-1.334946
-1.331066
-1.326997
-1.340154
-1.329194
-1.321665
-1.320209
-1.328184
-1.322136
-1.331173
-1.331548
-1.330461
-1.329476
-1.324618
-1.331097
-1.327174
-1.326267
-1.326754
-1.327605
-1.340156
-1.321525
-1.325212
-1.327322
-1.326041
-1.333138
-1.330037
-1.331828
-1.323852
-1.326581
-1.321880
-1.325013
-1.333727
-1.341471
-1.329501
-1.327127
-1.332885
-1.324043
-1.330528
-1.331782
-1.325759
-1.329942
-1.329320
-1.329201
-1.328043
-1.331316
-1.322687
-1.329865
-1.326505
-1.326769
-1.325754
-1.330696
-1.332156
-1.330278
-1.317212
-1.335360
-1.324095
-1.326205
-1.325814
-1.331369
-1.329454
-1.328926
-1.327651
-1.326739
-1.324486
-1.320859
-1.325592
0.922748
-1.322932
-1.323164
-1.337472
-1.325546
-1.332222
-1.322546
-1.327868
-1.331178
-1.326480
-1.329188
-1.323810
-1.325028
-1.345569
-1.337526
-1.324527
-1.332774
-1.328442
-1.323863
-1.326425
-1.324633
-1.329674
-1.329547
-1.323391
-1.326901
-1.332642
-1.325506
-1.322651
-1.343172
-1.326801
-1.327896
-1.322847
-1.336231
-1.326514
-1.328267
-1.327612
-1.327764
-1.329435
-1.328809
-1.327631
-1.328967
-1.335433
-1.332267
-1.338135
-1.324081
-1.326144
-1.326644
-1.330446
-1.333669
-1.318298
-1.323939
-1.329512
-1.321612
-1.329648
-1.325886
-1.327618
-1.324580
0.524074
-1.324739
-1.327156
-1.327239
-1.324076
-1.325759
-1.333712
-1.325803
-1.323081
-1.328506
0.544126
-1.330397
-1.330326
-1.326187
-1.332635
-1.402660
-1.323494
-1.324690
-1.337541
-1.324916
-1.327407
-1.332728
-1.328942
-1.334437
-1.330735
-1.328048
-1.322455
-1.325300
-1.332140
-1.327530
-1.331863
-1.323094
-1.326555
-1.331579
-1.320896
-1.325930
-1.322601
-1.328291
-1.329307
-1.317010
-1.333912
-1.330754
-1.330594
-1.328302
-1.328557
-1.328444
-1.364611
-1.325830
-1.328185
-1.325551
-1.331210
-1.334216
-1.330928
-1.334941
-1.329559
-1.326575
-1.329509
-1.331066
-1.322184
-1.329716
-1.331715
-1.341196
-1.325284
-1.327365
-1.325398
-1.334839
-1.371995
-1.322737
-1.331981
-1.330127
-1.319811
-1.328043
-1.326474
-1.328350
-1.320025
-1.324467
-1.323908
-1.328868
-1.317322
-1.331707
-1.326415
-1.330439
-1.330299
-1.328931
-1.326022
-1.324732
-1.325721
-1.332046
-1.328279
-1.322453
-1.328382
-1.321325
-1.327723
-1.322740
-1.323443
-1.327262
-1.330895
-1.330042
-1.325519
-1.325955
-1.329590
-1.322826
-1.335168
-1.324898
-1.329328
-1.331339
-1.324191
-1.330169
-1.329935
-1.337791
-1.329388
-1.328875
-1.327336
-1.327913
-1.330588
-1.333029
-1.328611
-1.321001
-1.327571
-1.319434
-1.327976
-1.333817
-1.319609
-1.325103
-1.324181
-1.329024
-1.324173
-1.328246
-1.325332
-1.329595
-1.327465
-1.337978
-1.326473
-1.326243
-1.330413
-1.329108
-1.324530
-1.323582
-1.328266
-1.331175
-1.318531
-1.326668
-1.330443
-1.329772
-1.319744
-1.338828
-1.325975
-1.325797
-1.351904
-1.333032
-1.330168
-1.329626
-1.332587
-1.328734
-1.329857
-1.326927
-1.333067
-1.328427
-1.327693
-1.318863
-1.329422
-1.336151
-1.327907
-1.329377
-1.330018
-1.328853
-1.325503
-1.329225
-1.330236
-1.322796
-1.322077
-1.324918
-1.327644
-1.324786
-1.324459
-1.328214
-1.326287
-1.328093
-1.329337
-1.322101
-1.326437
-1.330184
-1.330894
-1.334509
-1.324390
-1.324804
-1.327354
-1.334370
-1.332758
-1.322953
-1.327690
-1.331283
-1.338984
-1.330236
-1.321959
-1.326005
-1.330617
-1.319050
-1.320764
-1.327978
-1.330379
-1.331212
-1.324994
-1.322068
-1.326262
-1.327069
-1.328435
-1.328520
-1.328000
-1.326805
-1.327258
-1.329360
-1.330491
-1.330575
-1.335073
-1.328926
-1.332635
-1.324090
-1.322421
-1.329463
-1.335169
-1.331971
-1.325181
-1.326898
-1.321887
-1.334282
-1.331781
-1.326767
-1.329680
-1.339720
-1.325451
-1.328819
-1.330918
-1.318829
-1.339713
-1.325916
-1.317733
-1.332350
-1.327077
-1.322379
-1.327441
-1.332747
-1.329044
-1.329035
-1.327156
-1.326072
-1.328316
-1.323728
-1.334337
-1.332576
-1.326297
-1.333407
-1.336991
-1.325490
-1.322590
-1.328483
-1.329216
-1.333613
-1.326441
-1.329360
-1.330952
-1.325118
-1.319117
-1.336396
-1.330436
-1.328976
0.592718
-1.326676
-1.329182
-1.321344
-1.329786
-1.329246
-1.324940
-1.327183
-1.322503
-1.331934
-1.329170
-1.326729
-1.325418
-1.322639
-1.325072
-1.326066
-1.323765
-1.327959
-1.328254
-1.334088
-1.335187
-1.321166
-1.330323
-1.328746
-1.328644
-1.330598
-1.324032
-1.331856
-1.323983
-1.323201
-1.322108
-1.326408
-1.334737
-1.339427
-1.328108
-1.332026
-1.326637
-1.321163
-1.327290
-1.329682
-1.322680
-1.326081
-1.331175
-1.327596
-1.333717
-1.325165
-1.329883
-1.330417
-1.328216
-1.334701
-1.328536
-1.326416
-1.322646
-1.332800
-1.325258
-1.320795
-1.331668
-1.329297
-1.319865
-1.322466
-1.330497
-1.323368
-1.329369
-1.323752
-1.321306
-1.326956
-1.329371
-1.327343
-1.326182
-1.327839
-1.326260
-1.332108
-1.327636
-1.325384
-1.329334
-1.332505
-1.328652
-1.329324
-1.321054
-1.327377
-1.320394
-1.326333
-1.327298
-1.328017
-1.328731
-1.326599
-1.328076
-1.329530
-1.326978
-1.321791
-1.326309
-1.327708
-1.328525
-1.327287
-1.325993
-1.326699
-1.325613
-1.329601
-1.323244
-1.326227
-1.326998
-1.327094
-1.331504
-1.326377
-1.333615
-1.321851
-1.329942
-1.331267
-1.322968
-1.326219
-1.326413
-1.323790
-1.333071
-1.323782
-1.333950
-1.332342
-1.326789
-1.335029
-1.324435
-1.325494
-1.332287
-1.328672
-1.324579
-1.325782
-1.337136
-1.324554
-1.324338
-1.327640
-1.330635
-1.333667
-1.328397
-1.322831
-1.324612
-1.326621
-1.329964
-1.334696
-1.337961
-1.318695
-1.333076
-1.319889
-1.329682
-1.327388
-1.324922
-1.325768
-1.324849
-1.326858
-1.327149
-1.329330
-1.329170
-1.324262
-1.329564
-1.326292
-1.324870
-1.327089
-1.328807
-1.326491
-1.318937
-1.326851
-1.327890
-1.332066
-1.340022
-1.326330
-1.330353
-1.326690
-1.320658
-1.324142
-1.330449
-1.324329
-1.329121
-1.330851
-1.330342
-1.331021
-1.331104
-1.323349
-1.334226
-1.327965
-1.333074
-1.326682
-1.325894
-1.330171
-1.331225
-1.325784
-1.324097
-1.323850
-1.331166
0.546686
-1.325324
-1.330016
-1.330517
-1.331790
-1.322108
-1.332043
-1.327151
-1.322827
-1.325117
-1.328367
-1.330213
-1.325715
-1.321356
-1.329575
-1.327629
-1.324710
-1.323818
-1.324498
-1.324456
-1.329393
-1.330224
-1.345453
-1.322268
-1.320351
-1.328932
-1.323138
-1.332713
-1.323051
-1.326812
-1.330630
-1.330510
-1.319198
-1.336169
-1.322374
-1.322786
-1.329591
-1.336064
-1.325347
-1.327107
-1.327668
-1.317733
-1.321604
-1.335686
-1.328925
-1.330026
-1.328970
-1.333877
-1.325416
-1.333118
-1.330622
-1.325851
0.679172
-1.333771
-1.324804
-1.328051
-1.323596
-1.328293
-1.325622
-1.329253
-1.325696
-1.325843
-1.325545
-1.325804
-1.324254
-1.326795
-1.320617
-1.329233
-1.332775
-1.332046
-1.326506
-1.331189
-1.319665
-1.325555
-1.330296
-1.326752
-1.326505
-1.325074
-1.322094
-1.330399
-1.330989
-1.331504
-1.327217
-1.328853
-1.333098
-1.332830
-1.328334
-1.326512
-1.322812
-1.326013
-1.332637
-1.324680
-1.324646
-1.328938
-1.328526
-1.330099
-1.319605
-1.318742
-1.329853
-1.343128
-1.328018
-1.329240
-1.327663
-1.326137
-1.325045
-1.326655
-1.326738
-1.322878
-1.322295
-1.335631
-1.330181
-1.329891
-1.335510
-1.330277
-1.337423
-1.327589
-1.322291
-1.328089
-1.320835
-1.333958
-1.325809
-1.345489
-1.328931
-1.328465
-1.326183
-1.321838
-1.323848
-1.326029
-1.325051
-1.319095
-1.326346
-1.335790
-1.342009
-1.325688
-1.323638
-1.327370
-1.380888
-1.323883
-1.327219
-1.325514
-1.323315
-1.327945
-1.324637
-1.334404
-1.330119
-1.321812
-1.321519
-1.326309
-1.331688
-1.330242
-1.330574
-1.330254
-1.329115
-1.330915
-1.330066
-1.325918
-1.329636
-1.330242
-1.321771
-1.329438
-1.325250
-1.321374
-1.322378
-1.327062
-1.323289
-1.324389
-1.327599
-1.326336
-1.326313
-1.327980
-1.329097
-1.328650
-1.328474
-1.333617
-1.336887
-1.326280
-1.333414
-1.339390
-1.333226
-1.324168
-1.395741
-1.332744
-1.331258
-1.329282
-1.323245
-1.326997
-1.332050
-1.328417
-1.329818
-1.332219
-1.324920
-1.317948
-1.327021
-1.330014
-1.332470
-1.330078
-1.323114
-1.323538
-1.327111
-1.331508
-1.328552
-1.326862
-1.329547
-1.331057
-1.363739
-1.328183
-1.320212
-1.324894
-1.333877
-1.461997
-1.328774
-1.327784
-1.323731
-1.332433
-1.334348
-1.331560
-1.331555
-1.335981
-1.321697
-1.323983
-1.325331
-1.325135
-1.332927
-1.328693
-1.332958
-1.330169
-1.326492
-1.340289
-1.329519
-1.327401
-1.330949
-1.342117
-1.323882
-1.330521
-1.321569
-1.332168
-1.331015
-1.332859
-1.328233
-1.331845
-1.335450
-1.324311
-1.320520
-1.329024
-1.319658
-1.332432
-1.330311
-1.330463
-1.331715
-1.340803
-1.331417
-1.326289
-1.327283
-1.324188
-1.322552
-1.327635
-1.326221
-1.332456
-1.330815
-1.327376
-1.328945
-1.325368
-1.326573
-1.327220
-1.322644
-1.318966
-1.336038
-1.323411
-1.324113
-1.327612
-1.330171
-1.326255
-1.334297
-1.326116
-1.328350
-1.322097
-1.327476
-1.321300
-1.328649
-1.326973
-1.327269
-1.327610
-1.323550
-1.324997
-1.329470
-1.329238
-1.328812
-1.328796
-1.331280
-1.335155
-1.326830
-1.348419
-1.322091
-1.330560
-1.325778
-1.333720
-1.326848
-1.334677
-1.331251
-1.321234
-1.331556
-1.331672
-1.326557
-1.329633
-1.328952
-1.327071
-1.324382
-1.324358
-1.330499
-1.325935
-1.324011
-1.339040
-1.325759
-1.328303
-1.324831
-1.330975
-1.322479
-1.319671
-1.322038
-1.333139
-1.330396
-1.332368
-1.322486
-1.329687
-1.329565
-1.326159
-1.325171
-1.326467
-1.325733
-1.330564
-1.326818
-1.338373
-1.338473
-1.328776
-1.326439
-1.328470
-1.335654
-1.327115
-1.330350
-1.329810
-1.332011
-1.326749
-1.326451
-1.330883
-1.331216
-1.330036
-1.325680
-1.323033
-1.323804
-1.330207
-1.323688
-1.323686
-1.334311
-1.327219
-1.325925
-1.328230
-1.327582
-1.334184
-1.326291
-1.336631
-1.340679
-1.324513
-1.323336
-1.324826
-1.330510
-1.320451
-1.336491
-1.327344
-1.318677
-1.323056
-1.325487
-1.330230
-1.327977
-1.319353
-1.329116
-1.330945
-1.325344
-1.320997
-1.325359
-1.324532
-1.319437
-1.330749
-1.328482
-1.328428
-1.321034
-1.335683
-1.325540
-1.328089
-1.327617
-1.327846
-1.323268
-1.328732
-1.324983
-1.328481
-1.327271
-1.328089
-1.324235
-1.324299
-1.331234
-1.329014
-1.319533
-1.329956
-1.331451
-1.325415
-1.329129
-1.329047
-1.334086
-1.324604
-1.358487
-1.337755
-1.324010
-1.323959
0.519412
-1.320373
-1.328984
-1.332058
-1.328102
-1.323941
-1.332522
-1.324902
-1.321584
-1.326274
-1.327408
-1.328881
-1.330755
-1.327655
-1.333272
-1.330138
-1.321662
-1.332563
-1.328545
-1.337574
-1.331231
-1.324416
-1.326896
-1.323856
-1.318976
-1.326155
-1.327813
-1.332770
-1.336443
-1.434487
-1.328364
-1.331741
-1.327581
-1.335090
-1.324789
-1.326926
-1.325806
-1.330629
-1.332800
-1.326279
-1.333162
-1.337685
-1.328512
-1.326713
-1.328729
-1.328296
-1.329733
-1.324812
0.611192
-1.328715
-1.336415
-1.330492
-1.322935
-1.333555
-1.327852
-1.327218
-1.324508
-1.336431
-1.338749
-1.327461
-1.334474
-1.332803
-1.338492
-1.324993
-1.335564
-1.324621
-1.330700
-1.330060
-1.327013
-1.322657
-1.330515
-1.331765
-1.332346
-1.335731
-1.321796
-1.326715
-1.324121
-1.325925
-1.327061
-1.330894
-1.327254
-1.330306
-1.326953
-1.328426
-1.325854
-1.328121
-1.329163
-1.328745
-1.326256
-1.330686
-1.331429
-1.328553
-1.326108
-1.324371
-1.340262
-1.329979
-1.332650
-1.327416
-1.328310
-1.328011
-1.333907
-1.332210
-1.324510
-1.325713
-1.328920
-1.338607
-1.329108
-1.325254
-1.327670
-1.332257
-1.328714
-1.329004
-1.331303
-1.326963
-1.328633
-1.329634
-1.325454
-1.320468
-1.330959
-1.330410
-1.322826
-1.328457
-1.321445
-1.329243
-1.320584
-1.330776
-1.324470
-1.323096
-1.330814
-1.325091
-1.314189
-1.328810
-1.324704
-1.331550
-1.326616
-1.322457
-1.326485
-1.323846
-1.323396
-1.327493
-1.337908
-1.331085
-1.328024
-1.330202
-1.339426
-1.330004
-1.323182
-1.324904
-1.333799
-1.324631
-1.326515
-1.332525
-1.325120
-1.332875
-1.324772
-1.333601
-1.331741
-1.325597
-1.329194
-1.334316
-1.326179
-1.330857
-1.330735
-1.331255
-1.327909
-1.327263
-1.321811
-1.326184
-1.331714
-1.323886
-1.325877
-1.331499
-1.324912
-1.330914
-1.331104
-1.326851
-1.330118
-1.330528
-1.328560
-1.338457
-1.329689
-1.337890
-1.328953
-1.329904
-1.327520
-1.329686
-1.325220
-1.327166
-1.329846
-1.320707
-1.326006
-1.322863
-1.328609
-1.330748
-1.324440
-1.320306
-1.330601
-1.331983
-1.325417
-1.328783
-1.328820
0.519424
-1.328097
-1.323600
-1.324245
-1.326238
-1.334145
-1.323196
-1.331017
-1.341115
-1.334841
-1.323649
-1.331512
0.529544
-1.322418
-1.330501
-1.329655
-1.339118
-1.324714
-1.329127
-1.327295
-1.330338
-1.330292
-1.326681
-1.325833
-1.317992
-1.332802
-1.324165
-1.330907
-1.322836
-1.323564
-1.332071
-1.327643
-1.332038
-1.334472
-1.327384
-1.319502
-1.328919
-1.328365
-1.326088
-1.327514
-1.325214
-1.326419
-1.334428
-1.320157
-1.334195
-1.329931
-1.340751
-1.329294
-1.325107
-1.330688
-1.324801
-1.324723
-1.335316
-1.326781
-1.344947
-1.320135
-1.328520
-1.326681
-1.328828
-1.324454
-1.330780
-1.328588
-1.325224
-1.326915
-1.329445
-1.336236
-1.336054
-1.334720
-1.324433
-1.328776
-1.330423
-1.324287
-1.324240
-1.329249
-1.328240
-1.328569
-1.324256
-1.329943
-1.328750
-1.327762
-1.336201
0.524833
-1.331373
-1.323924
-1.330717
-1.328041
-1.328197
-1.320510
-1.333047
-1.323918
-1.331114
-1.334160
-1.327177
-1.326094
-1.329378
-1.329369
-1.326208
-1.324949
-1.322303
-1.327746
-1.330785
-1.331417
-1.328770
-1.334548
-1.327304
-1.331945
-1.330158
-1.325103
-1.326580
-1.329736
-1.323933
-1.328948
-1.323568
-1.334220
-1.323197
-1.320229
-1.327831
-1.348150
-1.326190
-1.320252
-1.330967
-1.326688
-1.324643
-1.322354
-1.325477
-1.325618
-1.327255
-1.331887
-1.322583
-1.329891
-1.328081
-1.323188
-1.327333
-1.327520
-1.329199
-1.329456
-1.328737
-1.321428
-1.332337
-1.325376
-1.325140
-1.326048
-1.327814
-1.325922
-1.325149
-1.319745
-1.321937
-1.326550
-1.326675
-1.322747
-1.321167
-1.333685
-1.326457
-1.325585
-1.325881
-1.326827
-1.332414
-1.329027
-1.324884
-1.325213
-1.326838
-1.325649
-1.325003
-1.327444
-1.325803
-1.334608
-1.338844
-1.330185
-1.320514
-1.327470
-1.329779
-1.323077
-1.327685
-1.327504
-1.326856
-1.330478
-1.331442
-1.352926
-1.325906
-1.319609
-1.316767
-1.321806
-1.332761
-1.358891
-1.319775
-1.340479
-1.323704
-1.346935
-1.337046
-1.328617
-1.325792
-1.327684
-1.333071
-1.324284
-1.325197
-1.327887
-1.325397
-1.329523
-1.327774
-1.330254
-1.339628
-1.330240
-1.327486
-1.322750
-1.331478
-1.321107
-1.332363
-1.327613
-1.338287
-1.323832
-1.326822
-1.322559
-1.322821
-1.328492
-1.334986
-1.330536
-1.319757
-1.334250
-1.325198
-1.323417
-1.330910
-1.325226
-1.326610
-1.324959
-1.328033
-1.327548
0.521577
-1.329494
-1.326761
-1.319197
-1.327738
-1.330101
-1.327760
-1.324700
-1.322376
-1.328114
-1.335883
-1.348471
-1.333177
-1.321061
-1.324985
-1.329567
-1.326961
-1.322082
-1.329536
-1.328434
-1.327680
-1.329858
-1.322991
-1.329566
-1.334393
-1.328042
-1.329366
-1.322278
-1.334255
-1.329006
-1.327810
-1.330923
-1.328574
-1.323507
-1.330645
-1.332022
-1.331607
-1.318854
-1.322402
-1.328792
-1.329318
-1.321062
-1.327026
-1.328506
-1.329360
-1.326440
-1.321744
-1.326201
-1.321325
-1.326879
-1.324783
-1.320884
-1.328224
-1.324279
-1.333796
-1.331216
-1.323489
-1.322996
-1.337035
-1.324808
-1.324001
-1.331850
-1.327975
-1.328896
-1.328157
-1.331471
-1.325956
-1.324798
-1.322579
-1.324568
-1.326418
-1.331697
-1.327407
-1.326719
-1.331221
-1.328520
-1.348216
-1.378270
-1.328821
-1.324134
-1.328220
-1.326035
-1.331510
-1.328965
-1.334756
-1.326962
-1.330474
-1.328429
-1.323550
-1.333002
-1.345185
-1.327095
-1.330708
-1.328611
-1.331511
-1.327920
-1.328838
-1.324091
-1.324526
-1.327722
-1.324450
-1.326384
-1.330044
-1.333345
-1.334466
-1.322965
-1.334906
-1.325144
-1.338246
-1.335000
-1.336976
-1.324555
-1.328465
-1.339309
-1.326706
-1.333545
-1.325519
-1.329285
-1.329904
-1.331535
-1.329579
-1.333400
-1.335349
-1.332828
-1.328637
-1.331881
-1.327393
-1.326706
-1.335677
-1.326118
-1.330135
-1.332293
-1.328459
-1.331875
-1.324635
-1.323058
-1.331035
-1.328525
-1.324847
-1.319154
-1.335874
-1.330300
-1.333054
-1.319463
-1.329543
-1.325566
-1.326884
-1.338482
-1.326700
-1.317429
-1.322372
-1.321544
-1.321895
-1.330048
-1.328465
-1.330703
-1.327282
-1.334205
-1.330422
-1.321894
-1.329075
-1.328763
-1.328276
-1.332344
-1.329328
-1.324671
-1.321627
-1.328341
-1.333025
-1.329835
-1.324332
-1.327566
-1.322486
-1.326856
-1.330330
-1.330060
-1.328518
-1.328773
-1.328807
-1.319751
-1.328008
-1.320501
-1.327008
-1.327028
-1.323474
-1.331949
-1.330856
-1.330871
-1.328533
-1.335872
-1.325553
-1.327643
-1.335639
-1.331350
-1.333024
-1.316410
-1.326479
-1.326422
-1.330410
-1.332118
-1.333599
-1.331875
-1.330873
-1.325608
-1.325606
-1.326946
-1.324696
-1.329719
-1.324175
-1.329912
-1.331131
-1.342223
-1.336121
-1.324172
-1.329697
-1.328388
-1.321856
-1.320950
-1.328979
-1.330728
-1.328759
-1.332628
-1.328220
-1.329716
-1.327674
-1.323007
-1.325770
-1.329513
-1.325492
-1.325286
-1.333737
-1.330803
-1.328863
-1.339818
-1.330181
-1.322393
-1.324838
-1.323782
-1.325552
-1.324636
-1.335187
-1.328287
-1.337946
-1.324401
-1.335597
-1.322784
-1.324561
-1.322698
-1.328796
-1.327620
-1.332228
-1.331785
-1.330901
-1.318865
-1.329817
-1.328094
-1.326138
-1.338342
-1.334064
-1.321229
-1.323048
-1.326703
-1.327405
-1.333235
-1.331774
-1.326849
-1.324909
-1.324086
-1.336272
-1.330943
-1.326162
-1.330910
-1.329425
-1.330677
-1.325390
-1.329360
-1.325675
-1.335314
-1.327711
-1.325839
-1.325962
-1.324556
-1.323554
-1.320660
-1.329887
-1.333749
-1.328410
-1.329613
-1.322875
-1.337230
-1.326383
-1.324171
-1.324453
-1.327419
-1.325771
-1.325994
-1.328088
-1.326136
-1.329678
-1.325751
-1.333976
-1.325489
-1.321359
-1.324924
-1.331043
-1.326006
-1.333444
-1.327643
-1.323130
-1.320719
-1.333041
-1.334815
-1.328978
-1.325039
-1.324131
-1.327374
-1.322493
-1.327498
-1.319664
-1.324703
-1.340257
-1.327939
-1.329482
-1.325490
-1.330646
-1.328755
-1.328003
-1.328089
-1.332052
-1.321361
-1.329450
-1.325728
-1.324803
-1.331401
-1.339745
-1.328875
-1.329237
-1.329812
-1.327714
-1.324228
-1.339532
-1.327568
-1.323443
-1.329830
-1.327257
-1.328081
-1.327435
-1.328264
-1.326224
-1.330332
-1.341172
-1.331973
-1.330347
-1.329436
-1.329924
-1.325465
-1.329936
-1.332069
-1.327438
-1.330062
-1.331113
-1.327750
-1.329886
-1.328010
-1.326144
-1.320945
-1.327669
-1.327707
-1.324698
-1.324929
-1.327761
-1.327521
-1.327446
-1.331281
-1.328863
-1.328528
-1.324715
-1.326850
-1.327545
-1.331732
-1.319588
-1.334708
-1.317497
-1.329658
-1.346615
-1.327592
-1.331455
-1.327298
-1.327679
-1.330841
-1.333076
-1.328228
-1.322715
-1.331113
-1.329266
-1.324870
-1.329918
-1.332960
-1.327353
-1.330176
-1.321715
-1.327379
-1.324241
-1.327671
-1.321439
-1.327776
-1.329259
-1.330134
-1.327123
-1.347605
-1.329523
-1.328239
-1.328269
-1.325717
-1.333506
-1.330926
-1.329461
-1.327600
-1.332012
-1.330896
-1.323281
-1.337833
-1.324354
-1.326360
-1.327102
-1.321695
-1.328188
-1.362971
-1.328456
-1.327011
-1.327729
-1.325683
-1.326102
-1.325750
-1.333528
-1.326022
-1.327478
-1.329032
-1.329552
-1.325623
-1.334142
-1.322860
-1.330357
-1.332128
-1.322124
-1.324182
-1.322951
-1.326257
-1.327373
-1.327363
-1.335643
-1.325603
-1.332134
-1.325112
-1.321649
-1.333077
-1.327212
-1.328972
-1.320064
-1.325761
-1.339598
-1.324335
-1.327991
-1.327077
-1.325189
-1.323718
-1.320654
-1.328786
-1.328814
-1.323106
-1.330454
-1.323742
-1.326018
-1.326880
-1.326595
-1.327804
-1.334197
-1.325664
-1.325708
-1.326377
-1.326354
-1.326592
-1.326822
-1.325165
-1.331530
-1.329430
-1.330428
-1.325440
-1.320937
-1.326328
-1.326073
-1.327651
-1.328935
-1.332598
-1.324372
-1.327650
-1.329598
-1.323055
-1.329246
-1.325340
-1.324597
-1.314613
-1.326460
-1.328551
-1.326794
-1.330539
-1.323622
-1.327937
-1.329139
-1.334745
-1.319912
-1.327349
-1.331723
-1.330139
-1.327129
-1.322220
-1.331055
-1.327780
-1.330512
-1.326908
-1.324794
-1.333337
-1.325488
-1.325634
-1.330323
-1.330509
-1.338573
-1.330522
-1.329565
-1.335827
-1.326479
-1.327805
-1.326899
-1.322280
-1.325029
-1.333701
-1.329022
-1.333385
-1.327771
-1.333252
-1.325649
-1.331860
-1.325899
-1.328329
-1.343770
-1.325751
-1.331086
-1.329276
-1.326565
-1.328794
-1.323448
-1.323155
-1.331367
-1.322892
-1.324800
-1.328205
-1.329281
-1.326692
-1.349215
-1.332998
-1.333050
-1.329508
-1.333181
-1.327485
-1.325992
-1.329519
-1.332407
-1.326955
-1.325246
-1.327719
-1.326805
-1.334562
-1.325049
-1.327924
-1.326944
-1.325664
-1.328650
-1.325404
-1.325384
-1.330588
-1.337667
-1.323512
-1.326274
-1.340961
-1.328097
-1.322973
-1.331032
-1.328188
-1.327858
-1.327619
-1.327328
-1.326922
-1.325262
-1.328337
-1.326026
-1.328881
-1.327570
-1.327918
-1.330839
-1.318991
-1.328123
-1.325839
-1.340687
-1.330290
-1.324494
-1.331939
-1.324935
-1.315796
-1.325795
-1.337435
-1.324648
-1.322471
-1.328581
-1.327388
-1.326615
-1.332407
-1.332066
0.558526
-1.322311
-1.325381
-1.341160
-1.326218
-1.332282
-1.324504
-1.330274
-1.326921
-1.326753
-1.327699
-1.330048
-1.332228
-1.333504
-1.332988
-1.328477
-1.324481
-1.329641
-1.323117
-1.323669
-1.329089
-1.325636
-1.320700
-1.330204
-1.330765
-1.334559
-1.328412
-1.327309
-1.330953
-1.327823
-1.329114
-1.323378
-1.327899
-1.331547
-1.327226
-1.329503
-1.330159
-1.329727
-1.329415
-1.328397
-1.321025
-1.326816
-1.332404
-1.321893
-1.323583
-1.327216
-1.329526
-1.344037
-1.322106
-1.327560
-1.323644
-1.322442
-1.325033
-1.328186
-1.331706
-1.324807
-1.329010
-1.325380
-1.325346
-1.331050
-1.329721
-1.329936
-1.323033
-1.328466
-1.327262
-1.326545
-1.327999
-1.327259
-1.327906
-1.325709
-1.317921
-1.326103
-1.328318
0.635181
-1.325648
-1.321954
-1.329776
-1.333483
-1.333175
-1.328663
-1.323856
-1.326635
-1.324869
-1.327782
-1.329423
-1.328572
-1.322854
-1.322661
-1.332893
-1.331875
-1.330555
-1.330071
-1.321888
-1.319607
-1.331096
-1.336730
-1.324940
-1.329881
-1.325640
-1.334278
-1.332085
-1.327004
-1.321417
-1.329941
-1.326151
-1.325585
-1.327385
-1.331835
0.599766
-1.331428
-1.331244
-1.336000
-1.325909
-1.330079
-1.327890
-1.332002
-1.324366
-1.321296
-1.324714
-1.326781
-1.326669
-1.328373
-1.329297
-1.325234
-1.331564
-1.330242
-1.323685
-1.325555
-1.331303
-1.323661
-1.326771
-1.330416
-1.326379
-1.330161
-1.326022
-1.331240
-1.323948
-1.331527
-1.403919
-1.333769
-1.324337
-1.328087
-1.329704
-1.331504
-1.329748
-1.327548
-1.328934
-1.320510
-1.325307
-1.330562
-1.323641
-1.328463
-1.327533
-1.316316
-1.330005
-1.320054
-1.322566
-1.318945
-1.331816
-1.328137
-1.327190
-1.330169
-1.324773
-1.330352
-1.327285
-1.331672
-1.330698
-1.322169
-1.334621
-1.325683
-1.330995
-1.332055
-1.323339
0.539333
-1.340304
-1.206313
-1.327607
-1.327029
-1.324435
-1.328957
-1.323235
-1.331950
-1.322883
-1.324513
-1.327986
-1.328887
-1.323446
-1.320612
-1.323005
-1.329655
-1.331250
-1.326169
-1.323797
-1.324841
-1.329687
-1.323066
-1.323700
-1.325969
-1.328933
-1.331632
-1.328393
-1.333523
-1.325468
-1.332349
-1.328981
-1.327314
-1.332244
-1.323531
-1.328171
-1.323721
-1.330963
-1.329043
-1.323031
-1.315799
-1.328609
-1.323004
-1.332301
-1.326727
-1.316669
-1.329025
-1.324199
-1.327022
-1.325519
-1.319550
-1.331659
-1.329288
-1.329804
-1.330465
-1.331874
-1.328991
-1.320688
-1.328955
-1.322362
-1.327908
-1.327085
-1.327521
-1.332199
-1.322486
-1.328430
-1.329869
-1.325519
-1.330098
-1.331674
-1.337349
-1.320400
-1.336430
-1.331272
-1.321697
-1.324134
-1.327018
-1.325905
-1.330584
-1.325115
-1.325828
-1.332806
-1.330338
-1.329453
-1.327255
-1.323929
-1.333679
-1.327524
-1.331948
-1.325361
-1.329636
-1.322237
-1.322315
-1.329416
-1.328495
-1.326493
-1.328109
-1.330740
-1.326748
-1.329885
-1.328438
-1.333136
-1.328268
-1.328247
-1.328810
-1.323955
-1.327307
-1.331944
-1.326238
-1.323492
-1.328119
-1.322187
-1.328628
-1.333039
-1.328133
-1.330294
-1.326403
-1.332710
-1.333506
-1.324727
-1.353677
-1.332616
-1.336258
-1.335413
-1.324352
-1.330718
-1.334057
-1.334431
-1.330122
-1.330425
-1.326857
-1.330177
-1.327588
-1.332356
-1.323907
-1.322061
-1.338664
-1.328792
-1.332736
-1.325804
-1.329881
-1.328918
-1.329593
-1.327819
-1.330472
-1.326257
-1.328833
-1.328836
-1.335710
-1.327492
-1.327042
-1.330643
-1.327296
-1.324603
-1.337836
-1.326742
-1.324915
-1.330387
-1.330283
-1.328014
-1.327709
-1.324379
-1.330409
-1.326703
-1.329170
-1.339783
-1.328742
-1.323908
-1.330220
-1.326770
-1.330206
-1.342246
-1.325406
-1.318145
-1.326059
-1.329425
-1.327522
-1.323299
-1.324318
-1.325314
-1.327568
-1.335751
-1.321159
-1.329944
-1.328162
-1.337198
-1.332747
-1.334326
-1.325031
-1.323615
-1.328227
-1.322236
-1.332246
-1.329794
-1.326031
-1.331446
-1.329574
-1.324996
-1.329843
-1.330896
-1.329686
-1.324644
-1.328355
-1.329031
-1.340490
-1.329063
-1.320703
-1.326374
-1.336457
-1.330580
-1.320521
-1.331777
-1.322049
-1.331089
-1.326369
-1.325862
-1.330998
-1.326703
-1.326664
-1.324243
-1.332050
-1.329430
-1.327330
-1.324728
-1.327219
-1.329810
-1.325866
-1.322656
-1.322375
-1.327888
-1.329498
-1.327821
-1.320943
-1.331925
-1.329114
-1.326082
-1.326898
-1.332470
-1.323675
-1.325943
-1.335224
-1.330453
-1.331287
-1.327154
-1.326009
-1.323388
-1.318940
-1.324881
-1.325664
-1.321537
-1.331126
-1.326263
-1.328368
-1.328324
-1.330161
-1.333238
-1.327517
-1.325510
-1.330412
-1.328520
-1.340921
-1.323836
-1.323469
-1.352783
-1.332471
-1.324666
-1.321777
-1.332448
-1.328629
-1.332053
-1.330712
-1.326306
-1.320619
-1.325964
-1.328983
-1.327244
-1.330679
-1.323389
-1.332037
-1.324417
-1.331785
-1.327710
-1.328280
-1.331753
-1.325542
-1.326668
-1.321603
-1.325914
0.660314
-1.326535
-1.332387
-1.329133
-1.328125
-1.327903
-1.331853
-1.335877
-1.324605
-1.332387
-1.330233
-1.323262
-1.327316
-1.328706
-1.323142
-1.345973
-1.331720
-1.327109
-1.329825
-1.323685
-1.331458
-1.331940
-1.324081
-1.325895
-1.325799
-1.331668
-1.330700
-1.332759
-1.322084
-1.329534
-1.331570
-1.327769
-1.326110
-1.330729
-1.328020
-1.328519
-1.321478
-1.328460
-1.326340
-1.335212
-1.324633
-1.328743
-1.325633
-1.328846
-1.331776
-1.332212
-1.326749
-1.335030
-1.330471
-1.324695
-1.333327
-1.323867
-1.329730
-1.328273
-1.322156
-1.326451
-1.330569
-1.323219
-1.329286
-1.327412
-1.323527
-1.325477
-1.329213
-1.323259
-1.333427
-1.323939
-1.328341
-1.324942
-1.327667
-1.327976
-1.322993
-1.329411
-1.329865
-1.333125
-1.325470
-1.326149
-1.335562
-1.332238
-1.324517
-1.326043
-1.324718
-1.319650
-1.325280
-1.324293
-1.338224
-1.326262
-1.330955
-1.324041
-1.327966
-1.330787
-1.324952
-1.332249
-1.329143
-1.325005
-1.326395
-1.333299
-1.363629
-1.329924
-1.328110
-1.325224
-1.336438
-1.328732
-1.324698
-1.325916
-1.330336
-1.326394
-1.333260
-1.327709
-1.328826
-1.324605
-1.325450
-1.331425
-1.325655
-1.332714
-1.330201
-1.327621
-1.326812
-1.326047
-1.330338
-1.322831
-1.328741
-1.326498
-1.326648
-1.334255
-1.322249
-1.322760
-1.331766
-1.320672
-1.325800
-1.327485
-1.324388
-1.330033
-1.328751
-1.331291
-1.336981
-1.325666
-1.329064
-1.319443
-1.323766
-1.332277
-1.332682
-1.330094
-1.333613
-1.320634
-1.335708
-1.329020
-1.325287
-1.326076
-1.330436
-1.325835
-1.325010
-1.331493
-1.324430
-1.335341
-1.323730
-1.325128
-1.330244
-1.328862
-1.328610
-1.327005
-1.325559
-1.329662
-1.331599
-1.323364
-1.323949
-1.321503
-1.333169
-1.332447
-1.326338
-1.328106
-1.327820
-1.325776
-1.334562
-1.320223
-1.334129
-1.327921
-1.316976
-1.330266
-1.331110
-1.325677
-1.327083
-1.332528
-1.325742
-1.323290
-1.321773
-1.321230
-1.327872
-1.327103
-1.323090
-1.324012
-1.332618
-1.322090
-1.327017
-1.325881
-1.329775
-1.325309
-1.327049
-1.327776
-1.335397
-1.330530
-1.374034
-1.315374
-1.330738
-1.330502
-1.327988
-1.334298
-1.330718
-1.326552
-1.331481
-1.335981
-1.328760
-1.326944
-1.325998
-1.330215
-1.322909
-1.322597
-1.319782
-1.323307
-1.323013
-1.328630
-1.332587
-1.331402
-1.323111
-1.333008
-1.327262
-1.329427
-1.331080
-1.328342
-1.321642
-1.329957
-1.326544
-1.329384
-1.324685
-1.336026
-1.332454
-1.326088
-1.323382
-1.329374
-1.317754
-1.325162
-1.328319
-1.321807
-1.323014
-1.330877
0.527472
-1.329286
-1.329736
-1.324688
-1.330262
-1.331399
-1.328886
-1.333481
-1.329402
-1.326664
-1.328274
-1.323230
-1.331803
-1.321021
-1.331071
-1.327787
-1.322326
-1.343244
-1.322681
-1.332598
-1.329660
-1.327819
-1.323261
-1.335697
-1.327819
-1.327000
-1.324909
-1.323386
-1.331565
-1.326299
-1.327440
-1.329078
-1.329919
-1.321773
-1.325816
-1.321561
-1.334700
-1.328780
-1.326854
-1.329284
-1.327340
-1.350220
-1.329198
-1.326037
-1.324048
-1.323294
-1.325383
-1.328550
-1.326895
-1.330084
-1.328655
-1.328614
-1.330737
-1.315029
-1.332787
-1.325259
-1.326948
-1.330540
-1.325960
-1.327466
-1.329971
-1.336622
-1.332882
-1.321860
-1.327158
-1.326111
-1.330098
-1.319355
-1.327033
-1.325016
-1.337948
-1.321158
-1.328089
-1.325866
-1.325349
-1.330078
-1.329871
-1.322916
-1.331788
-1.331066
-1.327942
-1.329313
-1.324771
-1.327266
-1.327156
-1.333106
-1.326736
-1.327940
-1.328601
-1.329448
-1.328502
-1.330890
-1.330410
-1.323047
-1.321652
-1.332141
-1.324870
-1.326466
-1.322694
-1.325064
-1.323042
-1.327863
-1.331986
-1.324234
-1.324236
-1.332343
-1.327316
-1.329650
-1.325773
-1.329942
-1.327951
-1.329094
-1.330810
-1.326050
-1.327241
-1.330565
-1.325663
-1.322930
-1.324675
-1.326629
-1.331725
-1.327781
-1.329345
-1.329118
-1.334490
-1.323802
-1.325443
-1.328895
-1.331033
-1.327540
-1.327806
-1.324998
-1.322916
-1.330510
-1.323303
-1.327063
-1.330455
-1.329848
-1.325051
-1.331319
-1.333585
-1.332141
-1.329302
-1.322414
-1.328267
-1.336228
-1.333377
-1.333807
-1.321613
-1.338895
-1.322867
-1.326448
-1.331801
-1.317725
-1.328213
-1.360448
-1.331726
-1.323990
-1.324993
-1.329326
-1.330528
-1.334896
-1.324049
-1.325309
-1.330287
-1.321875
-1.323092
-1.326904
-1.324226
-1.323122
-1.333691
-1.326905
-1.323085
-1.330145
-1.330872
-1.325924
-1.325116
-1.323404
-1.321723
-1.319023
-1.325707
-1.333616
-1.327959
-1.328885
-1.331970
-1.329537
-1.327250
-1.333762
-1.332410
-1.324759
-1.330378
-1.340724
-1.329191
-1.326823
-1.320828
-1.329754
-1.328267
-1.328499
-1.330399
-1.333086
-1.332740
-1.324308
-1.337887
-1.332186
-1.327374
-1.327378
-1.329699
-1.319276
-1.323359
-1.322902
-1.324581
-1.326704
-1.323265
-1.329142
-1.325758
-1.328808
-1.327943
-1.330048
-1.331559
-1.338875
-1.321867
-1.330628
-1.327651
-1.324332
-1.330404
-1.330338
-1.329990
-1.323833
-1.336820
-1.333035
-1.329328
-1.322938
-1.327726
-1.334118
-1.326647
-1.331551
-1.327809
-1.330755
-1.332652
-1.329610
-1.330292
-1.328292
-1.324770
-1.330600
-1.336805
-1.330334
-1.334622
-1.330419
-1.323994
-1.331433
-1.334908
-1.326872
-1.323178
-1.334069
-1.328111
-1.337949
-1.329253
-1.333702
-1.335941
-1.326385
-1.324363
-1.324913
-1.323031
-1.324094
-1.324735
-1.332151
-1.326064
-1.323032
-1.320278
-1.325425
-1.330179
-1.318073
-1.336202
-1.325940
-1.325396
-1.323793
-1.322119
-1.440962
-1.328855
-1.342256
-1.324314
-1.320787
-1.325094
-1.323898
-1.330125
-1.327559
-1.327979
-1.328369
-1.326753
-1.331157
-1.331230
-1.333638
-1.321557
-1.323901
-1.326201
-1.326838
-1.331818
-1.331763
-1.326123
-1.329134
-1.323145
-1.325240
-1.321879
-1.330048
-1.324365
-1.326573
-1.327104
-1.328396
-1.329955
-1.333038
-1.328541
-1.329055
-1.330431
-1.325754
-1.326546
-1.327229
-1.326904
-1.326685
-1.326098
-1.329302
-1.325588
-1.324313
-1.320992
-1.332105
-1.334836
-1.334002
-1.329178
-1.328286
-1.363981
-1.332852
-1.326093
-1.329000
-1.328950
-1.325601
-1.334014
-1.324397
-1.332184
-1.324617
-1.323518
-1.324849
-1.328978
-1.321800
-1.324774
-1.319034
-1.330471
-1.325576
-1.329692
-1.328031
-1.327989
-1.329141
-1.333805
-1.328097
-1.325457
-1.323291
-1.325806
-1.327150
-1.329046
-1.327902
-1.326544
-1.327655
-1.325449
-1.323044
-1.336429
-1.328113
-1.326144
-1.333180
-1.328341
-1.324691
-1.325262
-1.327129
-1.325922
-1.331513
-1.332739
-1.327837
-1.332799
-1.333870
-1.329429
-1.330070
-1.327722
-1.329237
-1.333088
-1.327175
-1.330410
-1.327070
-1.327939
-1.330249
-1.328537
-1.326623
-1.326697
-1.329143
-1.330337
-1.323809
-1.329676
-1.328857
-1.331198
-1.322509
-1.334772
-1.328838
-1.326837
-1.329084
-1.332895
-1.328499
-1.336907
-1.327684
-1.325582
-1.324517
-1.330915
-1.322431
-1.325935
-1.331194
-1.320770
-1.332884
-1.331221
-1.326842
-1.326879
0.584688
-1.336890
-1.341296
-1.329096
-1.322379
-1.336610
-1.333466
-1.333569
-1.326883
-1.333141
-1.332157
-1.329236
-1.329213
-1.328479
-1.328525
-1.327764
-1.327350
-1.321826
-1.329486
-1.328526
-1.323227
-1.327060
-1.327082
-1.325351
-1.321153
-1.327768
-1.322965
-1.330058
-1.330085
-1.324667
-1.331946
-1.330728
-1.333880
-1.328926
-1.326242
-1.332971
-1.332258
-1.326802
-1.328911
-1.331657
-1.317908
-1.327247
-1.332212
-1.330845
-1.333175
-1.328668
-1.327589
-1.324502
-1.329458
-1.328444
-1.330125
-1.326346
-1.325386
-1.327363
-1.328685
-1.328304
-1.327376
-1.327719
-1.323678
-1.325145
-1.330542
-1.327274
-1.335053
-1.327824
-1.333484
-1.327938
-1.329378
-1.326081
-1.322955
-1.324083
-1.321704
-1.329802
-1.326625
-1.329828
-1.326652
-1.319797
-1.336741
-1.327948
1.144891
-1.323660
-1.323850
-1.321074
-1.321540
-1.326814
-1.320299
-1.320859
-1.327287
-1.323331
-1.325074
-1.328359
-1.326264
-1.326988
-1.327317
-1.324952
-1.326243
-1.325798
-1.320172
-1.327489
-1.334878
-1.332529
-1.329789
-1.319098
-1.326882
-1.327780
-1.325861
-1.329131
-1.322778
-1.329324
-1.323605
-1.342352
-1.334277
-1.330676
-1.323844
-1.324314
-1.331396
-1.328173
-1.331950
-1.322659
-1.325487
-1.332917
-1.329849
-1.331487
-1.324630
-1.331651
-1.320374
-1.334915
-1.337582
-1.335465
-1.364217
-1.328307
-1.330643
-1.328426
-1.330000
-1.329879
-1.330668
-1.327783
-1.330168
-1.329335
-1.327656
-1.327352
-1.330895
-1.330675
-1.329856
-1.330379
-1.326742
-1.329861
-1.324180
-1.335679
-1.326160
-1.326341
-1.327612
-1.329836
-1.327319
-1.330881
-1.322288
-1.323646
-1.328116
-1.325816
-1.329885
-1.332827
-1.327850
-1.329971
-1.326154
-1.326113
-1.325618
-1.328548
-1.327368
-1.325715
-1.329927
-1.322979
-1.324484
-1.334176
-1.328367
-1.332850
-1.329803
-1.328028
-1.327879
-1.327302
-1.323311
-1.328254
-1.333525
-1.325277
0.543410
-1.327028
-1.330487
-1.329217
-1.329386
-1.318062
-1.330142
-1.324541
-1.328622
-1.330334
-1.327351
-1.335259
-1.333509
-1.329056
-1.323585
-1.332073
-1.325035
-1.324638
-1.327968
-1.328405
-1.328554
-1.333864
-1.325996
-1.321919
-1.333461
-1.327802
-1.329383
-1.330573
-1.325314
-1.331914
-1.330062
-1.331176
-1.333539
-1.326270
-1.331075
-1.329247
-1.330014
-1.330035
-1.363451
-1.327103
-1.338211
-1.329987
-1.331871
-1.327730
-1.323433
-1.327149
-1.322144
-1.328747
-1.328191
-1.311596
-1.327988
-1.329237
-1.329782
-1.330071
0.519506
-1.321263
-1.327884
-1.340867
-1.334260
-1.330691
-1.329516
-1.327591
-1.322249
-1.325589
-1.328816
-1.324375
-1.323512
-1.333615
-1.325801
-1.333157
-1.325659
-1.328356
-1.327271
-1.328283
-1.330659
-1.324048
-1.332688
-1.329651
-1.326494
-1.329648
-1.332001
-1.329251
-1.325598
-1.325341
-1.323644
-1.321364
-1.327160
-1.328140
-1.324255
-1.333760
-1.329423
-1.330244
-1.326688
-1.328711
-1.323384
-1.327497
-1.329361
-1.326165
-1.324524
-1.324180
-1.329128
-1.330424
-1.330995
-1.325140
-1.326171
-1.343951
-1.320810
-1.330188
-1.330394
-1.326092
-1.323035
-1.330876
-1.325844
-1.325549
-1.322938
-1.326598
-1.326938
-1.326726
-1.328152
-1.328035
-1.330483
-1.327467
-1.327759
-1.325073
-1.328608
-1.325747
-1.343984
-1.328177
-1.333467
-1.330674
-1.327428
-1.326429
-1.321948
-1.326763
-1.333412
-1.333475
-1.329021
-1.331550
-1.327793
-1.327747
-1.327910
-1.328241
-1.329008
-1.329301
-1.336117
-1.325474
-1.322239
-1.325053
-1.330184
-1.323720
-1.324014
-1.326353
-1.331847
-1.325945
-1.326020
-1.318763
-1.329882
-1.329287
-1.329696
-1.329958
-1.328057
-1.327430
-1.332911
-1.330150
-1.331028
-1.320324
-1.323980
-1.325368
-1.321630
-1.326029
-1.324246
-1.330328
-1.326659
-1.326989
-1.329980
-1.328067
-1.331489
-1.325529
-1.332440
-1.328661
-1.322975
-1.331018
-1.329272
-1.325489
-1.330480
-1.328164
-1.329561
-1.408135
-1.328421
-1.328482
-1.326523
