-4.071245
-2.603585
-3.937145
-3.000757
-3.082668
-3.593563
-3.001883
-3.724426
-2.607056
-2.837685
-2.004757
-3.336458
-3.534451
-2.538781
-1.752744
-2.764042
-3.354628
-2.354443
-3.195128
-2.117783
-1.385021
-2.276233
-2.161336
-2.718723
-4.078025
-1.886779
-3.365032
-2.516924
-2.866541
-2.962918
-3.232968
-2.748908
-3.351494
-3.249312
-2.669900
-3.676872
-3.163553
-3.509284
-3.774724
-2.193095
-2.719470
-3.436493
-3.023705
-2.716812
-2.636434
-4.287715
-3.820283
-2.661321
-3.293692
-3.985143
-2.627275
-4.156549
-3.577234
-3.702964
-1.668881
-3.713840
-2.866442
-2.273467
-2.160127
-3.456486
-3.243159
-1.053927
-3.086506
-3.390988
-3.269206
-3.588954
-3.587718
-2.828815
-3.024586
-3.372425
-3.519740
-2.813680
-4.329740
-3.532664
-3.026964
-2.824291
-2.873391
-3.377220
-3.053809
-3.627542
-2.169143
-2.546082
-3.561369
-3.612231
-3.023724
-3.243103
-4.211864
-3.555985
-3.730726
-4.181283
-3.432755
-2.073121
-2.617780
-2.361226
-3.469730
-2.836582
-3.159854
-2.931946
-2.625487
-2.011755
