-0.214000
-0.008000
0.060000
0.696000
0.296000
-0.136000
0.908000
0.282000
1.048000
0.042000
0.142000
-0.908000
0.210000
0.342000
0.502000
0.380000
-0.254000
0.684000
0.222000
0.638000
0.396000
0.798000
-0.240000
-0.024000
0.496000
-0.128000
0.398000
0.158000
0.140000
0.824000
0.876000
-0.356000
-0.430000
1.318000
-0.904000
1.180000
0.246000
-0.246000
-0.650000
0.786000
0.200000
0.100000
1.514000
-0.292000
0.534000
0.414000
0.502000
-0.592000
-0.566000
0.280000
-0.272000
0.944000
-0.896000
1.364000
-0.214000
0.460000
0.562000
0.138000
-0.114000
-0.260000
0.826000
-0.260000
0.784000
0.304000
