8.936063
10.501665
9.415982
9.140993
8.170051
10.207770
10.455497
9.269043
10.549044
9.613047
9.493127
7.419096
10.333801
10.526006
10.359380
7.700054
5.504004
9.226832
10.791642
9.112614
9.750177
10.287509
10.738590
7.960830
8.413575
7.937346
9.160481
10.591181
8.521330
9.935188
9.560066
10.395945
10.041343
10.560855
10.198074
7.168615
9.160701
9.342246
10.631627
10.677211
9.142322
9.943498
7.774734
9.502921
10.129152
9.268512
6.079287
9.736825
9.150404
7.894470
9.145657
9.086399
9.580776
9.564852
10.565254
9.455107
10.082174
10.651672
10.548715
9.326574
10.508437
7.993124
6.276495
10.383748
10.565425
10.181791
6.450944
10.550301
10.285318
9.952481
6.771866
7.217603
9.996510
10.692890
9.248508
8.884962
10.643034
9.933738
7.032795
8.000586
9.473121
10.055199
10.372760
9.614110
9.183573
9.395873
9.207333
10.142502
9.876337
10.544683
10.551351
9.276418
9.050714
10.400550
10.201336
10.022437
10.242091
10.627277
7.938526
8.047081
