0.047280
0.057180
0.070980
0.076920
0.072060
0.049860
0.093180
0.075840
0.068100
0.051480
0.085500
0.026760
0.087180
0.113700
0.072420
0.073200
0.060180
0.057360
0.072480
0.084660
0.090360
0.016560
0.053460
0.037860
0.050460
0.078780
0.011160
0.125880
-0.013620
0.096420
0.035340
0.087720
0.053160
0.054600
0.135480
-0.019380
0.140400
0.010680
0.107040
0.032520
0.046860
0.105060
0.020160
0.104640
-0.017340
0.136440
0.041400
0.060840
0.033840
0.073560
0.069720
0.080760
0.069240
0.072180
0.075420
0.074220
0.090840
0.024540
0.075180
0.079800
0.031680
0.082320
0.073440
0.074400
