-0.004952
0.038960
-0.044346
-0.187359
-0.199171
-0.022149
-0.092714
-0.257483
-0.128897
-0.023149
-0.147927
-0.146317
-0.094345
-0.125725
-0.048634
-0.203882
-0.135051
-0.145231
-0.062838
-0.035881
-0.163170
-0.119958
-0.074626
-0.241012
0.046379
-0.094275
-0.001187
-0.107953
-0.096908
-0.107471
-0.165571
-0.102591
-0.087140
-0.125433
-0.192637
0.018111
-0.085963
-0.087838
-0.134483
-0.014362
-0.147986
-0.092208
0.023791
0.036984
-0.142997
-0.110743
0.180789
0.022675
-0.104233
-0.199860
0.092443
-0.201058
-0.051501
-0.177962
0.070595
0.012311
-0.048786
-0.144433
-0.215600
-0.057607
-0.101941
-0.103109
-0.019797
-0.158348
-0.137469
-0.139302
-0.094997
-0.071828
-0.183348
-0.099919
0.079865
-0.106307
-0.178906
-0.113403
0.047563
-0.070818
-0.114087
-0.044918
-0.024613
-0.213091
-0.103367
-0.089790
-0.152777
-0.012850
-0.215557
-0.033994
-0.069678
-0.325319
-0.002967
-0.101763
0.150061
-0.137891
-0.084192
-0.144742
-0.220250
-0.140628
-0.049586
0.052692
-0.179406
-0.092901
