1.498100
1.523735
1.525250
1.530982
1.524284
1.508265
1.502120
1.528526
1.519807
1.523455
1.521417
1.548860
1.526978
1.509127
1.512508
1.506987
1.497562
1.517236
1.500983
1.527895
1.523435
1.519585
1.503387
1.534517
1.500271
1.506960
1.526354
1.513762
1.509479
1.523237
1.518247
1.504576
1.509816
1.515560
1.529616
1.524065
1.501357
1.521463
1.514789
1.493201
1.503976
1.516969
1.529749
1.532140
1.525369
1.524866
1.497158
1.516581
1.525697
1.546769
1.506267
1.523453
1.523795
1.528743
1.519173
1.530185
1.524411
1.512939
1.531013
1.532119
1.519630
1.496403
1.514177
1.508709
1.523691
1.517090
1.531304
1.529305
1.527694
1.505610
1.498187
1.522972
1.510973
1.504446
1.515810
1.536126
1.519960
1.507297
1.509477
1.535936
1.524947
1.534670
1.509827
1.496663
1.533801
1.520352
1.523575
1.519828
1.518219
1.521755
1.494251
1.507678
1.520141
1.519868
1.518734
1.508043
1.520002
1.511752
1.541834
1.528828
