0.005824
0.006677
0.005120
0.005951
0.004557
0.006491
0.005719
0.004809
0.004503
0.006185
0.004474
0.005967
0.005274
0.006739
0.004585
0.004660
0.006760
0.005905
0.007244
0.006173
0.005953
0.006731
0.005767
0.005336
0.006718
0.004128
0.005924
0.006954
0.006387
0.006783
0.004465
0.005572
0.006304
0.005754
0.008038
0.006632
0.004737
0.006423
0.005018
0.004711
0.005430
0.004240
0.004939
0.005859
0.004155
0.005362
0.005239
0.005836
0.004286
0.005484
0.005457
0.004504
0.004125
0.005384
0.005629
0.005089
0.005278
0.005803
0.006160
0.005329
0.006297
0.005849
0.008640
0.005549
