0.006573
-0.023913
-0.008184
0.008536
-0.040588
-0.045228
-0.035868
-0.023143
-0.008729
0.014779
-0.013463
-0.012958
-0.032044
-0.033386
-0.004704
0.006034
-0.013162
0.001705
-0.034664
-0.011027
0.002824
-0.011512
-0.009362
-0.026620
0.016571
-0.053077
-0.013743
0.010845
-0.004397
-0.019966
-0.006333
-0.049797
-0.022029
-0.010977
-0.003670
-0.010643
0.013117
-0.026732
-0.025760
-0.056955
-0.017972
-0.016858
-0.009834
-0.008550
-0.014180
0.005185
-0.034484
-0.012077
-0.033283
-0.003266
0.018489
-0.007206
-0.008426
-0.017988
-0.024765
-0.041614
0.008278
0.002741
0.010016
-0.020600
0.000066
-0.020340
-0.037414
-0.027215
