-0.174000
0.030000
0.168000
-0.258000
0.468000
-0.204000
0.486000
-0.414000
0.198000
-0.192000
0.006000
-0.570000
-0.048000
0.378000
-0.282000
0.678000
-0.006000
0.198000
0.054000
0.204000
0.552000
-0.252000
0.126000
-0.726000
0.324000
-0.678000
0.072000
0.396000
-0.408000
0.354000
0.102000
-0.036000
-0.516000
0.900000
-0.330000
0.108000
0.144000
-0.096000
-0.258000
-0.096000
-0.222000
0.132000
0.090000
-0.084000
0.360000
0.108000
-0.264000
-0.138000
-0.234000
0.072000
-0.186000
0.654000
-1.224000
0.552000
-0.126000
0.024000
-0.144000
-0.252000
0.192000
-0.594000
0.696000
-0.534000
0.360000
-0.144000
