-3.620247
-1.796866
-1.816158
-1.989502
-2.360901
-1.730355
-3.336002
-1.598327
-1.884771
-1.645715
-1.655398
-3.259596
-3.754877
-2.845946
-3.818292
-1.644306
-3.236671
-3.755179
-1.662113
-1.652180
-1.645566
-1.677273
-3.052608
-3.838244
-2.907700
-2.744940
-3.330475
-2.876957
-3.606123
-1.640964
-1.686595
-1.617803
-1.717810
-3.075141
-4.069004
-2.890267
-3.421359
-1.659143
-3.876024
-3.225513
-1.613924
-3.345778
-3.491666
-2.827940
-1.692505
-1.633724
-3.527708
-1.727851
-1.736499
-1.827277
-1.756040
-2.937426
-2.938196
-3.207577
-3.489293
-1.678000
-2.327752
-3.431609
-1.687968
-3.844942
-3.475480
-2.774166
-3.424300
-1.781642
-2.702751
-1.651089
-3.191901
-1.708848
-3.030261
-3.173995
-3.523064
-3.172470
-3.421398
-1.666108
-1.622897
-1.645336
-1.710743
-1.648123
-3.652474
-2.889532
-1.764741
-2.773294
-3.237631
-3.043831
-1.612521
-1.678279
-3.788059
-1.644587
-1.646714
-3.321824
-2.393476
-4.089467
-1.732394
-3.546187
-3.295615
-1.635207
-1.635423
-1.699939
-3.000058
-1.701517
