-2.494000
-102.957500
-170.202000
-18.105500
-3.872500
-1.586000
-6.177500
-41.208000
-3.525500
-38.665500
-152.230500
-5.267500
-3.089500
-1.775000
-1.145500
-3.192000
-1.788000
-2.085000
-4.220000
-3.212500
-1.422000
-1.599500
-4.288000
-7.449500
-4.259500
-2.760500
-1.782000
-1.821000
-1.189500
-1.461500
-7.731000
4.502500
-4.666500
-3.049000
-1.993500
-2.322500
-2.119000
-1.587000
-3.484500
-3.242000
-2.030000
-1.572000
-1.390500
-1.840500
-2.670500
-2.273500
-2.060000
-1.560500
-2.616000
-2.600500
-4.496500
-3.329500
-4.288000
-2.717000
-2.536500
-6.091500
-10.901500
-7.027500
-6.513500
-3.497000
-2.759000
-1.720500
-9.672500
-240.511000
