1.817146
1.575409
2.197348
1.482887
2.734658
2.103704
1.960421
4.639718
2.688875
1.814976
1.576934
1.724596
1.575366
2.421958
2.413395
1.746026
1.805580
2.392367
1.577175
2.464703
2.027550
1.612849
2.017254
1.815175
3.279033
1.609243
1.720831
1.442811
1.762265
1.814240
3.173756
1.577138
1.944315
2.747040
1.441624
1.750565
-8.741995
1.704747
2.885369
1.482441
3.456419
1.812216
2.893984
1.575388
1.815319
3.123266
2.224521
1.757134
1.814758
2.327465
2.414442
1.705547
1.575611
1.787663
1.797761
2.739025
1.485256
1.613134
1.946768
1.575372
1.576245
1.628535
2.016763
2.644531
1.644308
2.409163
1.826533
1.608986
1.743803
3.450558
1.789188
2.098636
1.745855
2.593891
1.473722
1.622990
-3.756081
1.846736
1.868432
2.139964
2.055375
2.868318
1.609213
1.894763
1.613577
4.436665
1.627169
2.262554
1.816847
1.910421
2.623601
1.765759
1.612822
1.998329
1.607989
1.575380
1.933086
2.165443
2.948434
1.704108
