0.706500
0.231300
0.999900
0.929700
-0.063000
0.811800
1.603800
0.119700
0.939600
-0.224100
1.092600
-0.099000
0.711000
1.190700
1.000800
1.383300
0.077400
1.340100
0.994500
-0.026100
0.814500
1.021500
0.427500
-0.243000
0.829800
0.527400
0.358200
1.533600
0.380700
0.461700
1.350900
0.115200
-0.237600
1.827900
-0.297000
1.282500
-0.090900
1.244700
0.002700
0.399600
0.726300
0.388800
1.444500
0.046800
1.801800
0.333900
1.062900
0.007200
-0.572400
1.165500
0.592200
1.538100
-0.567900
1.761300
0.105300
0.873900
1.431000
0.584100
0.340200
0.184500
1.026000
-0.275400
0.933300
1.259100
