-2.342856
-1.532100
-2.642440
-2.788729
-1.858462
-1.937527
-2.594563
-2.143374
-1.711637
-1.561384
-1.982642
-0.958225
-1.949224
-1.536367
-1.921220
-1.689836
0.117883
-1.875698
-2.147753
-2.069626
-2.471792
-1.865309
-2.670299
-1.769244
-1.381560
-1.268123
-2.130245
-2.314309
-1.853131
-1.237102
-2.835389
-2.907918
-2.416412
-1.806613
-2.608496
-2.289818
-2.386164
-1.894696
-1.311197
-1.759195
-0.970149
-1.714108
-2.288098
-2.002687
-1.868132
-2.465041
-2.043207
-1.731707
-2.597453
-2.063951
-1.237611
-1.708059
-2.221917
-1.666382
-2.171892
-2.425794
-1.646666
-2.815421
-2.100146
-1.397971
-2.059852
-2.072362
-1.994918
-1.384822
-2.325220
-2.505894
-0.396650
-1.563532
-2.084038
-2.099605
-2.053495
-1.844629
-1.343346
-1.926065
-1.678086
-0.988703
-1.721569
-1.958807
-1.205819
-1.649202
-2.418314
-1.985412
-1.295271
-0.978468
-2.448776
-2.399658
-0.441487
-1.643651
-0.775563
-2.254240
-1.334096
-2.273371
-1.832653
-1.758532
-1.934319
-2.314244
-1.880837
-2.062687
-1.679247
-2.063046
