0.515000
0.425000
0.413000
0.478000
0.521000
0.505000
0.379000
0.430000
0.494000
0.370000
0.324000
0.427000
0.455000
0.421000
0.353000
0.491000
0.574000
0.380000
0.366000
0.439000
0.540000
0.396000
0.454000
0.444000
0.516000
0.386000
0.422000
0.470000
0.461000
0.316000
0.356000
0.428000
0.543000
0.559000
0.451000
0.453000
0.374000
0.345000
0.410000
0.349000
0.571000
0.381000
0.401000
0.433000
0.342000
0.331000
0.317000
0.389000
0.350000
0.341000
0.446000
0.401000
0.413000
0.431000
0.353000
0.377000
0.386000
0.424000
0.388000
0.447000
0.490000
0.613000
0.477000
0.423000
