-0.116368
-0.183002
-0.192953
-0.240546
-0.186461
-0.142408
-0.187954
-0.145974
-0.097865
-0.204491
-0.130359
-0.104097
-0.217425
-0.294506
-0.207645
-0.269192
-0.202626
-0.378592
-0.096545
-0.212272
-0.155321
-0.121609
-0.671773
-0.205938
-0.097406
-0.422571
-0.322019
-0.162229
-0.125537
-0.131127
-0.198655
-0.115265
-0.138932
-0.140903
-0.175747
-0.146314
-0.276345
-0.142971
-0.216127
-0.157857
-0.157441
-0.171515
-0.203538
-0.113994
-0.128363
-0.144220
-0.137483
-0.124498
-0.176083
-0.088239
-0.301874
-0.232109
-0.106544
-0.207772
-0.123944
-0.227812
-0.161799
-0.471226
-0.088778
-0.087183
-0.101958
-0.215069
-0.103346
-0.148197
-0.171972
-0.071565
-0.162832
-0.110445
-0.117524
-0.149656
-0.088342
-0.255508
-0.127086
-0.224804
-0.089228
-0.131954
-0.154506
-0.149493
-0.226878
-0.136261
-0.137329
-0.229524
-0.189037
-0.074432
-0.101822
-0.175385
-0.173976
-0.138786
-0.168985
-0.122087
-0.114934
-0.070540
-0.109166
-0.366210
-0.453139
-0.172120
-0.162892
-0.126809
-0.211339
-0.138462
