0.201400
-0.235640
0.084000
0.325120
-0.016120
-0.069760
-0.054120
0.449360
-0.218640
0.232640
0.315080
-0.103360
0.149880
0.252680
0.261960
-0.100120
0.051480
0.099800
0.066720
0.188960
-0.052000
-0.161160
-0.050040
0.062560
-0.001680
-0.113800
-0.097040
0.214760
-0.056320
0.142080
0.124720
0.242120
-0.209560
0.084480
0.260800
-0.136240
0.241680
-0.126520
0.207400
-0.010560
0.247720
-0.070040
0.011360
0.324000
-0.326680
0.165400
0.266320
-0.353000
-0.075800
0.144680
-0.052880
0.133240
-0.177640
0.270160
-0.320120
0.379720
0.187200
-0.155240
0.201360
-0.012280
-0.003720
-0.090920
0.179840
0.043720
