-0.136994
0.667142
0.662546
-0.486873
-0.386769
0.138500
-0.062172
-0.945600
-0.536060
0.077013
-0.552366
-0.014185
-0.244979
-0.318776
-0.282799
-0.357270
-0.586309
-0.304303
0.013611
0.485724
-0.692052
0.089618
0.105884
-0.908329
0.694777
-0.252772
0.238789
-0.477297
-0.107240
-0.505290
-0.300776
-0.329880
-0.370136
-0.221905
-0.633459
0.090708
-0.022085
-0.224709
-0.705747
-0.114530
-0.170410
-0.396786
0.166048
0.440133
-0.473451
-0.323354
0.581639
0.410132
-0.197445
-0.900765
0.753410
-0.493533
0.009898
-0.475278
0.073848
0.587716
0.068221
-0.504488
-0.766037
0.165806
-0.359802
-0.630574
-0.107519
-0.625299
-0.764730
-0.635479
0.235503
0.082421
-0.475454
-0.528143
0.260682
-0.544472
-0.679412
-0.314582
0.669113
-0.016116
-0.440768
0.168536
0.412515
-0.496181
-0.410785
-0.013062
-0.652902
-0.005542
-0.560174
-0.297550
-0.104595
-1.103787
-0.131029
-0.290120
0.572593
-0.623918
-0.162003
-0.479675
-0.616128
-0.402128
-0.030719
0.414357
-0.839464
-0.576892
