8.770792
10.353995
9.297240
9.024507
8.407658
9.974911
10.214872
9.149893
10.407114
9.466611
9.358273
7.491640
10.191667
10.270907
10.254091
8.009424
5.862346
9.153001
10.551676
9.017085
9.616241
10.091065
10.561997
8.209796
8.215047
9.304694
9.045299
10.418128
9.243346
9.796417
9.386586
10.238007
9.924705
10.380763
10.095761
7.321954
9.070698
9.224985
10.465886
10.406132
8.779848
9.163220
7.990937
9.397770
10.006840
9.155338
6.447828
9.558633
9.070470
8.152667
9.166526
9.000229
9.447688
9.394978
10.418153
9.323253
9.991193
10.486450
10.412246
9.232039
10.369581
8.263259
7.639328
10.194828
10.394872
10.007177
7.327559
10.406350
10.225749
9.820005
6.918164
8.043824
9.992946
10.512072
9.164870
8.902972
10.485383
9.817126
6.706073
8.317969
9.341194
9.907267
10.132596
9.437632
9.098233
9.262134
9.064623
9.959982
9.703222
10.357020
10.356016
8.968150
9.472313
10.239243
10.014468
9.776585
10.037607
10.460963
8.144013
8.397842
