0.035373
0.021276
-0.029341
-0.071374
-0.062621
0.015911
0.005539
-0.064299
-0.014954
-0.014232
-0.045263
-0.073286
-0.019496
-0.005828
0.006879
-0.078631
0.031699
-0.024418
0.014843
-0.041740
-0.025550
-0.018516
0.009609
-0.103016
0.042765
0.005793
-0.026818
-0.000546
0.020469
-0.032250
-0.020303
-0.006872
0.003359
-0.024989
-0.080818
0.008026
0.007707
-0.017141
-0.008469
0.017798
-0.067614
-0.003072
-0.012968
-0.022485
-0.044610
-0.045283
0.110743
0.038283
-0.051400
-0.049420
0.060844
-0.071265
-0.015638
-0.065987
0.014471
-0.028794
-0.032041
-0.010822
-0.054065
-0.036132
-0.012119
0.003652
0.006981
-0.008380
-0.016045
-0.017946
-0.025982
-0.017744
-0.051981
0.006371
0.104310
-0.048921
-0.051872
-0.009443
-0.016082
-0.046062
-0.019137
0.023603
0.028170
-0.071253
-0.021526
-0.033921
-0.003752
0.048671
-0.069600
-0.013944
-0.022399
-0.047971
-0.002579
-0.002002
0.046863
-0.003497
-0.031166
-0.031327
-0.067658
-0.009433
-0.017351
0.035159
-0.052760
-0.017210
