-0.006640
0.020780
0.005560
0.017920
0.014540
0.010480
0.016820
0.010840
0.019300
0.003460
0.014260
0.002460
0.010800
0.026820
0.012720
0.010080
0.016580
0.002660
0.024100
0.009900
0.031320
-0.008200
0.011060
0.002260
-0.004440
0.031700
-0.017300
0.042940
-0.036600
0.034060
-0.002920
0.016040
0.034920
-0.024620
0.058320
-0.039620
0.062700
-0.029140
0.036980
-0.008560
-0.028280
0.058860
-0.046320
0.063860
-0.051280
0.059300
-0.026880
0.023380
0.037560
-0.030320
0.056520
-0.024980
0.046640
-0.024080
0.051820
-0.014280
-0.006900
0.030560
-0.020520
0.040880
-0.022280
0.044140
-0.016200
0.039240
