-1.362314
-1.387300
-1.461008
-1.264385
-1.464103
-1.418224
-1.418407
-1.411257
-1.457190
-1.285967
-1.413134
-7.767528
-8.661540
-1.321366
-8.364741
-8.684231
-1.260256
-1.450877
-1.481771
-1.321717
-1.415031
-1.348654
-1.343763
-1.343816
-1.382686
-1.374174
-1.299614
-1.302459
-1.352312
-1.374539
-9.284237
-1.321414
-13.819702
-1.440937
-3.160419
-1.441124
-8.731826
-1.399226
-1.344120
-1.381188
-1.426678
-1.260042
-8.065773
-1.392783
-1.413343
-1.355969
-8.098884
-1.401619
-7.742587
-1.406445
-1.448181
-1.425554
-5.046922
-1.448164
-5.295865
-9.586501
-7.794024
-1.386062
-1.332644
-1.411538
-1.384967
-8.302524
-7.866495
-1.444922
-1.425230
-1.360302
-1.395881
-1.381035
-1.335080
-1.359872
-1.334198
-1.312441
-1.409924
-1.472995
-9.095867
-1.378260
-1.332660
-8.475296
-1.453211
-24.530307
-1.401663
-1.442269
-8.143937
-1.477643
-1.430044
-1.396133
-1.440867
-1.430714
-1.330121
-1.405557
-1.342685
-1.422761
-1.449577
-1.456891
-1.450193
-1.447280
-1.404494
-1.318019
-8.285383
-8.923149
