2.580000
-1.920000
1.620000
-2.520000
2.520000
-1.800000
1.500000
-1.620000
-2.640000
2.040000
-1.860000
1.380000
-0.960000
2.820000
-1.140000
2.340000
2.460000
-2.220000
2.460000
-1.380000
2.580000
-3.360000
1.140000
-2.760000
-1.020000
1.380000
-2.280000
3.420000
-3.060000
2.640000
-1.980000
2.280000
-0.840000
-0.180000
1.680000
-2.400000
2.760000
-2.160000
2.400000
-1.980000
0.300000
0.840000
-1.320000
1.440000
-0.900000
1.500000
-2.040000
1.200000
-1.440000
1.560000
0.300000
-0.780000
1.260000
-0.540000
-0.300000
0.900000
0.900000
-1.020000
1.620000
-1.680000
1.920000
-1.080000
1.140000
-1.560000
