-2.714266
250.837536
-2.707539
-2.818779
-2.727679
-0.406367
-2.694565
-2.758645
-2.694728
25.528778
5.503385
-2.730908
-2.761444
6.727571
-2.699521
-2.728825
-2.807288
-3.212166
-2.714130
-2.764140
-2.715115
-1.545232
-2.744399
-2.836279
-2.710709
22.474029
153.087451
-2.765132
-2.702889
-2.707319
-2.736153
-2.742394
-2.671122
-2.706628
-2.698932
-2.697854
-2.702500
-2.730060
-2.756855
-2.729714
-2.753083
-2.736632
-2.741258
-2.732790
-2.704966
-2.794848
-2.681801
-2.770228
-2.765815
-2.748572
26.901395
-2.699311
-2.717089
-2.805880
-2.697563
172.414889
-2.692970
-2.045685
-2.714992
-2.736896
-2.694848
-2.681518
-2.691274
-2.694376
-2.705194
-2.690542
-2.835572
-2.728325
-2.688143
-2.696017
-2.748553
-2.747247
-2.684261
-2.723261
-2.689801
-2.752143
-2.706909
-2.744778
-2.748748
-2.677254
-2.748068
-2.737443
-2.758809
-2.701478
-2.676877
-1.945737
-2.790948
-2.712042
-2.740243
-2.746047
-2.752492
-2.697202
-2.707174
148.036032
-2.755108
-2.722985
-2.811886
-2.685090
-2.689577
-2.684302
