-2.009042
-1.507111
-2.113521
-2.543187
-1.853651
-1.637192
-2.302980
-2.279844
-1.653613
-1.732779
-1.858725
-0.068493
-1.786258
-0.992715
-1.849195
-1.187042
-0.303447
-1.878569
-1.963638
-1.679706
-2.191542
-1.435735
-2.099715
-1.753637
-1.315810
-1.152830
-1.102679
-1.865835
-1.037957
-1.116894
-2.846676
-2.027209
-2.445481
-1.929147
-2.334567
-1.819995
-2.305518
-1.713972
-1.334872
-1.185496
-1.085935
-1.929927
-1.829353
-2.410315
-1.621080
-1.663363
-1.721243
-1.967612
-2.493181
-1.863361
-1.025102
-1.231364
-1.594565
-1.625538
-1.982625
-2.023211
-1.603445
-2.201827
-1.811057
-1.896602
-1.874166
-1.942614
-2.066753
-1.492493
-2.214751
-2.452574
-0.438687
-1.750451
-1.775051
-2.007547
-2.335260
-1.528465
-2.045510
-1.740922
-1.645138
-0.886262
-1.433023
-1.954926
-1.059255
-1.285484
-1.977853
-1.856980
-2.032541
-1.256240
-2.359371
-2.107515
-0.553722
-1.504576
-0.659268
-2.129157
-1.479979
-2.214488
-1.644851
-1.715563
-1.365001
-2.464293
-1.309082
-1.574364
-1.548780
-1.980923
