0.887200
0.380800
1.186400
0.879200
0.256000
0.681600
1.190400
0.312800
0.883200
0.706400
0.972000
0.001600
0.262400
1.526400
1.228800
1.443200
0.185600
1.036800
0.988800
0.271200
1.216000
0.381600
1.063200
0.055200
1.113600
0.020800
0.264000
1.849600
0.316800
0.756000
0.880800
-0.740800
0.532800
2.054400
-0.416800
1.284800
0.300800
0.949600
0.544000
0.788000
0.575200
0.118400
1.151200
0.505600
1.022400
1.051200
0.464800
0.376800
-0.265600
1.171200
0.384000
1.299200
-0.028800
1.068000
0.632000
0.508000
1.359200
0.375200
0.737600
-0.135200
0.990400
0.050400
1.134400
1.111200
