-0.027552
-0.031269
-0.032331
-0.032529
-0.032006
-0.031339
-0.031651
-0.030351
-0.027074
-0.033660
-0.030031
-0.030537
-0.032716
-0.036911
-0.032969
-0.032861
-0.032133
-0.034697
-0.030934
-0.032673
-0.031313
-0.031004
-0.035825
-0.033797
-0.029069
-0.035123
-0.034952
-0.032113
-0.029667
-0.031607
-0.032216
-0.030419
-0.030192
-0.031345
-0.031478
-0.030521
-0.033560
-0.029406
-0.032941
-0.032167
-0.031241
-0.031176
-0.038575
-0.027459
-0.030139
-0.032028
-0.030686
-0.028296
-0.032527
-0.025704
-0.033781
-0.031817
-0.029610
-0.033767
-0.031410
-0.032336
-0.031190
-0.036093
-0.029846
-0.022088
-0.029468
-0.032321
-0.029067
-0.031059
-0.032704
-0.025148
-0.031538
-0.028357
-0.030696
-0.031923
-0.030317
-0.032966
-0.029041
-0.032634
-0.027645
-0.030799
-0.031471
-0.032415
-0.032650
-0.032099
-0.030770
-0.033333
-0.032913
-0.025925
-0.028152
-0.032008
-0.033207
-0.031143
-0.031205
-0.027848
-0.031338
-0.021475
-0.028901
-0.035034
-0.036457
-0.031002
-0.030776
-0.031439
-0.032453
-0.029871
