0.030700
0.033400
0.019400
0.036200
0.025300
0.025900
0.014500
0.021100
0.013200
0.026000
0.023900
0.025900
0.019500
0.016600
0.018800
0.033200
0.022100
0.020500
0.028500
0.018400
0.034000
0.033200
0.035400
0.008900
0.021400
0.014000
0.012100
0.014300
0.023100
0.012100
0.012800
-0.000600
0.026600
0.021100
0.026400
0.008200
0.016900
0.020100
0.006700
0.008400
0.029700
0.018300
0.019800
0.014600
0.017700
0.023700
0.012100
0.022300
0.023400
0.029300
0.029600
0.015600
0.027700
0.021200
0.024700
0.022300
0.017000
0.018400
0.028000
0.024800
0.031900
0.024000
0.039500
0.023400
