0.024380
-0.045010
0.000020
0.019730
0.042320
-0.003330
0.016790
0.025370
-0.050210
0.029500
0.036190
0.009870
-0.003230
0.057420
0.031420
-0.004230
0.012390
-0.015180
0.039850
0.001630
0.006720
-0.005760
-0.024170
-0.005510
-0.020510
0.011580
-0.057970
0.054580
-0.033090
-0.017200
-0.012180
0.022400
0.017980
-0.013330
0.068850
-0.074720
0.065780
-0.031260
0.027810
-0.010980
-0.005790
0.042000
-0.069130
0.098350
-0.081960
0.054670
-0.009270
-0.029550
0.008180
0.015310
0.053340
-0.012620
0.023880
-0.013320
-0.004220
0.016810
0.041360
-0.057170
0.016820
0.014660
-0.052100
0.037630
-0.025550
0.016920
