0.059255
0.194683
0.023130
-0.200355
-0.106356
0.064519
0.002890
-0.307039
-0.096765
0.006101
-0.161135
-0.086668
0.018907
-0.116270
0.019777
-0.210600
-0.208852
-0.103216
-0.023646
0.119589
-0.120493
-0.078719
0.004573
-0.282056
0.207288
-0.071196
0.108548
-0.175929
0.070891
-0.113998
-0.068310
-0.086884
-0.021203
-0.061942
-0.199016
0.149102
0.027685
-0.004805
-0.158958
0.037632
-0.085991
-0.071271
0.178585
0.202838
-0.191404
-0.059323
0.333073
0.147697
-0.121818
-0.019597
0.284548
-0.256854
0.024371
-0.111779
0.214638
0.129386
0.036717
-0.129393
-0.266161
-0.034752
-0.137657
-0.112168
-0.030865
-0.061966
-0.075308
-0.053670
-0.016593
0.031630
-0.189192
-0.120879
0.271056
-0.166835
-0.223542
-0.080333
0.215619
0.004314
-0.090905
0.135324
0.240404
-0.073716
-0.020708
-0.083037
-0.173566
-0.064918
-0.211745
0.093365
-0.006275
-0.433034
0.063462
-0.109347
0.070663
-0.177957
-0.027220
-0.193735
-0.263773
-0.094171
0.001240
0.209693
-0.219719
-0.070468
