8.868665
10.273099
9.215728
8.938990
8.570857
9.926161
10.175310
9.067603
10.333473
9.387688
9.289076
7.588138
10.084577
10.241226
10.143903
8.262940
6.171778
9.065283
10.481497
8.931260
9.522759
10.018321
10.484065
8.253182
8.109390
9.556761
8.961183
10.341825
9.346783
9.704711
9.309034
10.172818
9.851511
10.304866
10.029416
7.775616
9.081424
9.143185
10.389756
10.332015
8.897465
9.470880
8.099934
9.320221
9.910802
9.068235
6.702664
9.498176
8.990735
8.414006
9.070928
8.914827
9.362516
9.300364
10.337677
9.235594
9.894656
10.403703
10.330537
9.165957
10.285282
8.496772
7.935197
10.139202
10.325610
9.977728
7.741951
10.327917
10.123645
9.751458
7.288963
8.285516
9.934743
10.434281
9.087166
8.826936
10.406397
9.729499
6.912694
8.547437
9.256934
9.799174
10.079471
9.634656
9.010490
9.176049
8.970386
9.895032
9.623269
10.284672
10.330246
8.894112
9.393465
10.152052
9.935876
9.720047
9.981656
10.389371
8.200161
8.511662
