0.081700
0.203200
0.024400
0.063000
-0.004000
0.075000
0.052600
0.096100
-0.163200
0.259500
0.298500
0.181700
-0.030500
0.006900
0.193100
0.154500
-0.064100
0.273700
0.345300
0.020100
0.133600
0.261300
0.168200
-0.185100
0.006900
0.211300
0.088600
-0.079300
-0.005300
0.073600
-0.022400
-0.253900
0.061900
-0.025200
0.090300
-0.216500
0.008900
0.180200
-0.075700
-0.029500
0.146300
0.355600
0.276500
0.008700
0.143700
0.238700
0.245700
0.236700
0.383900
0.422600
0.218100
-0.004200
0.133000
0.147300
0.307700
0.283900
0.076300
0.005100
0.095900
0.081700
0.126700
-0.037300
0.290400
0.149000
