-0.408000
-0.076000
0.572000
-0.212000
0.504000
-0.180000
0.232000
-0.300000
0.728000
0.140000
-0.024000
-0.260000
0.056000
0.476000
-0.072000
0.708000
-0.288000
0.256000
0.068000
0.368000
0.076000
0.296000
0.068000
-0.440000
0.552000
-0.584000
0.112000
-0.044000
0.132000
0.036000
0.224000
-0.240000
-0.388000
0.992000
-0.748000
0.612000
-0.056000
0.312000
-0.344000
0.212000
0.088000
-0.084000
0.600000
-0.332000
0.556000
0.352000
-0.032000
-0.156000
-0.088000
0.232000
-0.204000
0.728000
-0.880000
0.536000
0.104000
0.076000
-0.040000
-0.396000
0.288000
-0.256000
0.412000
-0.424000
0.428000
-0.064000
