-3.920843
-2.535185
-3.313387
-1.803883
-3.206861
-3.499081
-3.578763
-3.908752
-3.307523
-2.053195
-3.368235
-3.167085
-3.696767
-9.575171
-2.550980
-3.466666
-3.003023
-3.527069
-2.495056
-3.926936
-1.849949
-1.694317
-3.662377
-2.185237
-3.810722
-11.405479
-22.268825
-1.899094
-3.412398
-3.192890
-3.232749
-3.429513
-3.465735
-1.684397
-3.669309
-2.750665
-3.172281
-2.796287
-3.029335
-3.859039
-1.744050
-3.218808
-2.677491
-3.258965
-2.692202
-3.589797
-13.446414
-1.624014
-3.337045
-5.229964
-3.974440
-3.614960
-3.080207
-2.912633
-2.751564
-3.061333
-2.842259
-3.483962
-3.463240
-1.603397
-2.347562
-3.822774
-2.847773
-4.964133
-3.397284
-1.666428
-3.200078
-1.947877
-2.885629
-3.141146
-3.444014
-3.763113
-3.550135
-3.522679
-3.740633
-2.622913
-3.760533
-3.427600
-3.324570
-3.618707
-1.842002
-2.811401
-2.979876
-3.014978
-1.668081
-1.641777
-3.464080
-1.940379
-1.666177
-4.340979
-3.696183
-3.262947
-3.591238
-3.544511
-3.214953
-1.643651
-3.390854
-3.148426
-3.191263
-3.100465
