-7.251966
-1.602281
-1.284824
-2.862323
-3.131408
-2.455981
-4.342928
-4.189445
-7.830657
-2.362749
-5.162679
-7.942914
-5.813575
-0.674369
-6.013176
-3.900349
-3.583838
-4.194922
-2.871571
-2.569825
-7.892124
-3.428742
-4.813571
-6.518788
-1.998869
-0.933095
-3.710481
-5.128333
-4.429875
-3.926785
-8.892661
-3.384332
-1.710101
-2.285292
-6.249396
-2.736661
-3.957277
-2.208399
-1.487245
-4.206570
-4.456837
-1.377331
-5.702888
-4.168569
-5.349715
-3.108889
-3.056183
-2.516275
-2.180673
-3.108472
-1.078922
-5.813894
-4.815887
-1.207663
-3.735589
-4.731256
-5.170550
-7.748801
-2.545670
-2.171687
-4.012444
-3.488811
-2.831048
-3.119165
-7.619444
-2.699013
-2.750645
-3.735450
-3.329135
-6.017293
-3.098370
-4.912252
-2.509734
-3.158824
-4.824267
-4.257678
-0.382145
-5.372355
-2.190539
-7.269767
-6.540335
-5.053328
-4.854286
-2.984293
-2.756945
-4.015330
-4.141150
-2.103026
-1.351251
-7.470077
-1.516630
-8.782802
-3.463110
-5.481288
-4.503308
-3.453597
-3.029514
-7.108810
-2.536896
-3.543021
