-0.127800
-0.432900
0.028800
-0.156600
0.768600
-0.172800
0.654300
0.459000
1.584900
-0.873900
0.982800
-0.808200
0.487800
-0.183600
0.481500
0.441900
-1.122300
0.936900
-0.040500
1.304100
-0.480600
1.401300
-0.587700
-0.009000
0.522000
-0.849600
0.290700
0.242100
1.017000
-0.133200
0.854100
-0.793800
-0.168300
1.555200
-1.113300
1.261800
-0.245700
-0.088200
-0.294300
1.055700
-0.202500
0.066600
1.614600
-1.187100
0.939600
0.070200
0.488700
-0.961200
-0.355500
0.664200
-0.094500
0.850500
-0.807300
0.742500
-0.175500
0.108900
0.171000
-0.100800
0.260100
-0.454500
0.524700
-0.667800
0.977400
1.249200
