22.579189
-1.421979
-1.957139
7.493819
-0.082657
11.611262
-1.130673
1.271069
21.970628
-1.704932
-2.219669
-1.532039
-1.469533
22.581559
21.214344
0.785561
1.363430
19.672892
4.366653
-2.203462
22.432880
20.890400
22.014302
-1.886841
1.910853
-1.941197
20.724764
7.290671
-1.530883
14.330261
21.526193
2.468425
22.567315
-2.209639
-1.743383
-2.129162
6.980246
-2.169517
-2.082161
-2.222222
-1.445495
17.920259
-2.158800
-2.223604
-0.188349
20.268511
-1.636373
21.230866
-1.928908
-2.164115
-1.976602
-1.966470
18.392805
18.414370
-2.034809
-2.117772
-2.163173
-2.153781
21.812509
-2.187114
15.929729
-2.036549
-2.092932
-1.252539
-1.722522
21.996141
-1.972530
22.363650
-2.165441
-2.075891
-1.557434
22.218486
10.274953
22.501946
20.832968
7.071882
-0.863257
22.539892
-2.122449
20.228278
21.483984
-1.014763
11.172586
21.356757
22.023222
-1.540217
21.533621
-1.966463
2.617228
-2.201478
-0.254298
7.091392
22.493347
-2.207015
21.932635
21.314088
-2.189097
22.534554
22.486737
-2.184640
