0.066010
0.053360
0.057860
0.051950
0.048180
0.048750
0.054100
0.053550
0.058640
0.043270
0.021460
0.056780
0.062680
0.062120
0.042170
0.040920
0.084200
0.033170
0.038840
0.056770
0.054710
0.039820
0.055080
0.071340
0.064820
0.032580
0.042010
0.068670
0.058710
0.045010
0.048470
0.083600
0.057410
0.065680
0.049540
0.077580
0.050090
0.047720
0.074390
0.049500
0.061120
0.025120
0.019770
0.066810
0.041130
0.030490
0.054260
0.041460
0.026460
0.020530
0.041680
0.053240
0.028430
0.045950
0.030830
0.039410
0.055880
0.065660
0.047070
0.058130
0.058240
0.070740
0.048330
0.032840
