-0.046722
-0.047391
-0.047173
-0.046756
-0.047276
-0.047364
-0.047275
-0.047023
-0.046589
-0.046597
-0.047301
-0.046304
-0.046853
-0.045834
-0.046400
-0.046859
-0.046251
-0.046514
-0.046777
-0.046357
-0.046866
-0.046450
-0.046533
-0.047045
-0.045992
-0.046560
-0.046530
-0.046528
-0.046717
-0.047219
-0.047133
-0.046962
-0.047084
-0.046634
-0.047005
-0.046983
-0.046234
-0.047387
-0.047088
-0.046898
-0.047067
-0.046972
-0.045758
-0.047556
-0.047262
-0.047668
-0.046498
-0.046560
-0.046304
-0.046963
-0.046566
-0.047401
-0.047048
-0.046750
-0.045592
-0.046380
-0.047173
-0.045730
-0.046425
-0.046815
-0.046721
-0.046868
-0.046475
-0.047010
-0.046548
-0.046177
-0.046409
-0.047152
-0.047631
-0.046057
-0.047359
-0.047132
-0.047014
-0.047817
-0.047379
-0.046932
-0.047040
-0.046656
-0.047124
-0.046648
-0.047043
-0.046080
-0.046660
-0.046827
-0.046356
-0.046420
-0.046706
-0.046661
-0.046637
-0.047316
-0.046577
-0.046021
-0.046171
-0.046305
-0.046426
-0.047672
-0.046846
-0.046312
-0.047090
-0.047469
