0.011475
0.013372
0.010025
0.012107
0.008803
0.013003
0.011191
0.009419
0.008585
0.012756
0.008783
0.011780
0.010285
0.013406
0.008859
0.008936
0.013687
0.012026
0.015142
0.012359
0.011805
0.013744
0.011676
0.010219
0.013653
0.007918
0.011798
0.014050
0.012888
0.013734
0.008552
0.011018
0.013167
0.011190
0.016641
0.013311
0.009018
0.012916
0.009865
0.009045
0.010663
0.008162
0.009530
0.011326
0.007731
0.010526
0.010366
0.011653
0.008221
0.011062
0.010708
0.008624
0.007970
0.010804
0.011301
0.009723
0.010654
0.011615
0.012134
0.010462
0.012709
0.011323
0.018076
0.010924
