0.000155
0.000692
0.000603
0.000741
0.000645
0.000499
0.000602
0.000329
0.000145
0.000746
0.000380
0.000539
0.000767
0.001063
0.000768
0.000717
0.000776
0.000771
0.000561
0.000787
0.000648
0.000420
0.001056
0.000850
0.000252
0.000845
0.000836
0.000567
0.000323
0.000569
0.000700
0.000426
0.000330
0.000460
0.000545
0.000451
0.000753
0.000387
0.000631
0.000583
0.000608
0.000536
0.001200
0.000239
0.000485
0.000557
0.000397
0.000174
0.000580
-0.000049
0.000783
0.000666
0.000381
0.000627
0.000377
0.000764
0.000525
0.000843
0.000225
-0.000104
0.000363
0.000660
0.000367
0.000527
0.000636
-0.000063
0.000432
0.000191
0.000369
0.000447
0.000259
0.000723
0.000307
0.000665
0.000121
0.000346
0.000562
0.000570
0.000665
0.000599
0.000472
0.000711
0.000650
0.000088
0.000156
0.000503
0.000699
0.000437
0.000587
0.000184
0.000435
-0.000169
0.000237
0.000849
0.000907
0.000496
0.000450
0.000508
0.000576
0.000375
