0.011005	0.005806	0.011966	0.021668	0.002500	0.004535	0.021586	0.012659	-0.000075	0.012121	0.000148	0.001727	0.007941	-0.012061	-0.012562	-0.001037	-0.002954	0.009440	-0.001206	-0.007419	0.020862	0.005059	0.006670	-0.008774	0.001802	0.005259	-0.005223	0.011020	0.000798	0.004157	-0.001467	0.024235	0.006836	-0.004515	0.016752	-0.005117	0.006635	-0.012861	-0.008008	0.006919	0.013087	0.006029	0.003973	0.002871	-0.010722	-0.001841	0.000903	0.016844	0.007823	-0.011670	0.008784	0.000734	-0.002585	0.011785	0.016319	0.014526	-0.002730	0.003044	0.009781	0.015310	0.001968	0.004146	-0.001544	-0.006142
0.015028	0.021429	0.005356	0.017099	0.009066	0.001274	0.010285	0.021028	0.004891	0.023064	-0.020559	0.015083	0.007041	0.004724	0.006192	-0.014427	0.005791	0.010714	0.023370	0.002229	-0.001132	0.002820	0.015752	0.009206	0.002631	0.010036	0.008113	0.017820	0.000363	0.004545	0.001124	-0.008125	0.010533	0.009300	0.009686	0.005531	-0.008706	0.003126	0.002273	-0.002692	0.004863	0.009200	0.024611	0.008512	0.007175	0.005251	-0.013052	0.006519	0.005722	0.031117	0.004794	0.008339	0.004530	-0.005132	0.017909	0.013239	0.014284	-0.001872	0.021056	-0.007514	0.013361	0.028524	0.000626	0.000955
0.007798	0.002572	-0.009561	0.007389	-0.005407	0.012089	-0.002627	0.021052	-0.002608	0.004034	0.013125	-0.005470	0.008368	0.020813	-0.010620	0.007159	0.010491	0.014600	-0.003835	-0.006088	0.012146	0.010931	0.009244	0.009626	0.001175	0.007139	0.009747	0.001004	0.026183	0.012764	-0.006567	0.013148	-0.001936	0.014466	0.020991	-0.000317	0.015153	0.011688	0.014249	0.024493	0.003897	-0.002588	-0.003238	-0.001420	0.003892	0.009497	0.008931	0.015115	0.005167	0.020888	0.003830	0.032335	0.010951	-0.002399	-0.004195	0.010603	0.004264	0.013988	0.011692	0.005437	-0.001187	-0.008491	0.005526	0.014887
0.009123	-0.004428	0.007799	0.011082	-0.003241	0.009063	0.007094	-0.005666	0.009036	0.013463	0.016397	0.017678	-0.007349	-0.001418	0.010488	0.010598	0.013529	0.045778	0.014940	0.018935	0.016809	0.014432	0.003768	0.013749	0.000317	0.002832	0.002325	0.009300	0.030696	-0.010460	0.011878	-0.009311	0.003030	0.017563	0.010332	-0.002689	-0.001618	0.014158	-0.001340	0.007578	0.006829	-0.001409	0.027238	0.013177	-0.015538	0.007868	-0.000371	0.015338	-0.002981	0.005408	0.011547	0.014068	-0.006985	0.002995	0.001796	-0.000806	0.023890	0.010970	-0.005281	0.015662	0.028656	0.016959	-0.004948	0.001580
0.019348	0.000799	0.010522	0.014736	-0.003925	0.006697	-0.025853	-0.004752	0.002687	-0.005022	0.021436	-0.007265	0.001679	0.009060	0.019414	-0.009032	0.019606	0.007124	-0.000908	0.011783	0.008890	0.001865	0.007471	0.002298	0.009235	0.011591	0.022688	-0.003978	0.028678	-0.011415	0.003655	0.012407	0.010494	0.000523	0.007456	0.002919	-0.000399	0.015781	0.009541	-0.001357	0.015468	0.008115	0.013892	0.012955	-0.003582	0.000495	0.013584	0.013029	0.004937	0.007788	0.019223	-0.000439	0.010216	0.004280	0.004382	0.016827	0.014700	0.015168	0.020207	0.006607	0.014144	0.003504	0.013233	0.005127
0.007742	0.013625	-0.002105	0.027547	-0.004910	-0.004803	0.017937	0.013536	0.011335	0.013558	0.005045	-0.002191	0.006567	0.000829	0.014995	0.003878	-0.000420	0.003629	0.012473	0.001303	-0.001533	0.010109	0.009310	0.001067	0.003177	0.006884	-0.007845	-0.006244	-0.000019	0.005617	0.008326	0.021070	0.016078	0.004960	0.008983	-0.002390	0.005047	0.004455	0.009113	-0.002781	0.011569	0.020120	0.004493	0.010565	0.011609	0.002266	0.008305	0.006871	0.005834	-0.001363	0.006477	0.010153	0.019231	0.015916	0.027890	-0.002005	0.014965	0.008720	0.028787	-0.001771	-0.001093	0.000426	-0.011025	0.000961
-0.000884	0.009320	0.009522	0.025759	0.014717	0.001739	-0.002458	0.010413	-0.008054	0.025572	0.017120	0.002318	-0.010802	0.021146	0.004108	0.017382	-0.008096	0.000912	0.008708	0.007572	0.002304	0.014090	-0.003829	0.004482	0.009135	0.009910	0.014113	-0.003046	-0.007735	0.020667	0.008450	-0.000887	0.023153	0.008069	0.021284	0.008572	0.026037	0.025049	0.003462	0.015092	0.012778	0.018656	-0.003781	0.013546	0.015327	-0.011379	-0.006028	-0.013640	0.002220	0.013674	0.021223	0.006131	0.020928	-0.007599	-0.010771	0.004888	0.010085	0.006565	-0.013487	0.005248	-0.005562	0.013210	0.013633	-0.003071
0.001011	-0.003463	0.004908	0.016100	-0.004658	0.012108	0.000801	-0.002815	0.003684	-0.003468	-0.000706	-0.005297	0.025249	0.007818	-0.002105	0.006858	0.006332	0.004422	0.014381	0.014422	0.001314	0.001858	0.003742	-0.017178	-0.007564	0.018093	0.023027	0.005414	0.012881	0.010717	0.035608	0.017293	0.005888	-0.003287	-0.006958	0.009380	-0.002551	-0.007166	-0.000671	-0.005534	0.022820	0.013410	0.005254	0.020980	0.005237	-0.002734	0.020911	0.011929	-0.005726	0.004007	-0.002956	-0.008972	0.013679	0.025011	-0.007502	0.011020	-0.000671	0.001397	0.000536	-0.002847	0.007415	-0.001795	0.012304	0.005377
0.003511	-0.002146	-0.000401	0.014038	0.009721	-0.003001	0.006722	0.012325	-0.012004	0.011965	-0.001873	0.011895	-0.002173	-0.011170	-0.011571	0.005011	0.009625	-0.002600	0.014247	-0.009953	0.005440	-0.005074	-0.000531	0.005838	-0.001496	0.000308	0.016372	0.001731	0.015010	-0.004070	0.009813	0.020197	-0.017727	-0.002014	0.014427	0.005070	0.008547	0.000719	0.006131	0.003179	0.017221	0.007065	0.008644	0.001980	-0.000637	0.001151	0.009225	0.001908	0.007321	0.026703	0.014624	0.001666	0.016271	0.001549	-0.014405	-0.005119	-0.013099	0.002665	0.006642	0.022411	0.010183	0.003877	0.017425	-0.016441
0.009486	0.015497	-0.008613	0.018427	0.008859	0.003544	0.013052	0.028430	0.007329	0.010053	0.000753	-0.001420	0.014457	-0.000614	0.006176	0.000855	0.013019	0.010498	0.019120	0.002339	0.004469	-0.001697	0.002470	0.009910	0.015532	-0.004106	0.015963	0.021930	0.011978	0.026802	-0.002360	-0.005584	-0.009761	0.021638	0.016331	0.007544	0.008399	-0.003342	0.030593	0.006981	0.007701	0.012318	0.010622	0.009058	-0.002957	0.011087	0.025283	0.020573	0.020986	0.001489	-0.003546	0.004004	0.005565	0.017442	-0.009965	0.021203	0.004967	0.002590	-0.003243	-0.010231	0.015684	0.007631	-0.002553	-0.006281
0.003098	0.024122	0.003274	-0.008204	0.002469	0.004329	-0.020504	0.004662	0.002631	0.014205	0.023585	0.017773	0.003160	-0.003571	0.030511	0.005596	0.007602	0.006520	0.010397	0.005554	0.000718	0.002005	0.006277	0.000279	0.000297	0.005518	0.004016	0.022535	-0.019242	0.018504	0.017359	-0.014389	0.003887	0.002397	-0.005090	-0.000411	-0.006056	0.024721	0.015171	0.017682	0.013151	-0.006610	0.000016	0.011127	-0.007836	0.013007	0.003584	0.002823	0.011778	0.010541	0.002539	0.016548	-0.006213	0.012197	0.012129	0.002308	0.009189	-0.005710	0.015945	0.004128	0.001718	0.016676	0.002580	-0.008095
-0.008947	0.013528	-0.006693	0.024345	-0.015281	0.024192	0.008610	0.004594	-0.000438	0.011045	0.004742	0.017885	0.007156	0.009214	0.001597	0.004509	0.010720	-0.010334	-0.005089	0.014521	0.008488	0.005821	0.006895	0.009367	0.002316	-0.003146	0.008623	-0.001651	0.011255	-0.009244	0.015129	0.011125	0.010084	0.016337	0.025963	0.017797	-0.013163	-0.005789	-0.000664	0.005493	0.011187	-0.002445	0.007354	-0.000791	-0.001745	-0.008296	-0.003587	-0.006997	-0.004860	0.016727	-0.002937	0.031349	0.009680	0.007907	-0.002145	0.012484	0.000452	0.008096	0.032467	0.005483	0.018640	-0.000346	0.009778	0.023978
0.000584	0.026049	0.013416	0.001660	0.011763	0.017364	0.012934	-0.009887	-0.001821	0.005211	0.004864	0.013259	0.008072	-0.005327	0.009257	0.011431	0.013804	0.017901	0.017223	0.012145	0.006365	-0.008567	0.011238	0.008392	0.010841	-0.007718	-0.003769	0.018816	0.007267	0.014807	0.005702	0.007007	0.017176	0.001585	0.010518	0.003445	0.001237	0.004620	0.008339	0.000824	0.018908	-0.003822	0.003854	0.002577	0.019187	0.008495	0.016631	-0.007755	0.007763	0.015492	0.007428	0.016029	-0.000017	0.020674	0.029733	0.002249	0.001976	0.021701	0.023154	0.001325	0.003336	0.004095	-0.002934	-0.002810
-0.002677	0.000695	0.006168	0.010170	0.021384	-0.001492	0.017121	0.004218	0.005374	0.014522	-0.005571	0.011276	0.008496	0.013483	0.008982	0.030348	0.002136	0.002108	0.002870	0.002290	0.001192	0.020426	0.021768	0.001286	0.000157	0.009735	0.001934	0.015039	0.010076	-0.006335	0.021240	0.025091	0.001941	0.003195	0.012934	0.011995	0.012727	0.028103	0.005005	-0.001869	-0.006841	-0.002150	0.005764	0.025179	0.000330	0.009223	0.006699	0.019131	0.030483	0.001713	0.002022	0.016267	0.012355	0.025594	0.013231	0.002934	0.012964	0.018547	0.015902	0.012042	0.018944	0.019291	0.024957	0.013616
0.005279	0.009431	0.018188	-0.000756	0.009245	0.003990	0.007198	0.018556	0.007385	0.008056	-0.007993	0.014512	0.012869	0.029589	0.002508	0.007723	0.010817	0.022960	0.007934	0.010285	0.013236	0.010013	0.002534	0.008288	0.018863	-0.005079	0.008358	0.001531	0.019441	-0.007229	-0.000397	0.010563	0.023416	0.006227	0.004196	0.026570	-0.008956	-0.014492	0.010336	0.000692	-0.003552	0.011932	0.007997	0.001137	-0.008049	0.014785	0.012822	0.005892	0.023358	-0.004137	-0.008964	-0.001643	0.004441	0.008978	0.004469	0.009502	-0.005880	0.021283	0.006495	0.017446	0.011036	0.011463	0.016228	0.011179
0.013306	0.021146	0.008138	0.014372	0.004757	0.021985	0.000134	0.023744	0.004821	-0.006823	0.006391	0.000341	0.014631	0.001599	0.000792	-0.013543	0.003313	-0.017469	-0.007113	0.014954	0.015046	0.012273	-0.002789	0.005365	0.007738	-0.006850	0.021809	0.017225	0.005739	0.008417	0.007134	-0.013777	0.005235	-0.000149	-0.000367	0.005194	0.023608	0.014145	0.000478	0.011158	0.020588	0.014308	0.006290	0.000479	0.011981	0.010359	0.015273	0.013403	0.015691	0.001396	0.019577	0.007597	0.025806	-0.000080	0.024139	0.008231	0.000209	0.002220	0.004069	0.010659	0.012940	0.001457	0.010346	0.028017
0.024124	0.012350	0.006582	0.008740	0.011542	-0.002564	0.004064	-0.010725	0.009608	0.013960	0.000712	0.022722	-0.005909	-0.006780	0.007640	0.015845	0.024994	0.002853	0.019601	0.007131	0.005390	0.016801	0.013418	-0.009286	0.022993	0.018864	0.000987	0.012327	0.012661	0.010504	-0.000224	-0.000037	0.007563	0.018510	0.015023	0.004395	0.013015	-0.020765	0.017299	-0.011844	0.002700	-0.006313	-0.007130	0.018197	0.000125	0.009518	0.005949	0.011589	0.005643	-0.006334	0.016163	0.000424	-0.010643	0.002256	0.021709	0.014367	0.003045	0.003506	0.004064	0.027065	0.011368	0.011116	0.020718	0.009083
0.004379	0.005799	0.005388	0.006886	0.012782	0.008192	0.014055	0.004948	0.006173	-0.012397	0.014389	0.010551	0.016248	-0.020635	0.026364	0.004233	0.019360	-0.003171	0.014904	-0.003077	0.001122	0.027115	0.005393	0.008675	0.017103	0.010088	0.008727	0.012101	0.031864	0.007904	0.007504	0.017482	0.019123	0.018853	0.016248	-0.003060	0.022061	-0.003611	0.009208	-0.001560	0.006055	0.008449	0.009148	0.011213	0.021182	0.011000	0.004001	0.016661	0.016849	-0.005578	0.012419	0.012373	0.002252	0.020266	0.005259	0.007128	0.004667	0.007012	-0.003796	-0.007919	0.023440	-0.001486	0.000418	-0.015006
0.000026	-0.005365	0.022248	0.016962	-0.001316	0.030172	0.016541	0.002363	-0.019725	0.029928	-0.008497	-0.009524	0.016417	0.032366	0.019246	0.010767	0.013584	0.015398	0.016023	0.009893	0.007922	0.007368	-0.000669	0.003117	-0.009267	0.003673	-0.003161	-0.003017	0.009219	0.021655	0.014151	-0.009387	-0.002631	0.015656	-0.000635	0.005328	0.010786	-0.002155	0.006822	-0.008041	0.000212	0.007812	-0.010467	0.010848	0.004478	0.011637	0.008267	0.020148	0.005904	0.002023	0.007199	0.010514	0.005219	0.006709	-0.000473	-0.000925	-0.007748	0.024003	-0.005332	-0.000781	0.000205	0.015686	0.007285	0.018583
0.000133	0.010617	-0.001924	0.028633	-0.005887	0.011042	0.013207	0.009876	0.003550	0.006405	0.005869	0.005854	0.016068	0.030143	0.000020	-0.008148	0.007457	0.032856	0.000980	0.023789	0.023868	0.002788	0.012685	0.022374	0.004226	0.002961	0.001211	-0.001757	0.001098	-0.004133	0.005636	-0.000951	0.009944	-0.008802	0.012735	0.016137	-0.014352	0.011247	0.018213	-0.006525	0.023050	0.009016	-0.001384	0.006237	0.010326	0.007219	0.011755	-0.002183	0.006635	-0.007656	0.005068	-0.003676	-0.002123	0.019087	0.017858	0.012020	-0.004503	0.003759	0.019339	0.008081	0.030693	0.011019	0.012436	0.003546
0.007948	0.006091	0.013053	0.016781	-0.002427	-0.005828	-0.011765	0.010567	-0.005918	-0.014203	0.009211	0.031862	0.006172	0.016046	0.006040	0.004158	0.017077	0.003948	0.011302	0.010583	0.000450	0.017815	0.005034	-0.001433	0.013393	-0.003993	0.007209	0.008149	0.018318	0.012723	0.004911	0.014684	0.021595	0.012267	0.009578	-0.005249	-0.005319	0.004160	-0.000275	0.003649	0.006868	0.010221	0.005028	0.011497	0.005133	-0.013741	-0.003443	0.005201	-0.007167	0.012443	0.021679	0.017453	0.002786	0.021062	0.007933	0.002374	0.000172	0.003815	0.003306	0.008075	0.008966	0.006731	0.014504	0.018254
0.015849	-0.007368	-0.019796	0.015713	-0.008626	0.004716	-0.005660	-0.012619	0.010470	0.014544	-0.000989	-0.019386	0.000251	0.011169	-0.009781	0.006776	0.007458	0.012487	0.009463	-0.002766	0.018385	0.005976	0.006197	-0.003419	0.003135	-0.004197	0.004971	0.024949	-0.006300	-0.008495	0.019601	0.004252	0.000680	0.016627	0.003373	0.025963	0.011984	0.002245	0.027181	-0.000798	0.013615	0.007837	0.018636	0.022263	0.004787	-0.001571	0.010555	-0.000178	0.024715	0.007680	0.002640	0.007051	-0.008760	-0.003655	0.018120	-0.000987	-0.004084	0.011923	0.018528	0.013296	0.016860	-0.001242	-0.004385	0.020915
0.004012	0.005920	0.020001	0.013296	0.010555	0.029874	0.000899	0.015277	0.006088	0.010609	0.021175	0.012624	0.012259	0.019194	0.002189	-0.002594	-0.001949	-0.012126	0.029683	-0.003037	0.005206	0.005797	0.010456	0.014724	0.017143	-0.000517	0.005888	0.011429	0.005653	0.024566	0.010670	0.014567	0.015039	0.018985	0.011986	-0.004316	0.009865	0.001793	0.001300	0.011833	0.019175	0.005802	0.009323	0.024296	0.007771	0.032595	0.012199	-0.010223	0.012895	0.010868	0.019871	0.012680	0.003778	-0.005285	0.004986	-0.002398	0.001082	0.013442	0.024559	0.010910	-0.003955	0.011733	0.022740	0.000759
0.005537	0.008037	-0.001508	0.013717	0.004404	0.012036	-0.002078	0.001226	0.012556	0.004094	0.022674	0.003391	0.008688	0.017378	-0.008684	-0.012015	-0.006647	0.019838	0.003693	0.033046	0.001709	0.010065	0.022372	0.026315	0.028799	0.017313	0.017572	0.014634	0.015646	0.002803	-0.002720	0.007021	0.006221	0.002303	0.016811	0.017725	0.006763	0.022372	-0.005253	0.003865	-0.000604	-0.013559	0.004937	0.005702	0.020030	0.012845	-0.003637	0.025555	0.017213	0.012258	0.004116	-0.004337	0.001329	0.017629	0.025746	0.021539	0.001572	-0.004101	0.008490	-0.011240	0.010672	0.005645	0.005835	-0.009287
0.011314	0.001827	-0.006546	-0.022221	0.004631	0.025006	0.022804	0.000682	-0.001212	0.011411	-0.005349	0.009225	0.013454	0.019663	0.004158	0.002851	-0.001503	-0.001964	0.005494	0.010371	0.015587	-0.000403	0.021188	0.002966	0.006914	-0.003354	-0.017738	0.016287	0.014452	0.004644	0.005474	0.011228	-0.008712	0.000694	0.016531	-0.005217	0.007989	-0.006536	0.009959	0.004696	-0.010395	0.015875	-0.002183	-0.001990	0.006333	0.017069	-0.004534	0.006612	0.008547	0.012864	0.007411	0.001003	-0.003796	0.006811	-0.004637	-0.024017	0.010115	0.015178	-0.017129	-0.004658	0.012936	0.026901	0.009806	-0.001463
0.005539	0.021803	-0.000222	-0.000683	0.000653	-0.001791	0.008067	0.022213	0.009007	0.005192	0.002412	-0.008415	0.015097	0.007219	0.004121	0.037550	0.011403	-0.000164	0.004697	0.018992	0.008412	-0.006105	0.016212	0.000024	0.026961	0.015943	0.002868	0.021273	0.008575	0.016878	0.010421	-0.001399	0.001738	0.017375	0.006525	0.004109	-0.003769	0.012138	0.026857	-0.004768	0.007179	0.019426	0.005277	0.011482	-0.005655	0.010713	0.004779	0.016942	0.017225	0.032867	0.012690	0.009015	0.006962	0.003075	0.010148	0.003197	0.008485	0.020581	-0.002463	0.017866	0.020750	0.005728	-0.010628	0.000603
0.019983	0.007656	-0.003718	0.002370	0.014058	0.013531	0.004594	0.002277	0.001600	-0.001474	0.021475	0.004116	0.018753	0.023586	0.015579	0.001292	0.012352	0.006969	-0.000023	0.010737	-0.004347	0.020085	0.002725	0.008535	0.011104	0.002481	0.013041	0.003884	0.016490	-0.004966	0.006851	0.026335	-0.001958	0.000080	0.015065	0.010152	0.009279	0.012571	0.012707	0.016932	0.010479	0.002680	0.012698	0.026035	0.003689	-0.003215	0.017488	0.005915	-0.016534	0.014940	0.001268	0.004702	0.008241	0.008573	0.013930	0.001585	0.011711	0.004575	0.014601	0.012634	-0.001537	0.017850	0.005243	0.014658
0.010304	0.025800	0.003815	0.003537	0.005080	0.004407	0.014317	-0.010464	-0.005418	-0.003248	0.014777	0.023903	0.005212	0.006038	0.005861	0.016651	-0.001366	0.009167	0.018337	0.012385	0.008914	0.017782	-0.019959	0.012663	0.001382	-0.013416	0.012010	0.021772	0.006171	0.017553	0.021305	0.019732	0.023956	0.013985	0.010234	-0.008054	0.002795	-0.000886	0.027451	0.003898	0.007378	0.010310	0.006136	0.023387	-0.001671	0.007818	-0.001346	-0.006469	-0.001305	0.005872	0.001831	-0.001831	-0.009425	0.005317	-0.008694	0.013010	0.006968	-0.007772	0.003678	-0.001376	0.010284	0.019736	-0.008658	0.007275
0.004881	0.014096	0.007692	-0.000930	0.001531	-0.000872	0.016946	0.005661	0.023837	0.006479	-0.002266	-0.008770	-0.012351	-0.008531	0.007580	0.010134	-0.008336	0.015312	0.003378	0.008221	0.022568	0.016440	0.003848	-0.003205	-0.014140	-0.002866	0.004162	-0.002043	0.005829	0.008214	0.002601	-0.000497	0.008815	0.010602	-0.001875	0.021354	0.004129	0.007297	0.012693	0.007363	0.015510	0.007407	-0.000935	0.009832	-0.007040	0.006826	0.005536	0.004353	0.003281	-0.012730	0.000188	0.005811	0.005980	-0.004151	0.018859	-0.003252	0.015583	0.010687	0.000313	0.023352	-0.004860	0.015411	0.019831	-0.000522
0.020515	0.005141	0.008817	0.009622	0.003837	0.015474	0.014326	-0.011828	0.018102	-0.009083	0.015529	0.018089	-0.004834	0.003444	-0.006056	0.002971	0.005041	0.014797	0.021700	0.021132	0.001223	0.005609	-0.010233	-0.002082	0.017618	0.021025	-0.005251	0.002205	0.007137	0.010543	-0.003072	0.010680	0.002963	0.006499	0.014782	0.007648	0.000825	0.006286	0.004957	0.001743	0.003713	0.020735	0.011166	0.003551	0.011368	0.002804	0.017977	0.010564	0.003917	0.010761	-0.009636	-0.006437	-0.007393	0.007664	0.023983	0.028105	0.012605	0.011653	-0.011165	0.000448	-0.000823	0.000390	0.008525	0.001663
-0.012784	0.015291	-0.004625	0.009633	0.025953	-0.001658	-0.018621	0.002554	0.016257	0.027028	-0.006789	0.011998	0.001677	0.006787	0.031482	-0.009533	0.010715	0.011793	0.019540	0.008387	0.010145	0.004073	0.009558	0.002768	0.014263	0.001241	0.010800	0.008018	0.018754	0.007629	-0.012209	0.019118	-0.001368	0.000082	0.003727	0.021545	-0.015517	0.038754	0.016575	0.007739	0.005795	0.007833	0.010947	0.013218	0.010232	0.007240	0.004269	0.005337	0.003037	0.017745	0.012167	-0.023937	0.011227	0.008290	0.006346	0.001882	0.017617	0.016397	-0.000632	0.010190	-0.002138	-0.007134	0.003840	0.014896
0.016125	0.012750	0.013027	0.012078	-0.001188	0.011628	0.014379	0.013003	0.016856	0.014330	0.008687	0.017397	0.005565	-0.001310	0.003491	-0.002317	0.001009	0.005311	0.000456	0.003720	-0.012258	0.009478	0.006489	-0.002362	0.014190	0.013775	-0.009338	0.000093	-0.000729	-0.001746	0.013243	0.004341	0.004396	-0.013651	0.015439	-0.004741	0.005768	0.010014	0.019287	-0.007888	-0.024147	0.006355	0.023488	0.018986	0.006674	0.001169	0.013877	-0.003427	0.009226	0.011323	0.016898	0.032730	0.008546	0.001114	0.006066	-0.012253	-0.000809	0.002626	0.001732	0.007664	-0.000966	0.017656	0.009945	0.006051
0.003054	0.009066	0.013847	-0.001907	-0.001592	0.004085	-0.007279	-0.002993	0.000217	0.015733	0.007588	0.008493	0.014374	0.006202	0.008915	0.004036	0.010261	0.000746	-0.016158	0.005532	0.020906	0.017073	0.016303	0.018190	0.008400	0.006408	0.000164	0.004494	0.013383	0.019670	0.003510	0.001872	0.007310	0.012213	-0.005529	-0.015585	-0.000416	-0.005123	0.000483	0.003676	0.001652	0.019175	0.008471	0.009223	0.010459	-0.005614	0.016078	0.005796	0.011272	-0.004507	-0.009566	0.012984	0.008200	-0.003046	-0.002442	0.016701	-0.005820	0.022754	-0.002266	0.012167	0.003737	0.012171	0.004235	0.004309
0.007153	-0.002302	0.013188	0.001757	0.002780	-0.002744	-0.019324	0.003570	0.029323	0.015163	0.004970	0.004074	0.006206	0.012966	-0.006672	0.016411	0.015134	0.014266	0.012845	0.007275	0.013484	0.013630	0.003140	0.000461	0.008980	0.020196	-0.005708	-0.006711	0.008969	0.008116	0.006759	0.008946	0.005477	0.021377	-0.006858	-0.000838	0.004098	-0.009146	0.004077	0.021859	0.006442	0.007047	-0.007183	0.000193	0.000735	0.002662	0.018728	0.012217	-0.006326	0.008645	0.011199	0.016491	0.020306	-0.004000	-0.001801	-0.006947	0.003945	0.011382	0.016783	0.005363	0.004113	0.007855	0.001588	0.026887
-0.009533	0.009512	0.026030	0.007064	0.003252	0.003770	0.004626	0.019002	-0.016769	0.022315	-0.008895	0.004071	0.001762	0.013349	-0.010738	0.009657	0.027990	-0.006548	0.010254	0.000447	0.010947	0.007987	0.000274	0.010956	0.025879	0.002988	0.013906	-0.004875	-0.002193	0.012566	0.019903	0.010286	0.004470	0.006485	-0.002963	0.013564	0.014001	0.002887	0.001203	0.007969	0.001776	0.004282	0.026478	0.004204	0.000900	-0.000459	0.013310	0.004854	-0.001663	0.019630	0.020459	-0.000908	-0.014062	0.015997	-0.000369	0.013580	-0.013423	0.015628	-0.004950	0.013217	0.007228	-0.002961	0.005932	0.013042
0.007595	0.013631	0.025579	-0.008501	0.021147	0.008243	-0.002755	-0.007894	0.003247	0.016379	0.003854	0.021732	-0.008307	0.007384	-0.007361	0.008596	0.016511	0.002580	-0.017655	0.008963	0.011096	0.011770	0.018833	-0.004736	0.014468	0.016417	-0.011188	0.010925	0.002255	0.006846	0.008528	0.001559	0.000606	0.006648	-0.001703	-0.003317	0.011916	-0.004106	0.012355	0.009849	-0.011170	-0.002036	0.017260	-0.003314	-0.000182	0.010410	0.013735	0.004072	-0.001157	0.020576	0.023723	0.014812	0.005390	-0.002033	-0.001974	0.010792	0.010388	0.020921	0.013528	-0.008908	0.017571	-0.003531	0.005935	0.008631
0.027043	0.039087	0.012512	0.005678	0.010951	0.016582	0.003637	0.023633	0.007878	0.012915	0.012330	0.011539	0.014828	0.001900	-0.000200	-0.005532	0.012673	0.015173	0.013645	0.024195	0.007188	0.014647	-0.003916	0.002374	0.015212	0.013569	0.004357	0.007666	-0.007478	0.004553	0.014165	0.012575	0.012728	0.007377	0.009708	0.001283	0.012510	0.011902	0.011090	0.000468	-0.014908	0.015749	0.000982	-0.001816	0.011684	0.002442	0.016819	0.012998	0.011671	-0.007043	0.018358	0.007965	0.001189	0.007905	-0.010995	0.009824	-0.003762	-0.006408	-0.007906	0.017369	0.001381	0.022153	0.004955	-0.010456
-0.004819	0.019628	0.004202	0.001291	0.006643	0.012215	0.017576	0.019766	0.001217	-0.006232	0.000690	0.009066	-0.003774	-0.002054	0.008384	0.004425	0.007637	-0.001092	0.005787	-0.002392	0.015446	0.017727	-0.011947	-0.003687	-0.007563	-0.002189	0.005499	-0.006755	-0.002069	-0.002357	0.006746	0.006757	0.000036	0.007873	0.003655	0.004742	0.021762	0.020484	-0.007218	0.013334	0.014018	-0.006780	0.013501	0.021644	-0.006598	-0.003158	0.015896	0.009310	0.010184	0.009607	0.009928	-0.008110	0.015050	0.017713	0.004144	0.005091	-0.009297	0.011700	0.012459	0.005289	0.018434	0.003284	0.015462	-0.004067
0.006480	0.005933	0.008043	0.003326	0.004025	0.015875	0.002235	-0.010354	0.022746	0.021022	-0.007710	0.013609	0.001257	0.010444	0.008272	0.003152	0.000281	0.000007	-0.000694	-0.001059	0.006210	0.000872	0.013757	0.020952	0.002256	0.007228	0.011874	0.012913	0.008416	0.015461	0.010164	-0.005415	0.016342	0.015456	0.002047	0.008351	0.012357	0.005627	0.016775	0.029177	-0.001494	-0.008762	0.008748	0.013891	0.002572	0.020679	-0.007060	0.013765	-0.001129	0.023490	0.026231	-0.002297	-0.000704	0.015056	0.002684	0.005267	0.006516	-0.012216	0.006831	-0.000781	0.002446	0.021180	-0.002254	0.014357
0.003947	0.005017	0.013984	0.010533	0.010802	0.017072	0.003235	-0.000418	-0.005676	-0.000795	0.034762	0.019436	-0.007373	-0.005523	0.009932	0.010501	0.013460	0.004640	0.007659	0.010579	0.007465	-0.014320	0.004454	-0.002336	0.010013	0.034574	0.010763	0.005083	0.016702	0.012594	0.009323	0.012613	0.028302	-0.004283	0.014052	-0.001431	0.010707	-0.001809	0.001806	0.002606	0.016221	0.014075	-0.006866	0.006984	-0.002467	-0.006583	0.003718	0.003591	0.029210	0.010735	-0.007509	-0.000491	0.014780	0.026949	-0.009254	-0.012843	0.025035	0.010803	-0.001610	0.011350	-0.018968	0.006693	0.013424	0.015587
-0.003323	0.008533	-0.003222	0.009454	-0.003626	0.003389	-0.003177	0.012140	0.013794	0.004983	0.005502	-0.007573	0.002950	0.007269	0.031363	-0.005462	0.022785	0.016965	0.011419	0.024636	0.010521	0.011684	0.006464	0.018469	0.018901	-0.001343	-0.006298	0.005921	-0.000587	0.007308	0.017523	0.002176	0.007087	0.007101	0.017539	-0.014775	-0.000895	0.009444	0.017773	0.000362	-0.012535	0.010909	-0.000894	-0.005495	-0.001749	0.004166	-0.000029	-0.015393	0.013773	0.019126	0.012745	-0.006137	0.002725	0.006315	0.012549	0.012369	-0.000996	0.007664	0.011657	0.020731	0.014387	0.014513	0.011158	0.020518
0.010736	-0.000910	0.019958	0.014085	0.000885	0.002696	0.009399	0.010089	0.007200	0.010481	0.022219	0.017642	0.007991	0.016907	-0.005063	0.009096	0.025809	0.004880	0.000146	0.000686	-0.004105	-0.000071	0.002824	-0.007942	0.008037	0.013709	-0.002105	0.023038	0.012473	0.017942	-0.001480	0.014871	-0.003353	0.015306	0.011049	0.013145	-0.006374	-0.001594	0.011627	-0.004138	0.010649	-0.008865	0.013716	-0.005844	0.010006	0.012073	-0.000880	0.012370	0.007303	0.000760	-0.004110	-0.014615	0.007983	-0.009328	0.007307	0.003006	0.012845	0.003633	0.003617	0.013281	0.010572	0.009630	0.014651	-0.008956
0.015127	0.014448	-0.003420	0.005288	0.005643	0.007096	0.011043	0.020890	0.016883	-0.004880	0.012011	0.020884	0.010802	0.019681	0.026290	0.016554	0.011641	0.018021	0.010822	0.008137	0.004352	0.024340	-0.000256	0.022359	0.013892	-0.008409	0.011144	-0.011701	0.014670	0.017681	0.000110	0.008864	0.027920	0.002374	0.000051	0.023524	0.025763	0.008430	0.016906	0.019694	-0.000353	0.000655	0.018560	0.024467	0.011131	-0.001720	0.026702	0.002357	0.002075	0.010500	0.022463	0.014559	0.009656	0.011739	0.007872	0.012041	-0.018037	0.004581	0.010174	-0.004507	0.012059	0.005667	0.028707	0.022904
0.001696	0.005638	0.004706	0.002015	0.006800	-0.000612	-0.005139	0.011434	0.010976	-0.001131	0.013577	0.000055	0.008035	0.015223	0.004467	0.009389	0.002193	0.004397	0.005983	-0.000829	0.004522	-0.008198	0.001102	0.002611	0.004664	0.001857	0.005693	0.012232	0.015576	0.000737	-0.007445	-0.004553	0.002058	0.002470	0.000974	-0.005837	0.000370	0.008547	0.011115	-0.000758	0.001614	-0.004802	0.004648	-0.002540	0.009700	-0.012306	0.001929	0.009180	0.006443	0.032795	0.009342	-0.005242	0.003412	-0.011981	0.005190	-0.002882	0.014976	0.001002	0.005346	-0.000622	0.024141	0.003080	0.027867	0.014182
0.011160	0.011243	0.009745	-0.012347	0.002355	0.015731	0.005760	-0.008698	0.004638	0.024310	0.017647	0.006131	0.015478	0.003999	-0.011885	-0.004265	0.023245	0.004196	0.006040	0.004063	0.025811	0.024009	0.028710	0.004351	0.010419	-0.010521	0.021280	-0.003631	0.009429	-0.003107	-0.000859	-0.001960	0.001183	0.000810	0.003834	0.015760	-0.005754	0.009349	0.017706	0.000088	-0.001097	0.002376	0.017112	0.008361	-0.000860	0.010661	-0.004986	0.013181	0.008573	0.002901	-0.002481	-0.003990	0.009781	0.018402	0.000080	0.010107	-0.014742	0.000629	0.006279	-0.003334	-0.002364	-0.000141	0.012666	0.004134
-0.015692	-0.013760	-0.000399	0.011080	-0.022211	0.002286	0.001464	0.019452	0.001359	0.010908	0.006298	-0.014544	0.013423	0.009780	0.010461	0.044534	-0.012803	0.023907	0.005582	0.009787	0.006292	0.003626	0.001090	0.009551	-0.007321	0.012279	0.002727	-0.003161	0.002969	0.020378	-0.000129	0.010169	0.000294	0.014241	0.016284	0.026061	0.003654	0.014118	0.006937	0.018373	-0.000804	0.012290	0.003762	0.005989	0.005542	0.008801	0.005054	0.008991	0.020662	0.016314	0.014763	0.000570	-0.004073	0.015814	0.015407	0.020536	0.000182	0.004314	-0.009383	0.002006	0.016980	0.002096	0.016522	0.004461
0.009457	-0.004022	0.006360	-0.022989	0.003117	-0.008985	0.018443	0.013052	0.009530	0.022007	-0.004428	0.023879	0.015286	0.005136	0.016497	-0.005786	-0.000772	0.000605	0.002772	-0.003677	0.018784	0.005206	0.010091	0.000132	-0.010637	0.006916	-0.012545	0.006873	-0.006357	0.027528	0.014186	0.007357	0.019652	-0.002169	0.014438	0.009406	0.007815	0.020223	0.013271	0.008210	-0.010489	-0.005115	0.004070	0.007310	-0.006617	0.030090	0.021225	0.012520	0.005094	0.003803	-0.003653	0.005761	0.007012	-0.006283	0.009697	0.003815	-0.013134	-0.002223	0.002605	0.024536	0.012592	-0.007034	0.014378	-0.009488
0.016853	0.002291	0.004605	0.019708	-0.007957	-0.007174	0.000144	0.015557	-0.010597	-0.021668	0.000140	0.011850	0.017415	0.002484	0.000576	0.016174	-0.011486	0.002216	0.009834	0.011171	0.001321	0.007523	-0.018645	-0.001278	0.011683	-0.005472	0.006850	0.012077	0.003519	0.008835	-0.005122	0.003723	0.013166	0.007661	0.002925	0.009370	0.011875	-0.013583	0.016808	0.001575	0.009959	0.016215	-0.008663	-0.001089	0.001243	-0.002258	0.022830	-0.002295	-0.001088	0.007891	-0.006209	0.000756	0.007486	0.002449	0.005043	-0.000052	-0.009188	0.009446	0.023944	0.006028	0.009016	0.012933	-0.003001	0.022731
0.008890	0.023873	-0.001312	0.025089	0.013002	0.013106	0.008903	0.003230	0.017347	0.008710	-0.014608	-0.004269	0.004321	0.010943	0.004778	0.017611	-0.011279	0.008150	-0.009713	0.014717	0.005993	0.012168	-0.001530	0.018926	0.018297	0.010600	0.005508	0.013926	0.000517	0.016391	0.021625	0.017432	0.000314	0.010059	-0.003423	0.013459	0.009865	-0.011236	-0.005570	0.002723	0.003211	-0.007258	0.009286	0.009116	0.002750	-0.001478	0.016467	0.023347	0.000073	0.000247	0.011045	0.001500	0.003147	0.013668	-0.012320	0.018897	0.007055	0.002729	0.006050	0.005696	-0.009758	0.021663	0.010662	0.010906
0.015462	-0.003312	0.009615	0.003462	0.012834	-0.014691	0.004656	-0.001036	0.008646	0.011145	-0.002663	-0.001247	0.003980	-0.002189	0.012936	0.001045	-0.021933	0.002180	-0.002863	-0.010220	-0.006465	0.007959	0.019219	0.008369	0.000795	0.008397	0.001300	0.000050	-0.005223	-0.010559	0.000531	0.007169	0.005586	0.001503	-0.000923	0.012849	-0.008403	0.014171	-0.004874	-0.002923	-0.009226	-0.000820	0.014522	0.011083	0.013923	0.010762	-0.005657	0.002547	-0.003462	0.018670	-0.006377	0.013290	0.013210	0.023767	0.001741	0.012068	0.028320	-0.000187	-0.009216	-0.013413	0.013619	-0.012896	0.005420	0.010069
0.008975	0.012320	0.008629	0.020115	-0.003822	0.001060	-0.000810	0.014259	0.014523	0.012237	0.017258	-0.004434	0.022980	0.023457	0.013169	0.023503	-0.008241	0.001796	0.001538	0.014763	-0.003003	0.015877	0.020975	0.013432	0.010744	-0.004924	-0.001389	0.021022	0.015696	0.007800	0.001203	-0.013325	-0.002701	0.025899	-0.003057	0.010121	0.015807	-0.004758	0.007993	0.014844	0.006807	0.033643	-0.010779	0.017451	0.003411	0.014208	0.010807	-0.000292	0.007272	-0.011907	0.012422	0.008643	0.011575	0.017275	0.010538	0.007387	-0.002120	0.000034	0.019296	0.020935	0.005330	0.007462	0.001594	0.018316
0.013488	0.027062	-0.002794	0.003482	0.007894	0.014154	0.004506	-0.002952	0.014129	0.014716	-0.003867	0.020448	0.017944	0.009394	0.006158	0.010786	-0.000542	0.007081	-0.012856	0.015784	-0.008345	0.022995	0.003636	0.003955	0.001681	0.001957	0.020815	-0.016410	0.020245	0.011436	-0.006845	-0.004177	0.024261	-0.002695	-0.001902	0.019066	0.008934	-0.001767	0.007960	-0.004638	0.017732	0.015626	0.011018	0.010429	0.022357	0.006244	-0.005469	0.011546	0.025984	-0.003525	0.002575	0.009414	0.004491	-0.003218	0.017827	0.029116	0.008453	-0.002117	-0.008421	0.008799	0.018538	0.011673	0.010353	0.000748
-0.004516	0.015676	0.014901	-0.008242	0.021144	0.013135	0.020163	-0.008033	-0.008706	0.005863	0.010182	0.024692	0.013137	0.005277	-0.005165	0.016979	-0.001975	0.022900	0.005713	0.022971	0.013563	0.006130	0.001250	0.002224	0.011563	0.005225	0.000548	0.006117	0.007855	-0.013517	0.009297	-0.003627	-0.004343	-0.010733	-0.009037	-0.006274	-0.001812	0.026666	0.000330	0.006728	0.009817	0.005742	0.004353	-0.005615	0.019075	0.024145	-0.010781	-0.003764	0.001904	-0.003582	0.010896	-0.002226	0.026431	0.018285	0.008545	0.015647	0.016861	0.000875	-0.001327	0.006750	0.015975	0.007966	-0.005810	-0.001959
0.006198	0.007202	0.025644	-0.006720	0.010380	0.022346	0.029299	0.001876	0.010313	0.013355	0.007351	0.006015	0.010626	-0.017222	0.012215	0.006638	0.006095	0.027514	0.002054	0.003323	0.026916	-0.000422	0.001395	0.004734	0.016351	0.007027	-0.005893	0.002966	0.001652	0.007281	0.009531	0.010998	-0.009725	0.017334	0.012409	0.021901	0.010106	0.018519	0.010683	0.018952	0.011541	0.004080	0.028555	0.015996	0.010457	-0.006487	-0.006719	0.009688	0.006312	0.000391	0.007984	0.021249	0.011695	-0.005110	0.005220	-0.002274	0.002543	0.002750	0.002362	-0.006266	0.006124	0.000989	-0.018918	0.026629
0.017365	0.003448	0.005723	-0.004874	0.021965	0.026354	0.008142	0.015699	0.006889	-0.006304	0.000656	0.007716	0.001432	0.005370	0.004335	0.004446	0.008091	-0.004175	0.000907	-0.005946	0.016120	-0.013232	0.018256	0.019793	0.004388	-0.021668	0.002736	0.007021	-0.002816	0.002464	0.020344	0.013231	-0.001911	-0.009842	0.005675	0.005281	0.010182	0.001887	0.011040	0.024520	0.014068	0.004006	0.003389	0.002877	0.016375	-0.000217	0.006383	0.007040	-0.000360	-0.007634	0.009010	0.004384	0.009623	0.000997	0.018502	-0.003296	0.022963	-0.010946	0.011026	0.010551	-0.000742	0.010792	0.022594	-0.015791
0.011835	-0.017082	-0.003475	0.023604	-0.000159	-0.003982	0.005089	0.026548	-0.012777	-0.003128	0.020193	0.025712	0.005285	-0.004296	0.026529	0.021498	0.014826	-0.000980	0.008369	0.005905	0.010366	0.022495	0.015789	-0.004368	0.021783	0.008153	0.013990	0.022975	-0.003217	0.007751	-0.000175	-0.008904	0.011395	0.031771	-0.008675	0.007718	0.011968	0.008832	0.004903	-0.007388	0.008794	-0.002523	-0.016247	0.018655	0.014584	0.006874	0.008628	0.017572	0.007207	0.015517	0.003462	0.018492	0.008486	0.008538	-0.005852	0.008757	-0.001865	0.000470	-0.001064	-0.004036	0.028855	0.020364	0.029591	-0.005437
0.007364	-0.005439	-0.001161	-0.002245	0.017439	0.003570	0.017197	0.011658	0.027941	-0.007458	0.017676	0.018206	-0.003531	0.017620	0.008602	0.003158	-0.000258	-0.000283	0.028880	0.007340	0.014588	-0.000091	-0.001044	0.016757	-0.005749	0.000461	0.007291	0.009203	0.005645	0.011670	0.011882	0.013694	-0.002350	0.003627	0.021205	0.016624	-0.008526	0.010673	-0.013873	0.005668	0.024886	-0.004664	-0.002730	0.014107	-0.010931	-0.000445	0.011814	0.000312	0.002483	0.013642	0.010298	0.007752	0.001139	0.009721	0.005287	0.010131	0.001159	0.004717	-0.002967	0.005593	-0.000921	-0.004584	0.012552	0.008425
0.014889	0.003671	0.010385	0.013157	0.010126	-0.000371	0.008306	0.009531	0.005646	-0.013156	0.007107	0.029372	0.003014	0.000953	0.009530	0.008843	0.020186	-0.005200	0.016278	0.013630	0.005938	0.011703	0.017710	0.015229	-0.003104	0.013125	0.006718	0.009440	0.008733	0.006958	0.017651	0.006269	-0.003164	0.003017	0.011809	0.020675	0.011943	-0.000407	0.031274	0.008482	0.019264	0.003695	0.011368	0.015687	0.017474	0.017224	0.015332	0.004034	-0.000556	0.010007	0.016013	0.003586	0.015918	0.021294	-0.002261	-0.002472	0.005217	0.010236	0.002324	0.020161	0.012109	0.007428	-0.003919	-0.006554
0.009105	-0.014025	0.015501	0.005102	0.037318	0.030331	0.004445	0.004289	0.014809	0.023624	-0.011554	-0.011560	-0.000402	0.013360	0.010017	0.015790	-0.004596	-0.016642	0.016302	-0.001764	-0.013851	0.008941	0.014509	0.004654	0.002701	0.002563	0.002480	-0.006076	-0.000216	0.012554	0.008093	0.007768	-0.002788	0.004112	-0.012994	0.008755	0.019111	-0.007443	-0.000144	0.008254	0.018409	0.000022	-0.002025	-0.013514	0.005545	0.026209	0.008571	0.006315	0.007956	0.005726	-0.002310	0.012850	0.006692	0.006139	-0.003495	0.018326	0.012589	0.000786	0.016536	0.000832	-0.000696	-0.001206	-0.007898	0.010640
-0.012664	-0.005854	-0.015832	0.005059	0.003085	0.003273	-0.004887	-0.007160	0.008718	0.000792	0.007299	-0.002970	0.006992	0.019723	0.010180	0.000227	0.009216	0.003466	0.007490	0.002848	0.004259	0.008989	-0.004200	-0.005192	-0.007237	-0.012176	-0.006367	0.008505	-0.002365	0.011948	0.004356	-0.014404	0.012831	0.013470	-0.001733	0.010689	-0.004051	0.007349	-0.007776	-0.013507	0.001576	0.002814	0.000638	-0.006105	-0.000074	0.007964	0.004695	0.007501	-0.002583	0.017007	-0.006412	0.009206	0.016039	0.010365	0.003668	-0.000486	0.015417	-0.008531	-0.003832	0.001359	0.018901	0.009611	-0.000702	0.002280
0.000174	0.000257	0.015386	-0.006761	0.021037	0.015514	0.017188	0.000674	0.003169	-0.007331	-0.000348	0.011487	0.018824	-0.003510	0.001328	0.003322	-0.006445	0.012139	0.000931	0.005008	0.002142	-0.000360	0.006194	0.003467	0.003606	-0.002870	0.009695	0.024289	0.008639	0.017377	-0.009051	0.007548	-0.003848	-0.008557	0.001568	0.019327	0.014689	0.009562	-0.009925	0.003006	0.008846	0.006236	-0.013146	-0.002633	0.003669	0.010924	-0.016281	0.004690	0.006224	0.014759	0.012916	0.010690	-0.003621	-0.013145	0.002228	0.015328	0.019779	0.013710	0.011212	0.009613	0.001454	0.005151	0.026426	-0.003207
0.022878	0.004695	0.019082	-0.006954	0.010980	0.000238	-0.007454	0.007789	0.015513	-0.001039	-0.009660	0.005808	0.005286	0.013214	0.014874	0.004988	0.026626	0.009282	0.005148	-0.008766	0.004341	0.004696	0.016482	0.011070	-0.003599	0.006585	0.013690	0.023413	0.016455	0.015660	0.005893	0.010428	0.019861	-0.006601	0.005989	0.000232	0.009319	0.019704	0.000063	-0.018353	0.002448	0.014147	0.011042	0.010842	0.001862	-0.006559	0.011252	-0.001511	0.026685	0.012339	0.000601	-0.000793	0.003804	0.003974	0.017693	0.007700	-0.000807	0.025751	0.007719	0.013791	0.001358	0.010245	0.013282	-0.012378
0.026561	0.020459	0.001821	-0.004290	0.008660	0.008239	0.010061	0.007355	0.010032	0.021629	0.010641	-0.003808	0.019628	0.023992	0.036490	-0.006025	0.009823	-0.013903	0.013566	0.001482	0.025699	-0.000099	-0.010328	0.001011	-0.012281	0.011600	-0.013991	0.007845	-0.013556	0.004287	0.020910	0.009586	-0.001637	0.005896	0.009058	0.011876	-0.008571	0.012873	-0.021445	-0.001423	0.001024	0.010845	0.005418	-0.007691	-0.005390	0.007620	0.004710	0.000528	-0.000196	0.013003	0.000871	0.004141	0.026104	-0.008161	-0.012225	0.012986	-0.000805	0.003391	-0.001079	0.003271	0.023240	0.014379	0.018231	-0.008007
-0.004911	-0.020991	-0.002474	0.016572	0.010524	0.005293	0.006246	-0.001362	0.007334	0.014578	-0.011149	0.009842	0.015387	0.003591	0.012216	0.033327	0.006961	0.010728	0.001113	0.008869	0.011471	0.009719	-0.003482	0.008172	0.022367	0.009306	0.016454	0.005741	0.014829	0.010615	-0.004482	0.009667	-0.002548	0.000151	0.011180	0.010501	-0.006561	0.017689	0.011377	-0.001754	-0.009317	0.003113	0.001047	0.007463	0.000838	-0.013952	0.002094	0.003395	0.010913	-0.000627	0.022621	-0.013870	0.017583	0.004086	0.015037	0.006401	0.017344	0.002566	-0.004104	0.020137	0.006330	0.008901	0.022346	-0.003917
0.012757	0.001829	0.004717	0.007727	-0.009671	-0.000253	0.020159	0.014619	0.004718	0.009777	0.002439	0.020395	0.004125	0.009996	0.016770	-0.002272	0.023459	-0.008074	0.024880	0.003667	0.004434	-0.011116	0.002181	-0.004083	0.002019	0.003555	0.016594	0.010364	0.010585	-0.003051	-0.003600	0.024366	0.000370	0.023154	0.007306	0.008001	0.016254	0.020293	0.004884	0.001608	0.005623	0.008205	0.014544	0.006869	0.011125	0.022685	0.010052	0.009868	-0.010371	-0.019975	0.010077	0.004284	-0.000199	0.008832	0.005996	0.016869	0.007134	-0.000722	0.016828	0.004040	0.012539	0.001863	0.003784	0.007303
0.006137	0.011447	0.002284	-0.012446	-0.000093	0.014405	0.002783	0.002559	0.014312	-0.000574	-0.010859	0.004159	0.000248	-0.002846	0.002590	0.009462	0.007015	0.009271	0.025760	0.002936	0.008640	0.001753	-0.002513	-0.000454	0.002355	0.007705	0.029347	0.000151	0.002419	0.006083	0.008185	0.008194	0.019313	-0.018478	-0.015456	0.001700	0.015345	-0.009185	-0.024962	0.010082	0.007596	-0.006881	-0.005343	-0.004162	0.004946	-0.001177	0.009882	-0.022565	-0.004354	-0.005851	0.002625	-0.001204	0.011683	-0.013025	0.006108	0.010412	0.023959	0.001120	0.009170	-0.012986	-0.017486	0.014078	0.009266	0.017484
-0.006977	0.012652	0.024481	0.011064	0.007926	0.007326	-0.009174	0.018905	-0.001024	0.012217	-0.010419	-0.005046	0.020210	0.004212	0.019562	0.004610	-0.010485	0.015597	0.002638	0.013978	0.006958	-0.007677	0.008449	0.027869	0.012566	0.004250	0.017419	0.010049	0.009323	-0.003238	0.007405	0.016817	-0.000808	0.020662	0.008328	-0.001293	0.015161	0.004429	0.013331	0.002334	0.005342	0.009591	0.008051	-0.013596	-0.006749	0.015093	0.004606	0.001289	-0.008839	-0.004851	-0.014192	0.003774	-0.001553	-0.003575	0.005614	0.009044	0.026818	-0.008404	0.018385	0.015694	-0.000685	0.008321	0.005403	0.008091
0.021026	0.013165	0.010381	0.001939	-0.010203	0.004668	0.017888	-0.010042	-0.005840	0.007845	-0.005172	-0.001746	0.001130	-0.006591	-0.005035	0.011596	-0.005932	-0.009702	0.001555	0.013877	0.004308	0.002610	0.006547	-0.011964	0.012102	0.008054	0.002257	0.017453	-0.004299	0.018570	0.006174	0.002564	0.007024	0.005021	0.020934	-0.003573	-0.002721	0.017277	-0.000382	0.013927	0.022590	0.000554	0.011835	-0.005426	0.011681	0.007784	0.010441	0.000016	-0.012034	0.010681	-0.014843	0.001292	0.013571	0.007807	0.025508	0.015503	-0.000769	0.006490	0.005727	-0.010386	-0.002851	0.000378	-0.010740	0.006113
0.003953	-0.009310	0.009666	0.013880	0.007291	0.004099	0.012246	0.012198	0.007896	-0.001256	0.007661	0.018536	0.000020	0.028408	-0.000012	0.005517	0.000907	0.008807	-0.009130	0.001363	-0.004349	0.009131	0.016546	0.012290	-0.016026	0.024827	0.009486	-0.000091	0.008623	0.009364	-0.001560	0.008237	0.001241	0.002238	0.002171	-0.007004	0.006400	0.012999	0.010995	0.013474	0.009317	-0.000584	0.013486	-0.007353	-0.004738	-0.003733	0.016729	0.016073	0.009654	0.016781	-0.002786	0.008215	0.003109	0.014255	0.005239	0.001932	0.011498	0.015233	0.000105	0.005218	-0.003634	-0.018477	0.011763	0.012182
0.009118	-0.011944	0.002192	-0.015217	0.018620	-0.003392	0.018872	0.014940	-0.004133	-0.004354	0.008344	-0.001794	0.007017	0.002734	-0.012733	-0.017086	0.009808	0.001077	0.002949	0.013971	0.018303	0.004882	0.003107	0.010740	-0.005796	0.006850	0.012162	0.014701	-0.011934	0.000020	-0.003722	0.007304	0.012240	0.021261	0.004370	0.002766	0.016760	0.010469	0.018506	0.008355	-0.005419	-0.008740	-0.010017	0.013103	0.016623	0.024678	0.014678	0.018215	-0.000960	-0.005352	0.014525	0.009368	0.005886	0.010280	0.009772	0.018534	0.019159	0.012013	0.015327	0.011112	0.002712	0.014073	-0.003722	0.016884
-0.005500	0.009945	-0.002994	0.012001	0.004397	-0.008796	0.010218	-0.000503	0.013660	0.007060	0.008605	-0.003205	-0.000277	0.002611	0.013525	0.021715	-0.000378	0.017166	-0.013424	-0.005261	-0.003219	-0.006287	-0.009423	0.009894	0.005400	0.008222	0.013263	0.010290	0.013492	0.006741	-0.007018	0.016549	0.001221	-0.003113	0.007235	-0.001583	0.001090	0.010514	0.008859	-0.003853	0.001088	0.015274	0.010481	0.027105	0.016348	0.017337	-0.007973	0.013886	0.003991	0.000661	0.007683	0.014517	0.009549	-0.002595	0.013437	-0.001098	0.007887	0.003307	0.004424	0.013488	-0.003230	0.025440	-0.008404	-0.000136
0.010718	0.013800	0.005257	0.006669	0.009390	0.005431	0.020646	0.014314	0.014092	-0.001978	0.004549	0.004042	-0.003715	0.011490	0.000218	0.011991	-0.002375	0.024157	-0.000084	0.009633	0.015011	0.002414	0.015394	-0.005893	0.022471	0.005263	0.001089	0.005475	0.015730	0.002137	-0.002212	0.004524	-0.003676	0.024971	0.004219	0.016348	0.007620	-0.002361	0.005947	0.013360	0.004694	0.016917	0.015991	0.016068	0.000187	-0.004519	0.000140	0.008883	0.010465	-0.014991	0.006408	0.007000	0.002144	0.019296	0.011012	0.018979	0.004453	0.016396	0.023652	0.019432	-0.003327	0.004313	0.007098	0.011602
0.013106	-0.001272	0.006070	-0.013354	0.019229	0.002120	0.006676	0.002110	0.016212	-0.021313	0.004444	0.005293	0.001393	0.024543	-0.003842	0.012601	0.011063	0.019085	0.001524	-0.000690	0.017429	0.011665	-0.009259	0.000145	0.011263	0.012856	-0.000444	-0.021315	0.012217	-0.004715	-0.015719	-0.022262	0.015221	0.007520	0.006815	0.021019	0.011537	0.023143	-0.008375	0.004611	-0.010092	0.002040	0.002762	0.012518	0.005005	0.012186	0.012869	0.027712	0.001280	-0.003451	0.008193	-0.002976	0.019174	0.003194	0.000585	0.000666	0.012937	0.004722	0.000303	0.022216	-0.001314	0.006630	0.016001	-0.010193
0.011654	-0.002658	0.014191	-0.002486	0.012183	0.018727	0.015346	0.008322	0.002807	0.001689	0.019859	-0.000016	-0.004036	0.014556	-0.002592	-0.004172	-0.006416	0.002195	0.007945	0.009684	0.016287	0.013219	0.004974	0.004115	0.013176	0.017585	0.008364	0.003506	-0.002303	-0.006399	0.011836	0.012526	0.013641	0.005647	0.023625	0.003189	0.015083	0.007207	0.000076	0.011577	0.010586	0.008584	0.006584	0.006485	0.028642	0.018071	0.013454	0.008035	0.015145	0.011690	0.006584	0.002258	0.003876	-0.025161	0.008652	0.001101	0.022405	0.007171	-0.004702	0.005600	-0.003073	0.011367	0.013279	0.016081
-0.001639	0.007323	-0.008224	0.013125	0.009811	0.011709	0.006002	0.009221	0.020549	0.003871	0.005877	-0.004645	-0.003204	0.008103	0.015736	0.002407	0.004975	0.002250	0.002513	0.009349	-0.008751	0.019891	-0.000365	0.012756	-0.005238	0.011072	0.012973	0.011116	-0.003139	0.009638	-0.007319	0.003376	0.017298	0.014090	0.008790	-0.002822	0.011034	0.006855	-0.017999	0.012589	0.005649	0.016452	-0.005986	-0.025892	0.006624	0.008265	-0.011587	-0.003627	0.031890	0.002946	0.012894	-0.002140	-0.016689	0.003697	0.003036	0.001254	0.004632	0.008789	0.004864	-0.007117	0.011243	-0.013513	-0.011015	0.013027
0.011662	0.006828	-0.008281	-0.000571	0.002134	-0.008907	-0.001220	0.011847	0.019212	0.002950	0.012395	-0.012640	0.012116	-0.000733	0.007999	0.002729	0.020847	-0.001895	0.014529	0.004079	0.004965	0.005465	-0.001879	0.005785	0.007001	0.006933	0.007373	0.015803	0.016404	-0.002858	0.013505	-0.005545	0.013174	0.012429	-0.009899	0.008381	0.000568	-0.000411	0.018981	-0.001408	-0.001908	0.005481	0.012023	0.005103	0.016095	0.011127	-0.015686	0.001162	-0.000824	0.010789	-0.019932	0.030294	0.010011	0.007590	0.018067	0.028731	0.014764	0.015976	0.007915	0.004467	0.002277	-0.001985	0.002947	-0.007176
0.006030	-0.009151	0.007697	0.006574	0.006611	0.002394	0.037296	0.019468	-0.007049	0.009542	-0.000966	-0.003382	-0.007366	0.011980	-0.001294	0.015054	0.017956	0.020716	0.000063	0.011767	0.012989	0.003078	-0.000944	0.022234	0.010053	0.011048	-0.001474	-0.004118	0.001647	0.006374	-0.005674	0.006408	-0.009233	-0.004629	0.015828	0.013529	0.001318	-0.002913	-0.004558	0.001508	0.012763	0.014012	0.000534	-0.004952	0.007245	-0.002145	0.000958	0.019945	0.013356	0.008010	-0.006485	0.007219	0.015374	0.002628	0.020132	0.018884	0.022897	0.009821	0.012914	0.020228	0.011912	0.001683	0.005941	0.009045
-0.006066	0.006391	0.016759	-0.014846	0.020515	0.018903	0.002007	0.010894	0.005321	0.019745	0.015062	-0.007145	0.012024	0.005843	0.006026	-0.001988	0.025601	0.017555	0.001257	-0.006264	0.002969	0.012291	0.009260	0.018766	0.015958	0.014648	0.010147	-0.005866	0.005420	0.018553	0.004726	0.011843	0.004536	-0.003588	0.008226	0.010708	-0.001302	0.004867	-0.003570	0.016491	0.003398	0.019404	0.020930	0.005691	-0.005708	-0.014915	-0.008870	-0.007044	0.018661	0.007770	0.010139	-0.017019	-0.007425	0.015069	0.009254	0.004284	0.011957	0.023117	0.004901	0.006633	0.009222	0.030443	-0.010589	0.013100
0.005652	0.013298	-0.000508	0.006670	0.012714	0.038667	0.014745	-0.002801	0.000949	0.002803	-0.012624	0.003697	0.013585	-0.004475	0.015876	0.010116	0.000614	0.005664	0.024669	0.014713	0.007136	0.005597	0.007687	0.000962	-0.012926	0.025098	0.008654	0.012302	0.007046	0.000652	0.003241	-0.009351	0.030361	-0.005427	-0.000616	0.003659	0.018388	0.007697	-0.006164	0.018113	0.013916	0.010340	0.012978	0.030798	0.026808	-0.000282	0.022289	0.010909	0.009913	-0.010454	0.004634	-0.002572	0.013331	0.017103	-0.013959	0.005457	0.017481	0.005087	0.014363	0.009871	0.011036	0.004256	-0.001970	-0.004848
0.013741	0.007730	0.004516	0.002955	0.002453	0.018002	0.003111	-0.007737	0.012679	0.005234	0.005549	0.022883	0.006088	0.010753	-0.006465	0.003162	0.014071	-0.008635	0.010386	0.008194	0.007479	0.018474	0.010257	0.020899	-0.001959	0.005965	0.007487	-0.002689	0.017071	0.031402	0.005210	0.011651	0.008322	-0.000797	-0.008958	0.000463	-0.008426	0.024616	0.004902	0.002005	0.015144	-0.006411	-0.002285	0.007156	0.014859	0.011259	0.008737	0.007733	0.008999	0.008183	-0.004186	0.005459	-0.005895	0.007163	0.001835	0.031199	0.005982	-0.007262	0.005506	0.011382	0.023983	0.000857	-0.005621	0.014499
-0.007410	0.002932	0.003223	0.006254	0.012072	0.000561	0.003584	0.005135	0.006545	0.008109	0.009413	0.015145	0.009924	0.012065	-0.010631	0.005534	0.012586	0.014006	0.001480	0.000377	0.001045	0.013109	0.016933	0.001900	0.016723	0.005924	0.005366	0.005647	0.014744	0.011303	0.027793	-0.002015	0.012455	0.000919	0.000468	0.007391	0.006805	0.036477	0.004091	-0.006046	0.008612	-0.016165	0.004261	0.006484	0.012516	0.015835	0.001036	0.005047	-0.003133	-0.005359	0.008819	-0.007825	0.000369	-0.003657	0.011892	0.023512	-0.007017	-0.012083	0.005400	0.006048	0.009279	0.001966	0.007901	0.009839
0.017153	-0.011816	0.002240	0.009267	-0.003438	0.024947	0.000360	0.005281	0.010977	0.001341	-0.013294	0.002708	0.016679	0.004781	-0.002940	0.014758	0.004731	0.001824	0.010054	0.015020	0.030968	0.016590	0.018583	0.001353	-0.002223	0.005395	0.007941	-0.002460	0.006119	0.012230	0.009023	0.011687	0.010554	0.001595	0.004345	-0.003982	0.023290	0.008016	0.004048	-0.003569	0.035685	-0.005603	0.001447	0.011018	0.010970	0.016079	0.024473	0.012268	-0.005448	0.003839	0.009509	0.025972	-0.008767	0.018517	0.008653	0.014161	0.005337	-0.001563	0.014649	0.013016	0.017227	0.006901	0.004188	-0.009131
0.014941	0.011908	-0.003709	0.001553	0.000468	-0.007487	-0.001650	-0.005628	0.001254	-0.000055	-0.010946	0.026917	0.018554	0.000003	0.008085	0.009673	0.019949	-0.001068	0.019336	0.001938	-0.006325	0.015070	0.019850	0.032128	-0.003892	0.011882	0.003053	0.016086	-0.007086	-0.004704	-0.002561	0.007596	0.001406	0.013360	0.019962	0.014044	0.021524	0.011486	-0.006132	0.019048	0.000311	0.014154	0.021615	0.011373	-0.010240	-0.003070	0.019271	0.005217	0.005748	0.014166	0.013472	0.008068	0.002500	0.003053	0.015083	0.011368	0.003955	0.017785	0.005810	-0.002344	-0.000428	-0.003253	0.007423	0.018643
-0.002005	0.008822	-0.001281	0.003554	-0.010517	0.004482	0.004005	0.010372	0.006645	-0.005347	0.015272	0.008210	0.007296	0.006800	-0.000586	0.006777	0.011679	-0.011339	0.002300	0.003989	0.008742	0.018964	-0.001683	0.000299	0.001932	-0.003812	0.002648	0.014793	-0.003797	0.011365	-0.012562	0.000079	0.003754	0.022583	0.005760	-0.015068	-0.015447	0.006854	0.011049	0.008522	0.007310	0.015995	-0.000368	0.014499	-0.012549	-0.003932	-0.012595	0.003232	0.003907	0.007062	0.006108	-0.004779	0.001923	-0.009391	0.019330	0.002202	0.000776	0.021890	-0.006116	-0.005937	-0.004621	0.005110	0.013728	0.013105
0.031951	-0.015202	0.011378	0.000725	-0.001311	0.000504	-0.003021	0.022066	0.013297	0.007008	0.018062	-0.008818	-0.007911	-0.014809	-0.002453	0.006669	0.008369	0.007849	-0.005937	0.014483	0.008610	0.014284	-0.012789	0.008682	-0.004459	0.000382	0.011537	0.008356	-0.001708	0.007174	-0.010758	0.017372	0.004960	0.017108	0.003466	0.001762	-0.002836	0.015410	-0.001755	0.011289	0.001776	-0.015285	-0.000753	-0.005900	0.004216	-0.006427	0.014636	0.005243	0.002641	0.012418	0.015319	0.004404	-0.003611	-0.012070	-0.001001	-0.000908	0.006912	0.002786	0.013261	-0.000587	0.006091	0.017748	0.012903	0.005336
0.000585	0.000947	-0.002903	0.001597	0.012886	0.005253	-0.006838	0.022979	0.008294	-0.006900	0.000417	0.007860	0.023072	-0.003192	0.015030	0.019233	0.001393	0.003858	-0.001984	0.005057	0.006556	0.014536	0.017772	-0.001328	-0.011996	0.004308	0.009690	0.010564	0.004267	0.009224	0.020286	0.010320	0.003777	0.001522	0.007684	0.023969	0.003460	0.007160	0.001326	0.016367	0.025732	0.009319	0.006371	0.007009	-0.019065	0.013442	0.007456	0.011000	-0.002331	0.002388	0.001978	0.015341	0.001063	0.027064	0.010863	-0.007177	0.004701	-0.000058	-0.014963	0.021948	0.014361	0.012086	0.011529	-0.007587
0.001963	0.016094	-0.004527	-0.018249	0.002949	0.006323	0.008065	0.012898	0.011574	0.010113	0.017113	-0.008306	0.011095	0.014035	-0.007012	-0.009617	0.000627	0.000429	0.016176	0.001048	-0.001584	0.001884	0.017996	0.006464	0.006206	0.003711	0.019842	0.000885	0.020777	0.010311	0.004034	0.031619	-0.002893	0.002996	-0.002517	0.017487	0.022603	0.024439	0.018368	0.003722	0.002616	-0.011674	0.025883	0.011502	0.000117	0.019581	-0.003325	0.010918	0.003275	0.012703	0.005633	-0.009149	0.005597	0.017039	0.006567	0.013596	-0.003945	0.006615	0.000818	0.013435	0.007779	0.013947	0.021244	0.013430
0.009212	-0.002546	0.005544	0.001466	0.001749	0.003591	-0.003528	-0.014107	-0.001644	0.008844	-0.008489	0.006748	0.025075	0.018023	0.021507	0.008976	0.019240	-0.000541	0.001690	-0.020391	0.018618	0.023199	0.001252	0.003482	0.000267	0.008440	0.017788	-0.009487	0.011400	0.005161	0.006121	0.010872	0.005432	0.005401	0.007330	0.017430	0.009567	0.009432	-0.007015	0.001308	0.014905	0.005203	0.012208	0.024284	0.014966	0.006813	0.000550	-0.018954	0.003041	0.002964	0.010107	0.003683	0.001249	-0.011751	-0.003340	0.010056	0.023280	0.005679	0.010151	0.015479	-0.000870	0.009836	0.002349	0.014730
0.008221	0.010358	-0.001964	0.014167	0.026108	-0.002588	0.003216	0.007964	0.013292	0.001666	-0.023177	0.020296	0.013651	-0.009692	-0.000852	0.020903	0.022421	0.016264	0.006726	0.007937	0.005616	0.018894	-0.002016	-0.002003	0.017904	0.004484	0.020595	0.001423	0.006734	-0.001222	0.005101	-0.008202	0.002680	-0.007677	0.016248	0.014722	-0.011864	0.020748	0.030777	0.005746	-0.000222	0.032718	-0.007536	0.006672	0.006328	0.019583	0.009928	0.001575	-0.004871	0.002824	-0.004007	0.005366	-0.001043	-0.008508	0.019060	0.000711	-0.006438	0.004859	0.007316	-0.011313	0.010458	-0.003844	0.027189	0.011540
0.002112	-0.000491	0.004381	0.012555	0.004625	0.004817	0.006537	-0.000965	0.001033	-0.013987	0.014363	0.009362	-0.002008	0.026054	0.005669	-0.005722	0.015758	0.010451	0.011942	0.002388	0.010756	0.004732	0.011508	-0.013510	0.003070	0.021483	-0.001197	0.001495	0.002449	-0.005002	-0.017498	0.003333	0.008378	0.005659	0.007351	0.007624	0.014982	0.004798	-0.000592	0.001964	0.011395	0.018441	-0.001124	0.007061	0.007535	-0.004398	0.005578	-0.008538	-0.013277	0.009320	0.001880	0.006682	0.004177	-0.004052	0.005371	-0.007225	0.019416	-0.007290	0.004390	-0.004672	0.012373	0.002713	0.004288	0.014286
0.006881	0.012671	-0.004002	-0.007243	0.006027	0.004002	0.012542	0.004707	0.006900	-0.008927	0.023773	0.005013	0.012724	-0.000780	0.008271	-0.007822	0.012343	0.003187	0.008766	0.013981	-0.005645	0.000587	0.011083	0.026682	0.006292	0.010473	0.005786	0.027349	-0.009907	0.008443	-0.011313	-0.018635	0.010410	0.007879	0.006490	0.006923	0.036218	0.004778	0.010487	-0.001302	0.009161	0.002460	0.001541	0.024774	0.016512	0.007241	-0.017204	0.002869	0.031757	0.004150	0.017285	0.019735	0.007003	-0.002377	-0.018149	0.012335	-0.001831	0.008443	-0.005493	0.003398	0.007438	0.009119	-0.001241	0.018125
-0.000583	-0.010002	0.003878	0.006223	0.005902	0.020212	0.003190	0.003292	-0.006784	0.014259	0.006068	0.001523	-0.013745	0.021009	-0.007772	-0.001677	0.009987	-0.006211	-0.007663	-0.015129	0.012874	0.001548	0.034737	-0.004929	-0.002806	-0.001933	0.008101	0.002121	0.012451	-0.002913	-0.009636	-0.012818	-0.016096	-0.000012	0.005031	0.000262	0.016936	0.018560	0.001382	-0.013701	-0.000577	-0.002168	-0.002007	-0.001584	-0.002792	0.001318	-0.001346	0.007627	0.007386	-0.003600	0.017776	-0.005663	-0.012300	0.009110	-0.002591	0.007913	-0.018723	0.019440	0.012640	-0.009930	-0.008597	0.022274	0.001604	-0.003056
-0.016255	0.003750	0.003284	0.013579	-0.009308	-0.008492	0.010445	0.015187	-0.010881	0.017468	0.005303	0.017184	0.004724	-0.018109	0.003342	0.015327	-0.001555	0.002657	0.006296	-0.022170	0.022809	-0.001717	0.011331	0.004663	0.019946	0.008595	0.004038	-0.001413	0.014707	-0.011335	0.011069	-0.004760	0.019902	0.008027	0.015233	0.007949	-0.012585	-0.001888	0.012260	0.006743	0.017808	0.008546	-0.004379	-0.001713	0.004957	-0.017387	0.022232	0.010727	0.016758	-0.009568	0.018260	0.027057	-0.008797	0.013224	0.006098	-0.009998	0.010796	0.014664	0.000752	0.017320	-0.009981	-0.008992	0.010830	0.006167
0.000093	0.016182	0.011678	0.015909	0.004513	0.013947	0.002659	0.026382	-0.002333	0.028719	0.006022	-0.006340	0.020089	0.009400	0.014179	0.017829	0.011748	0.001622	0.018781	0.007560	0.013928	-0.013098	0.011654	0.000292	0.024916	0.011327	0.009746	0.013334	-0.002015	0.024414	0.025470	0.011095	0.023802	0.001403	0.001967	0.008553	0.010052	0.003952	0.011777	0.008820	-0.003447	0.010199	0.014323	0.008768	0.016480	-0.005576	0.010924	-0.004763	-0.006235	0.000158	-0.002944	-0.000031	0.002943	0.015008	0.003616	-0.010010	0.017841	-0.001179	0.006723	0.010901	0.009706	0.018017	0.015325	-0.001862
0.028963	0.010165	0.004935	0.016851	0.007901	0.011907	0.031705	0.003506	0.002620	0.009002	0.016120	-0.007731	-0.013098	0.002191	-0.010501	0.001420	0.013487	-0.001402	-0.005023	0.008286	0.015666	-0.008636	0.015341	0.014776	0.018002	0.017372	0.029338	0.005275	0.009016	0.004205	0.005661	0.022515	-0.005089	-0.001375	0.024056	0.018621	0.002335	0.016415	0.009911	0.020955	0.007598	0.015592	0.032584	0.013421	0.005649	0.013785	0.003002	0.030916	0.007027	0.004145	-0.001355	0.016566	0.013557	0.001770	0.012595	-0.008722	0.008745	0.011881	0.024372	-0.001087	-0.005117	-0.001972	-0.002620	0.019976
0.022110	0.010872	0.018096	0.008435	0.004241	0.003918	0.003166	-0.009772	0.007796	0.006978	0.012656	0.007709	0.004319	-0.001000	0.005832	0.012472	-0.003571	0.007797	0.011064	-0.000087	0.000870	0.009923	-0.004476	0.009293	-0.001157	0.015309	0.030044	-0.000448	0.012616	0.000478	0.015330	-0.006195	0.012167	-0.002169	0.007214	-0.002593	0.013544	-0.000982	0.011399	0.001861	0.005047	0.006074	-0.002112	0.008562	0.019969	-0.001602	0.017720	0.021524	-0.003418	-0.008390	0.008995	-0.000251	0.023335	0.006621	-0.001597	-0.005812	0.017103	0.001034	0.007374	0.015621	0.002573	0.006091	0.009808	0.012985
0.012199	0.005228	0.006446	0.003068	-0.009667	0.009928	0.025262	-0.003359	-0.002824	-0.001586	0.012224	0.011116	0.004360	-0.001551	0.006034	-0.010562	0.009039	0.015404	-0.004163	-0.008223	0.022263	0.001616	0.017863	0.004350	0.006024	0.008854	-0.002143	0.009191	0.003474	-0.005477	0.008219	0.003818	0.005835	-0.005670	0.025109	0.016586	0.014889	0.004131	-0.011402	0.024547	0.005215	-0.002856	0.009580	0.018265	0.004378	0.018680	0.016589	-0.004161	-0.002162	0.015446	-0.020842	0.003478	-0.009786	0.001356	0.003424	0.001797	0.000456	-0.004250	0.029589	0.024553	-0.004539	0.022062	0.005965	0.007344
0.005865	0.000924	0.015633	0.008418	0.000598	-0.005643	-0.002531	-0.010826	0.005284	-0.004787	0.002396	0.020521	0.018040	0.007343	0.004373	0.023854	0.012927	0.003261	-0.005840	0.011130	0.015147	0.001545	0.009572	0.002468	0.005791	-0.020317	0.004460	0.017763	0.001180	0.008302	-0.002471	0.010021	0.005126	-0.002975	0.022574	0.017085	-0.000435	0.012303	0.011130	0.011599	-0.010875	0.014487	-0.000216	0.003185	0.031049	0.009304	0.002145	-0.015507	0.018399	-0.007237	-0.003953	0.001861	0.019165	0.014215	0.004835	0.008624	0.000244	0.007924	0.007652	0.015818	0.017066	0.011538	0.006433	0.013592
0.005947	-0.003059	0.002040	0.007893	0.014255	0.005542	-0.005575	0.006193	0.006504	0.009301	0.014446	0.017138	0.000320	0.001565	-0.005199	0.012293	0.022369	0.003849	0.006243	0.021934	0.012004	0.012082	-0.004981	0.012982	-0.001396	-0.006584	0.003336	0.002408	0.005282	-0.006420	0.014692	0.017972	-0.011784	0.016179	0.001491	0.016408	0.004910	0.007656	0.004131	0.017473	-0.006011	0.010942	0.016682	0.014101	0.027836	0.000978	0.015635	0.005717	0.017208	0.006450	0.002631	0.018213	-0.000090	-0.007819	0.001304	0.011972	0.020334	0.008052	0.020080	-0.007234	0.002870	0.003629	0.008944	0.007291
0.013111	0.003020	0.006970	0.006322	-0.004265	0.005889	0.004873	0.003586	0.005134	0.007676	0.000576	0.019266	-0.005750	0.000233	0.032560	-0.005401	-0.005878	0.013789	-0.012466	0.004566	0.028040	-0.007805	-0.013440	-0.009495	0.016375	0.015661	0.001516	0.014740	0.021363	0.025513	0.002253	-0.016758	-0.000923	0.002046	0.006605	0.005724	0.016545	0.019940	0.003883	0.015918	0.009554	0.005434	0.014407	0.007218	0.025009	-0.008318	0.000508	0.005249	0.008952	0.018784	0.005873	-0.009082	0.013038	0.013358	-0.013156	0.005257	-0.009956	-0.000195	-0.002347	0.013795	0.008274	-0.006365	0.018209	-0.008390
