9.000765
10.144864
9.076190
8.802676
8.488046
9.817531
10.084678
8.927221
10.214994
9.255585
9.157517
7.821021
9.954131
10.161520
10.007710
8.626295
6.747019
8.960414
10.387053
8.792665
9.383514
9.897724
10.363511
8.224434
8.186678
9.583724
8.818974
10.220485
9.298370
9.572963
9.181955
10.058480
9.729115
10.186438
9.913850
8.470109
9.073050
8.998357
10.264997
10.262956
8.894525
9.813426
8.176520
9.174163
9.779669
8.928150
7.127823
9.378394
8.849256
8.497636
8.919064
8.781072
9.232725
9.176674
10.218037
9.095027
9.758754
10.282420
10.205270
9.025394
10.160702
8.733925
8.155366
10.035737
10.208972
9.874983
8.146899
10.204218
9.980845
9.864269
7.755037
8.645667
9.815616
10.314617
8.960648
8.715738
10.283739
9.604557
7.280327
8.828401
9.122335
9.663334
9.979079
9.748405
8.866788
9.036769
8.953111
9.786412
9.504050
10.169894
10.212162
9.024238
9.273377
10.030382
9.819324
9.624648
9.870630
10.275435
8.182789
8.558246
