0.241450
-0.179700
0.133850
0.392400
0.061750
-0.114700
-0.106200
0.609700
-0.339750
0.224000
0.457700
-0.143000
0.202550
0.367950
0.400000
-0.125750
0.104150
0.208650
0.062450
0.255800
-0.014450
-0.278600
0.002600
0.106550
0.052400
-0.074900
-0.068550
0.345150
-0.189800
0.323350
0.127500
0.421350
-0.318300
0.154250
0.307450
-0.205900
0.344150
-0.088550
0.328150
-0.066950
0.401000
-0.240050
0.092000
0.297050
-0.383550
0.175400
0.246050
-0.359250
-0.210550
0.329350
-0.100500
0.186250
-0.197250
0.330650
-0.331650
0.519350
0.195300
-0.220400
0.294800
0.055650
-0.060250
0.045800
0.273400
0.078400
