-0.223397
0.697689
0.781715
-0.643690
-0.717622
0.195044
-0.187710
-1.057126
-0.646044
0.136099
-0.700436
-0.004809
-0.391042
-0.484515
-0.258079
-0.406810
-0.531634
-0.303489
0.009130
0.382968
-0.809733
0.127079
0.021522
-1.005981
0.743040
-0.437931
0.216039
-0.582575
-0.224212
-0.592026
-0.319131
-0.422425
-0.596542
-0.138626
-0.665117
0.061737
-0.094025
-0.349367
-0.887588
-0.147789
-0.302450
-0.351687
0.148276
0.411880
-0.525241
-0.341801
0.542020
0.503525
-0.185682
-1.153050
0.824332
-0.486232
0.159764
-0.595801
0.240836
0.659054
0.095061
-0.662961
-0.771753
0.193551
-0.332600
-0.772228
-0.133162
-0.820411
-0.916254
-0.776643
0.206673
0.065241
-0.437069
-0.506704
0.166995
-0.504678
-0.710268
-0.396064
0.715605
-0.072259
-0.486713
0.121571
-0.100495
-0.431876
-0.370099
0.022759
-0.842635
-0.101044
-0.699495
-0.501216
-0.248555
-1.236963
-0.143188
-0.416923
0.675974
-0.775032
-0.217410
-0.629234
-0.682837
-0.526435
-0.005710
0.429962
-0.896591
-0.587113
