36.515585
-2.466981
-2.709364
-0.148993
-2.053538
2.628433
-2.358490
-1.771154
21.294023
-2.590761
-2.851695
-2.513107
-2.487296
36.518352
16.320685
-1.861163
-1.763690
14.649202
-1.144472
-2.843645
36.366783
8.382203
35.902244
-2.673332
-1.661765
-2.705854
7.890036
-0.245579
-2.518427
4.772160
35.440567
-1.545885
36.503636
-2.844311
-2.607611
-2.802357
-0.337809
-2.825835
-2.778320
-2.853759
-2.471980
5.709349
-2.819267
-2.854513
-2.075047
7.700966
-2.556606
20.244770
-2.694144
-2.822087
-2.717027
-2.715280
8.531860
5.743835
-2.752497
-2.794504
-2.821655
-2.815719
15.548227
-2.835049
5.427252
-2.754849
-2.778401
-2.396492
-2.597537
35.898365
-2.720227
36.302393
-2.820421
-2.774321
-2.521259
36.148896
1.473699
36.438748
13.882706
-0.311138
-2.271814
36.474936
-2.799388
5.437793
35.392104
-2.317513
2.188929
35.186828
35.944890
-2.515239
35.465374
-2.715951
-1.519701
-2.841597
-2.086047
-0.321593
36.430263
-2.844229
35.783636
13.209317
-2.835544
36.470197
36.416805
-2.832397
