3.394840
3.314945
3.206556
3.171031
3.132512
3.257225
3.282247
3.187242
3.311341
3.224210
3.207114
3.164717
3.277202
3.361447
3.259455
3.122169
3.366774
3.182092
3.386556
3.162448
3.233971
3.279121
3.329801
3.137427
3.373498
3.328702
3.159185
3.300423
3.237067
3.245862
3.201732
3.260616
3.235445
3.292623
3.292016
3.382979
3.181338
3.191863
3.329673
3.372693
3.144759
3.377803
3.149197
3.234043
3.256859
3.174546
3.346593
3.223735
3.168343
3.231768
3.155539
3.152685
3.225093
3.239004
3.298697
3.227795
3.260215
3.312179
3.324358
3.211223
3.286951
3.361315
3.249194
3.263817
3.344069
3.249848
3.177269
3.320490
3.273895
3.397360
3.261514
3.226593
3.245929
3.301561
3.162005
3.177999
3.336247
3.222855
3.211926
3.236884
3.210944
3.271952
3.315576
3.318591
3.183812
3.180776
3.227642
3.256209
3.232710
3.355154
3.294048
3.391752
3.229423
3.275969
3.304566
3.226927
3.261136
3.318196
3.184402
3.196062
