-0.063258
0.058250
-0.049062
-0.278117
-0.298834
-0.077005
-0.224370
-0.385439
-0.233833
-0.041066
-0.227512
-0.185551
-0.186720
-0.195127
-0.096058
-0.294114
-0.240081
-0.237465
-0.143511
-0.082274
-0.323955
-0.136724
-0.132390
-0.335699
0.009335
-0.174616
-0.026827
-0.184343
-0.190731
-0.165571
-0.300390
-0.193010
-0.204966
-0.193289
-0.267745
-0.012261
-0.254221
-0.156070
-0.246802
-0.063486
-0.231333
-0.154264
0.018272
0.025857
-0.155256
-0.138465
0.142761
0.023776
-0.137427
-0.309889
0.074628
-0.284565
-0.101043
-0.265354
0.071048
0.028958
-0.087564
-0.266500
-0.294235
-0.103427
-0.204007
-0.223834
-0.123927
-0.292052
-0.255842
-0.230489
-0.108234
-0.121820
-0.269750
-0.206268
0.031071
-0.170334
-0.272267
-0.200447
0.044284
-0.091023
-0.174070
-0.126045
-0.144908
-0.311192
-0.173449
-0.161449
-0.260346
-0.098929
-0.327664
-0.094731
-0.131736
-0.478355
-0.058621
-0.191667
0.178310
-0.245910
-0.192094
-0.234346
-0.301036
-0.240352
-0.070145
0.003103
-0.284333
-0.165639
