0.110340
0.093870
0.141930
0.138870
0.133200
0.081450
0.166320
0.142110
0.122310
0.093780
0.157860
0.061830
0.151920
0.211950
0.124200
0.140940
0.096930
0.118980
0.125010
0.150750
0.134100
0.046170
0.110070
0.069750
0.105930
0.125010
0.045270
0.210870
0.024840
0.144990
0.089820
0.153450
0.065430
0.143730
0.209970
0.011970
0.202500
0.076500
0.162720
0.090000
0.128430
0.144630
0.079380
0.156780
0.030150
0.183510
0.126360
0.091530
0.026550
0.162810
0.106110
0.177480
0.084960
0.166050
0.101430
0.166860
0.190350
0.037350
0.166680
0.115920
0.073980
0.125370
0.164160
0.114030
