-0.118000
-10.975000
-750.689000
-6.513000
-1.869000
-0.964000
-1.313000
-0.708000
-0.794000
-1.037000
-10.211000
-1.315000
-0.905000
-0.949000
-1.189000
-1.466000
-0.183000
-1.457000
-1.687000
-1.385000
-1.070000
-1.381000
-0.535000
-0.705000
-1.412000
-1.901000
-1.471000
-0.911000
-0.080000
-1.137000
-1.879000
-1.223000
-1.875000
-1.262000
-1.076000
-0.558000
-1.225000
-1.265000
-1.141000
-1.668000
-1.024000
-1.526000
-1.156000
-0.138000
1.251000
-1.556000
-1.244000
-1.438000
-1.440000
-0.661000
-1.001000
-0.752000
1.336000
-1.827000
-1.241000
-1.486000
0.689000
-0.684000
-3.932000
-0.703000
1.475000
-0.342000
-0.916000
-0.946000
