0.104924
0.554682
0.286851
0.140586
0.109277
0.807514
0.805073
0.545400
1.509140
0.312066
0.104924
0.104924
0.310543
0.952733
0.104924
0.576055
0.571566
-0.378917
0.564812
0.104924
0.749591
0.530331
-0.624749
0.538228
0.289721
0.530382
1.138597
0.185224
0.530274
0.370957
0.228105
0.554682
0.203537
0.104933
0.185247
0.593364
0.298629
0.564715
1.138597
0.138548
0.104924
0.371117
0.280731
0.434419
0.371144
0.269211
0.562039
0.749591
0.354558
0.279718
4.489026
0.313880
0.554682
0.139148
1.138598
-0.404323
0.571566
0.310422
-0.377873
1.138597
1.553960
0.220492
0.104924
-0.404517
0.538094
1.868249
0.354623
0.530381
0.365423
0.716245
0.281528
0.341433
-0.369200
0.139179
0.185412
0.562282
0.104924
0.219252
0.749591
1.076963
0.538163
-0.405293
0.509097
0.230860
0.186441
1.138598
0.562308
-0.463666
0.544784
0.423202
0.529169
1.134966
0.226963
1.225030
0.529852
0.554682
0.613913
0.538505
2.196119
0.546233
