-2.648238
250.837536
-2.644250
-2.675139
-2.646949
-0.406144
-2.640234
-2.657524
-2.646793
25.528778
5.503385
-2.648953
-2.653358
6.727571
-2.642054
-2.645864
-2.667307
-2.994102
-2.645791
-2.654445
-2.645056
-1.545149
-2.646212
-2.700665
-2.648353
22.474029
152.461828
-2.655892
-2.644126
-2.643185
-2.648265
-2.650474
-2.644971
-2.643760
-2.642730
-2.642108
-2.641057
-2.648242
-2.652549
-2.646381
-2.651842
-2.649906
-2.644169
-2.651777
-2.645999
-2.665102
-2.643188
-2.661042
-2.655199
-2.655795
26.901397
-2.643025
-2.646723
-2.667152
-2.643488
171.954286
-2.641996
-1.610294
-2.646441
-2.654984
-2.645751
-2.641023
-2.643929
-2.644039
-2.643015
-2.648653
-2.682473
-2.650082
-2.642872
-2.642327
-2.653204
-2.649033
-2.644430
-2.644156
-2.645748
-2.654485
-2.642382
-2.650616
-2.650939
-2.641927
-2.653103
-2.648212
-2.653347
-2.647992
-2.645511
-1.945737
-2.663405
-2.647027
-2.650466
-2.653944
-2.652829
-2.650204
-2.646918
147.871748
-2.648665
-2.646563
-2.672698
-2.642979
-2.640971
-2.643643
