0.780247
0.798530
0.803810
0.809257
0.807583
0.791729
0.787822
0.807965
0.797752
0.801700
0.802233
0.822184
0.801550
0.787448
0.793821
0.796548
0.773803
0.799598
0.784035
0.807739
0.801779
0.797693
0.785936
0.813354
0.777960
0.787583
0.806809
0.793749
0.793602
0.801047
0.799823
0.789725
0.794133
0.795047
0.803483
0.795590
0.790430
0.803190
0.792973
0.779393
0.794150
0.792511
0.808785
0.807765
0.802317
0.805311
0.775180
0.798831
0.806353
0.817291
0.794020
0.805230
0.802553
0.804104
0.797349
0.805816
0.801547
0.791785
0.803361
0.809328
0.797983
0.779716
0.796308
0.792414
0.797454
0.799167
0.809616
0.802731
0.802922
0.784678
0.785352
0.801151
0.794199
0.787895
0.801327
0.812576
0.795850
0.792832
0.794160
0.809179
0.803972
0.806562
0.790815
0.784851
0.811837
0.802347
0.801578
0.799119
0.798659
0.796954
0.782712
0.786837
0.800632
0.797547
0.794866
0.793008
0.798867
0.791784
0.815691
0.807258
