-0.056438
-0.057880
-0.063004
-0.059184
-0.064674
-0.054994
-0.059993
-0.061370
-0.064504
-0.058963
-0.066470
-0.056449
-0.059077
-0.055750
-0.063908
-0.060926
-0.052636
-0.059302
-0.056043
-0.058872
-0.053353
-0.054217
-0.059354
-0.061532
-0.056409
-0.065487
-0.058497
-0.054164
-0.055415
-0.055931
-0.065175
-0.060507
-0.057859
-0.059941
-0.051390
-0.054586
-0.061963
-0.054500
-0.060960
-0.064685
-0.059984
-0.064626
-0.061819
-0.053876
-0.064641
-0.062755
-0.059519
-0.059688
-0.063251
-0.061375
-0.060881
-0.065022
-0.066516
-0.060596
-0.060532
-0.059826
-0.061544
-0.058903
-0.058519
-0.058427
-0.055900
-0.056073
-0.049889
-0.061673
