0.014028
0.012139
0.012236
0.011908
0.012144
0.012172
0.012188
0.013239
0.014078
0.011737
0.012973
0.012850
0.011690
0.010399
0.011924
0.011575
0.012122
0.011353
0.012602
0.011969
0.012451
0.013049
0.010577
0.011568
0.013864
0.011018
0.011350
0.012586
0.013340
0.012476
0.012141
0.012672
0.013034
0.012377
0.012668
0.012619
0.011625
0.013190
0.012016
0.012019
0.012368
0.012776
0.009925
0.013811
0.013173
0.012301
0.013163
0.013880
0.012228
0.014253
0.011123
0.011883
0.012691
0.011610
0.012948
0.011828
0.012718
0.010909
0.012995
0.015087
0.013394
0.012215
0.013195
0.012842
0.012236
0.014758
0.012668
0.013903
0.012778
0.012571
0.013048
0.011636
0.013499
0.011760
0.013819
0.012822
0.012274
0.012215
0.011778
0.012381
0.013002
0.011908
0.012164
0.014558
0.014024
0.012477
0.012048
0.012928
0.012724
0.013950
0.012536
0.015571
0.013557
0.011325
0.010817
0.012329
0.013078
0.012632
0.012002
0.013125
