7.512411
10.803786
9.709660
9.413803
7.959589
10.487392
10.692525
9.575018
10.878718
9.883479
9.768413
6.590790
10.629794
10.809866
10.664592
6.445729
4.611766
9.472108
11.082839
9.387626
10.050223
10.569592
11.041564
8.148763
8.222540
8.244494
9.453402
10.898274
7.793398
10.235185
9.836719
10.700527
10.362835
10.863039
10.539615
5.960574
8.656834
9.638172
10.936287
10.957630
8.870341
8.451239
7.269341
9.807329
10.442676
9.564556
5.807245
10.029565
9.443126
6.992602
9.491703
9.310434
9.854535
9.774767
10.888093
9.730889
10.401765
10.961720
10.870998
9.622377
10.828074
6.728476
5.734279
10.684326
10.877545
10.525528
4.831752
10.869182
10.628382
9.981473
5.899505
5.965134
10.401601
10.991895
9.546844
8.624842
10.957813
10.241306
5.195184
7.242890
9.764273
10.341521
10.648608
7.787418
9.496992
9.693388
8.027329
10.447377
10.169849
10.831844
10.769359
8.622033
9.710545
10.704386
10.467524
10.301733
10.544623
10.940488
7.588033
7.294038
