8.205385
10.417174
9.385414
9.123714
8.012394
9.983556
10.266257
9.224286
10.472702
9.545464
9.420782
7.111542
10.284944
10.185573
10.359777
7.545342
5.780848
9.224356
10.558333
9.112909
9.689573
10.114795
10.622142
8.124727
8.205385
8.978183
9.141839
10.472598
9.501380
9.920697
9.452601
10.280230
9.979536
10.420728
10.188693
6.829204
8.744947
9.295194
10.522341
10.393170
8.832154
8.895040
7.705584
9.458140
10.092454
9.249875
6.032428
9.595368
9.166053
7.446844
9.264931
9.084779
9.569655
9.473992
10.485649
9.409678
10.115887
10.553410
10.483364
9.298824
10.438988
7.919336
7.312094
10.269833
10.453681
9.990856
6.868064
10.469966
10.328711
9.892472
6.448789
7.865917
10.084595
10.574612
9.221450
8.993650
10.541304
9.898995
6.336870
8.974132
9.426958
10.011212
10.140050
8.189209
9.182191
9.343694
8.979067
10.029468
9.791474
10.420070
10.411354
8.848855
9.481972
10.316242
10.037032
9.815940
10.088542
10.507286
7.935357
8.039283
