3.504336
11.597369
10.499438
8.874482
9.059703
11.206675
10.538326
10.372216
11.679394
10.625618
10.459929
4.328853
11.465814
11.030457
11.516032
4.361622
1.669194
8.964249
11.823691
10.188534
10.874228
11.344651
11.838252
7.326690
10.675307
7.054192
10.238443
11.696267
6.615782
11.050616
10.596704
11.462903
11.166496
11.659019
11.308823
5.359587
6.121130
10.420611
11.731041
11.675787
6.973810
6.247747
4.338514
10.617821
11.269149
10.360987
4.594228
10.781699
8.731002
5.305529
10.244446
7.000365
10.377452
9.993873
11.702145
10.523873
11.236621
11.772885
11.690317
9.045752
11.649850
5.278333
4.722852
11.431686
11.665818
11.275802
1.772564
11.681253
11.499087
8.665352
5.596382
2.643707
10.166964
11.790374
10.323476
6.775924
11.768102
11.048620
3.556764
4.414537
10.549026
11.165682
11.342046
4.239629
10.315972
10.490609
5.660578
11.215681
10.952228
11.610859
10.696036
6.158658
10.530263
11.517015
11.234359
11.037388
11.306263
11.731656
8.044717
6.726117
