8.328544
9.599559
8.501269
8.230102
8.106015
9.295818
9.587996
8.316818
9.587678
8.711747
8.596214
7.957842
9.393613
9.595334
9.457400
8.265882
7.379653
8.421774
9.855063
8.210343
8.804859
9.340897
9.817742
8.030250
7.540269
9.166867
8.236625
9.651331
8.804760
9.004799
8.634582
9.509029
9.091024
9.616442
9.236851
9.076909
8.591550
8.394047
9.694961
9.748425
8.455329
9.510987
8.068833
8.585815
9.175286
8.334130
7.414529
8.780833
8.248555
8.180380
8.297384
8.233730
8.706589
8.705807
9.616061
8.556849
9.141163
9.712923
9.596049
8.425827
9.558238
8.337704
8.428171
9.501002
9.620962
9.197540
8.212228
9.600299
9.317197
9.312434
8.113300
8.619140
9.289327
9.762163
8.355364
8.177861
9.696525
9.040528
8.214182
8.404316
8.550779
9.112894
9.427622
9.365395
8.246491
8.446824
8.557206
9.188302
8.945038
9.626002
9.716791
8.731422
8.625874
9.458860
9.314194
9.109000
9.291189
9.706856
8.012370
8.188965
