0.020926
0.031776
-0.040038
-0.141968
-0.140031
-0.000936
-0.029176
-0.176261
-0.057428
-0.011247
-0.086361
-0.107138
-0.042046
-0.067565
-0.020779
-0.140754
-0.044117
-0.075580
-0.011457
-0.041976
-0.064939
-0.070570
-0.032990
-0.172854
0.046385
-0.031471
-0.011412
-0.049258
-0.039005
-0.067208
-0.080270
-0.041349
-0.031089
-0.079924
-0.130260
0.022025
-0.013502
-0.053283
-0.059242
0.004381
-0.102474
-0.048336
0.005242
0.007845
-0.098074
-0.091990
0.169989
0.029598
-0.092848
-0.109203
0.082876
-0.133737
-0.034252
-0.118181
0.051906
-0.006479
-0.037255
-0.065163
-0.132019
-0.039697
-0.045144
-0.035115
0.022006
-0.083237
-0.071776
-0.080039
-0.073975
-0.043972
-0.119589
-0.021583
0.110160
-0.075019
-0.121357
-0.056927
0.026048
-0.061721
-0.058596
0.006297
0.033415
-0.135744
-0.054735
-0.062628
-0.051581
0.032435
-0.132142
-0.011890
-0.041638
-0.201925
-0.002189
-0.038869
0.095116
-0.063508
-0.035436
-0.081509
-0.143749
-0.072246
-0.024656
0.052927
-0.111911
-0.043132
