0.014680
0.041320
0.028720
0.048520
0.035120
0.029520
0.051280
0.037480
0.041640
0.024160
0.045320
0.010400
0.046240
0.064200
0.039160
0.039160
0.037560
0.022640
0.045560
0.043280
0.063080
-0.000840
0.029840
0.017440
0.019080
0.051400
-0.005960
0.077880
-0.033240
0.069120
0.006520
0.049880
0.042760
0.007640
0.088280
-0.031120
0.101920
-0.021000
0.072440
0.003160
0.003840
0.077800
-0.013880
0.080280
-0.042880
0.102960
-0.007080
0.040880
0.037600
0.014760
0.059640
0.021200
0.059480
0.011760
0.067720
0.019680
0.033720
0.023600
0.018800
0.058240
0.000200
0.060840
0.020120
0.055320
