8.337765
9.594669
8.500213
8.225033
8.099586
9.264100
9.552530
8.321308
9.597622
8.698105
8.595547
7.967998
9.381459
9.587094
9.436808
8.248912
7.385373
8.408445
9.841574
8.208333
8.797458
9.311666
9.803409
8.030134
7.540980
9.159926
8.232191
9.641091
8.808494
8.991912
8.617988
9.501444
9.096848
9.605263
9.249156
9.025772
8.555626
8.392886
9.688260
9.727847
8.435418
9.504903
8.055831
8.601876
9.179204
8.332465
7.380926
8.775143
8.254520
8.198307
8.316585
8.228240
8.686444
8.666938
9.620530
8.542090
9.144878
9.699452
9.601853
8.444134
9.561936
8.258677
8.416972
9.484534
9.616585
9.230528
8.220916
9.605595
9.344202
9.372264
8.091307
8.593823
9.276923
9.745039
8.362419
8.183888
9.693573
9.020176
8.174581
8.407527
8.544635
9.100785
9.389122
9.348728
8.258069
8.442425
8.537150
9.176518
8.932772
9.614990
9.709934
8.617210
8.665346
9.449499
9.286363
9.071959
9.284778
9.698547
8.014813
8.191518
