1.050000
-0.210000
0.700000
-0.910000
1.190000
-0.560000
1.470000
-0.840000
-0.840000
0.350000
-0.700000
-0.560000
0.560000
0.980000
-0.350000
1.260000
0.210000
0.140000
0.420000
0.700000
1.330000
-1.120000
0.350000
-1.400000
0.840000
0.140000
0.210000
0.210000
-1.400000
2.030000
-0.350000
1.400000
-1.470000
0.910000
-0.630000
-0.000000
0.420000
-1.050000
0.560000
-1.610000
0.630000
0.000000
0.140000
1.050000
-0.490000
0.630000
-1.190000
0.840000
-1.400000
1.750000
-0.280000
0.210000
0.630000
-0.280000
1.050000
0.210000
0.980000
-1.610000
0.560000
-0.630000
0.630000
0.350000
0.350000
-0.350000
