-1.196354
-1.035958
-1.209568
-1.045756
-1.030116
-1.051615
-1.252634
-1.081822
-1.041576
-1.062404
-1.070470
-1.128606
-1.124154
-1.053587
-2.133311
-1.080104
-1.084732
-1.088253
-1.083879
-1.168106
-1.220771
-1.142319
-3.462390
-1.122437
-1.049540
-1.009463
-1.092429
-1.128912
-1.121760
-1.231769
-1.091418
-1.090859
-1.364319
-1.063799
-1.131782
-1.123009
-4.675522
-6.028642
-1.092015
-1.097941
-1.146180
-1.082740
-5.094855
-1.067938
-1.166402
-0.999131
-1.151557
-1.105376
-1.034017
-1.026655
-1.065679
-1.261907
-1.135624
-1.179308
-1.027171
-1.081524
-1.120817
-1.022701
-1.149625
-1.079523
-1.138375
-3.884132
-1.197798
-1.153837
-1.179127
-1.073177
-1.075284
-2.847416
-1.139248
-1.142310
-1.012463
-1.175743
-1.121400
-1.152253
-1.071071
-1.014713
-1.166801
-1.155969
-4.006423
-1.372795
-1.049689
-2.068179
-1.079559
-1.115540
-1.910415
-1.066437
-1.164301
-1.084260
-1.128321
-1.068845
-1.157900
-1.040328
-1.056620
-1.145933
-1.121475
-1.090945
-1.111106
-2.682068
-5.168371
-1.226665
