2.562736
8.575427
10.832082
10.765240
8.501994
10.968108
3.681315
10.568638
11.761028
10.755181
8.198372
6.815506
11.752002
6.011619
6.001751
1.424599
0.490723
8.189591
1.698864
10.590554
8.927853
7.416217
10.302102
4.525722
5.266842
4.194992
10.046991
11.431994
10.714292
12.081329
10.594109
11.497725
11.677523
9.016192
10.083018
2.797510
1.128153
7.682131
6.877571
4.713268
9.677947
3.773589
4.587691
10.797596
10.904948
10.584128
2.016161
10.879445
10.654710
8.403604
9.851346
10.587520
11.750387
10.540157
11.848810
10.370996
12.035101
10.831696
11.129873
10.717854
11.284433
4.843767
5.379006
4.306887
9.544458
10.716340
6.978116
7.495807
11.623141
3.402585
11.006841
3.600220
8.482142
11.068338
10.137229
10.557879
10.051865
10.429007
10.375376
4.642580
10.696952
1.097215
7.589625
11.001530
10.749368
10.782687
9.743306
11.739881
12.118712
11.407583
9.226381
6.807322
12.310050
11.889281
9.060996
6.290630
7.635881
8.411081
6.111625
7.074381
