0.049600
0.059500
0.040200
0.039400
0.043900
0.059700
0.030500
0.037800
0.019800
0.033600
0.037600
0.057500
0.033500
0.034200
0.037200
0.067100
0.051200
0.041500
0.050200
0.034300
0.066100
0.066300
0.049800
0.018000
0.051600
0.038100
0.026500
0.033100
0.032000
0.029000
0.016800
0.004800
0.049500
0.034700
0.049500
0.015200
0.034100
0.050700
0.015400
0.017700
0.042000
0.044300
0.056000
0.047300
0.033400
0.041300
0.040200
0.037300
0.061900
0.062700
0.049700
0.030000
0.050300
0.043700
0.052300
0.049500
0.033100
0.029300
0.049500
0.053400
0.064400
0.040600
0.078500
0.047000
