-0.422091
0.940763
0.961682
-1.020785
-1.117627
0.078396
-0.426263
-1.431493
-0.779011
0.134723
-0.828882
0.220292
-0.692256
-0.630533
-0.173985
-0.927238
-0.364218
-0.117175
0.041281
-0.233338
-1.033621
0.062450
-0.188943
-0.983895
0.454163
-0.682403
0.179722
-0.875220
-1.097616
-0.271156
-0.365893
-0.603852
-1.160997
-0.238164
-0.758968
0.016850
-0.735652
-0.540012
-1.319422
-0.193288
-0.367121
-0.270083
0.265229
0.216408
-0.499425
-0.263146
0.516827
0.456018
-0.516231
-1.246918
0.852441
-0.472597
0.528762
-0.853870
0.585495
0.741005
0.225921
-0.872895
-0.778418
0.286645
-0.320317
-0.885279
-0.306802
-1.102889
-1.122694
-1.129514
0.013232
0.018719
-0.241740
-0.571063
0.006225
-0.400564
-0.735301
-0.944661
0.780958
0.065533
-0.611300
-0.091631
-0.174639
-0.123064
-0.100934
0.056200
-0.986114
-0.123029
-0.804975
-0.758677
-0.544841
-1.463975
0.007308
-0.586951
0.876207
-1.092262
-0.288526
-0.895355
-1.032743
-0.856339
0.229732
0.434133
-1.136458
-0.544892
