0.310800
0.118790
0.473410
0.316190
-0.126140
-0.083440
-0.176960
0.861350
-0.304220
0.032270
0.741650
-0.204540
0.237720
0.458780
0.731290
-0.137620
0.048440
0.394310
0.167510
0.494900
0.410900
-0.245350
0.108430
0.480480
0.145390
-0.007630
-0.034440
0.651490
-0.455770
0.568680
-0.083090
0.266490
-0.432670
0.181300
0.193550
-0.016730
0.257950
-0.050610
0.630630
-0.136710
0.831460
-0.269920
0.267890
0.012390
-0.333970
0.327740
0.117950
-0.032760
-0.464100
0.527240
0.009310
0.397110
-0.255780
0.521290
-0.524090
0.720650
0.225050
-0.092330
0.463470
-0.008610
-0.241570
0.200480
0.633780
-0.108780
