-1.669421
245.358040
-1.667200
-1.666396
-1.664297
7.257863
-1.665274
-1.666520
-1.676804
37.132377
15.780646
-1.665107
-1.659443
16.929114
-1.665960
-1.660267
-1.661528
-1.665466
-1.665685
-1.659085
-1.665321
2.529395
-1.654903
-1.779644
-1.671447
32.662254
147.148941
-1.661132
-1.668875
-1.665233
-1.663096
-1.661837
-1.681969
-1.665835
-1.667162
-1.666854
-1.661679
-1.663748
-1.660227
-1.662056
-1.659332
-1.664361
-1.653579
-1.669212
-1.669937
-1.662446
-1.673132
-1.666220
-1.659855
-1.668397
38.395916
-1.667848
-1.666644
-1.661306
-1.668725
166.677681
-1.668583
2.378136
-1.667151
-1.671530
-1.673216
-1.671357
-1.669867
-1.671091
-1.665910
-1.680969
-1.669578
-1.667704
-1.671884
-1.666849
-1.665313
-1.659444
-1.676218
-1.660569
-1.675728
-1.665287
-1.664069
-1.661102
-1.660712
-1.674698
-1.664883
-1.660488
-1.658587
-1.673852
-1.681451
0.402716
-1.663193
-1.668741
-1.663339
-1.666630
-1.660594
-1.681846
-1.671479
142.494485
-1.656530
-1.665117
-1.665411
-1.672286
-1.668417
-1.676044
