-1.282209
-1.197897
-2.561718
-1.271378
-1.381995
-1.146044
-1.250962
-1.332665
-1.400459
-1.292363
-1.289312
-1.343811
-1.801920
-1.264615
-1.310388
-1.392127
-1.351871
-1.350613
-1.222160
-1.233520
-2.471586
-1.217683
-1.270247
-1.223131
-1.144592
-1.230584
-1.258185
-1.358930
-1.348019
-1.488091
-1.287849
-1.229265
-3.231137
-1.321031
-2.372279
-1.475014
-1.472453
-1.162159
-1.192300
-1.387720
-1.293360
-1.323365
-3.206844
-1.307153
-1.357629
-1.276061
-2.190668
-1.158284
-1.267147
-1.235899
-1.272923
-1.169751
-2.984302
-1.189536
-4.260904
-1.239392
-1.316574
-1.272667
-1.273236
-1.256627
-1.948211
-1.457231
-1.819432
-1.395324
-1.280200
-1.258740
-1.295405
-1.186821
-1.311456
-1.243415
-1.334721
-1.195015
-1.308817
-1.254800
-1.376073
-1.323495
-1.254313
-1.293153
-1.349663
-1.859390
-1.279379
-1.337082
-1.376253
-1.271330
-1.467075
-1.195286
-1.338590
-1.223297
-1.259773
-1.285930
-1.251259
-1.348835
-1.331421
-1.195433
-1.247755
-1.356946
-1.226573
-1.275091
-2.238544
-1.474174
