2.790000
-2.070000
1.890000
-2.700000
2.610000
-1.890000
1.980000
-1.800000
-3.060000
1.980000
-2.070000
0.990000
-0.540000
2.880000
-0.990000
2.700000
2.520000
-2.340000
2.970000
-1.170000
2.880000
-3.780000
0.990000
-3.240000
-0.810000
1.890000
-2.340000
3.780000
-3.420000
2.790000
-2.340000
2.340000
-1.080000
-0.360000
1.800000
-2.610000
3.150000
-2.340000
2.880000
-2.340000
-0.000000
1.080000
-1.710000
1.890000
-1.440000
2.070000
-2.340000
1.620000
-1.800000
1.800000
0.450000
-0.990000
1.800000
-1.260000
0.090000
0.810000
1.350000
-1.440000
1.980000
-1.980000
2.070000
-0.720000
0.810000
-1.620000
