13.333333
13.333333
13.333333
13.333333
13.333333
13.333333
13.333333
13.333333
13.333333
13.333333
13.333333
13.333333
13.333333
13.333333
13.333333
13.333333
13.333333
13.333333
13.333333
13.333333
13.333333
13.333333
13.333333
13.333333
13.333333
13.333333
13.333333
13.333333
13.333333
13.333333
13.333333
13.333333
13.333333
13.333333
13.333333
13.333333
13.333333
13.333333
13.333333
13.333333
13.333333
13.333333
13.333333
13.333333
13.333333
13.333333
13.333333
13.333333
13.333333
13.333333
13.333333
13.333333
13.333333
13.333333
13.333333
13.333333
13.333333
13.333333
13.333333
13.333333
13.333333
13.333333
13.333333
13.333333
