0.019721
0.018829
0.018952
0.018789
0.018891
0.018790
0.018617
0.019739
0.020083
0.018573
0.019436
0.019748
0.018602
0.017394
0.018475
0.018290
0.018293
0.018262
0.018844
0.018728
0.019028
0.019375
0.017477
0.018620
0.019583
0.017879
0.018402
0.018980
0.019470
0.019072
0.018771
0.019000
0.019291
0.019019
0.019322
0.019223
0.018192
0.019502
0.018680
0.018369
0.018761
0.019119
0.017417
0.020113
0.019490
0.019033
0.019042
0.019966
0.019023
0.020804
0.018028
0.018702
0.019321
0.018698
0.019365
0.018680
0.019250
0.017890
0.019760
0.020972
0.019620
0.018393
0.019430
0.019062
0.018899
0.020587
0.019478
0.020153
0.019434
0.018914
0.019185
0.018532
0.019497
0.018359
0.019994
0.019627
0.018909
0.018733
0.018399
0.019176
0.019413
0.018824
0.018647
0.020062
0.020331
0.019078
0.018788
0.019313
0.019092
0.020032
0.018742
0.020798
0.019794
0.018268
0.017909
0.018839
0.019341
0.018962
0.019130
0.019557
