2.340703
2.330607
2.307949
2.302554
2.285060
2.302808
2.301091
2.304925
2.326696
2.310982
2.304405
2.315671
2.326066
2.324227
2.306195
2.268229
2.365357
2.293638
2.322664
2.297482
2.312384
2.319432
2.311530
2.295566
2.360225
2.316072
2.295476
2.317931
2.300198
2.315027
2.299374
2.299858
2.299559
2.317317
2.331555
2.351562
2.277989
2.300347
2.324621
2.312819
2.272005
2.338946
2.294968
2.321635
2.319547
2.298538
2.355115
2.304332
2.297765
2.334241
2.277248
2.290600
2.310291
2.319257
2.323121
2.317376
2.320082
2.318454
2.340357
2.315989
2.321206
2.322804
2.307239
2.303719
2.336604
2.310376
2.305452
2.338315
2.326317
2.337511
2.295495
2.310256
2.302672
2.306712
2.286929
2.309291
2.330717
2.293670
2.293472
2.324980
2.308037
2.332773
2.316704
2.304640
2.308725
2.296415
2.311700
2.313872
2.306470
2.338645
2.297232
2.345932
2.307987
2.318272
2.322583
2.295391
2.316160
2.318422
2.315451
2.308029
