0.939600
0.383400
0.785400
0.970800
0.490200
1.101000
0.727200
0.774000
1.016400
0.487800
1.114200
0.100800
0.706200
0.880200
0.971400
1.845600
0.322200
0.675000
0.882000
0.217800
1.143000
0.849000
1.002000
0.100200
0.169800
0.420000
0.386400
1.763400
0.362400
0.403800
1.071600
-0.392400
0.538800
1.812000
-0.420600
1.168800
0.310800
1.405800
-0.187800
1.125600
0.720600
0.198600
1.539600
0.196200
1.138200
0.823200
0.618000
0.360600
0.150000
1.033800
0.564600
1.090200
-0.259200
1.240800
0.391200
0.847800
0.669600
0.502200
1.033800
0.023400
0.999600
0.315000
1.487400
1.055400
