-1.782095
-1.165321
-1.712605
-1.600273
-1.700225
-1.241210
-1.756050
-1.481830
-0.957239
-1.349086
-1.563047
0.179929
-1.572408
-0.754003
-1.506590
-0.984408
-0.210278
-1.399868
-1.191337
-1.526982
-1.762748
-1.493493
-1.560007
-1.574666
-1.011579
-1.408139
-1.035839
-1.171008
-0.890198
-1.188649
-1.998204
-1.368932
-2.112841
-1.607544
-1.291684
-1.775480
-1.911574
-1.492699
-1.111785
-1.270603
-0.722010
-1.243263
-1.531332
-1.621480
-1.347638
-1.970677
-1.206393
-1.345519
-1.742335
-1.787247
-1.032899
-1.014660
-0.878234
-1.410736
-1.722034
-1.635229
-1.606057
-1.283328
-1.322169
-1.658866
-1.592372
-1.644257
-1.761935
-1.140177
-1.210017
-1.758489
-0.476514
-0.661995
-1.107001
-1.718670
-0.981418
-1.080118
-0.933795
-1.366172
-1.403413
-0.692333
-1.326973
-1.551139
-0.973776
-1.171944
-1.405349
-1.603817
-1.445260
-0.535090
-1.965284
-1.569167
-0.356397
-1.499421
-0.566645
-0.772286
-0.729769
-1.621506
-1.206495
-1.881931
-1.485344
-1.842607
-0.624052
-1.097933
-1.049344
-1.598648
