3.190555
11.730542
10.666984
7.200004
8.204427
11.347312
9.121748
10.524793
11.833093
10.828436
10.227200
4.777797
11.625054
10.656164
11.684706
3.804349
2.922934
7.745022
11.953579
10.360815
11.041247
11.488794
11.977228
6.612866
9.669210
6.881911
10.384829
11.839406
6.416202
11.229573
10.745522
11.602258
11.317299
11.799335
11.501530
2.957839
3.237403
10.574529
11.873796
11.811708
7.246043
7.182398
5.750174
10.769324
11.429332
10.526616
4.183937
10.934895
10.068278
5.444969
10.300314
6.776920
10.701749
9.897223
11.850499
10.668730
11.408559
11.924760
11.844551
8.974429
11.795230
5.660025
4.699750
11.566657
11.824516
11.405352
1.666184
11.831186
11.663646
9.286540
6.571815
1.733604
10.779615
11.937751
10.401501
6.826828
11.924382
11.225606
3.044887
5.807149
10.711112
11.327792
11.487605
2.740375
10.471512
10.644785
5.693462
11.373250
11.125597
11.772471
9.826471
5.074562
10.667057
11.674466
11.337165
11.189725
11.453554
11.878779
6.393707
4.865947
