4.479317
11.323015
10.223224
9.574072
9.157069
10.971323
11.126512
10.102490
11.409856
10.362320
10.268661
5.261548
11.159788
11.237853
11.212852
4.754662
1.967397
9.336957
11.557715
9.903521
10.585617
11.077139
11.563361
7.628499
9.699937
8.043777
9.963872
11.421844
6.828528
10.763006
10.337091
11.218466
10.902622
11.384857
11.069193
4.849706
6.582271
10.157748
11.458810
11.405131
7.271055
7.129148
5.056281
10.340273
10.979753
10.086486
4.531176
10.534287
9.810094
5.772353
9.976707
8.207079
10.233939
9.103091
11.423135
10.244097
10.945016
11.490880
11.408907
9.590343
11.367476
5.793577
5.123662
11.186351
11.397636
11.048387
2.465202
11.401865
11.197922
9.197928
5.676907
3.732400
10.823327
11.514191
10.067415
7.689683
11.489316
10.778020
3.985238
4.890546
10.273943
10.860160
11.113303
5.539421
10.034486
10.213756
6.116770
10.958022
10.682432
11.336142
11.265158
6.818726
10.177581
11.231559
10.959893
10.787288
11.052612
11.460521
8.148183
6.723926
