-4.338360
-3.481343
-4.229334
-3.915317
-2.569416
-2.596931
-3.287324
-3.289671
-2.436531
-2.815540
-2.964762
-3.834980
-2.882369
-3.508500
-2.697905
-3.005271
-3.432651
-2.883269
-3.096542
-3.203448
-1.564638
-1.424623
-3.142733
-3.210117
-3.647358
-3.743327
-3.233301
-1.577528
-3.130865
-3.118708
-2.953822
-3.786561
-3.041096
-1.419976
-4.567420
-3.939512
-2.587420
-2.909873
-3.244416
-2.137709
-1.475435
-2.945814
-3.017254
-3.301938
-4.073863
-3.590524
-3.283861
-1.362484
-3.315463
-3.890509
-3.120900
-3.538699
-3.217947
-2.943794
-3.524112
-2.750256
-3.438489
-3.471781
-4.024883
-1.345839
-3.436066
-3.634785
-3.160429
-3.355220
-2.811111
-1.394610
-4.241403
-1.626963
-3.658729
-3.587225
-3.487857
-3.106559
-3.594012
-3.390307
-3.993409
-2.883595
-3.948183
-3.641187
-2.762652
-3.585218
-1.529906
-3.698493
-3.355001
-3.326254
-1.401011
-1.386424
-4.648691
-1.598545
-1.402230
-3.944579
-3.074066
-3.228750
-3.706593
-3.430236
-3.347276
-1.381473
-2.883056
-3.572987
-3.312304
-2.394804
