0.200000
-0.640000
0.600000
-0.020000
0.160000
0.432000
-0.264000
-0.056000
0.404000
0.036000
-0.004000
-0.560000
0.360000
0.076000
0.260000
0.980000
0.268000
0.256000
0.112000
0.424000
0.072000
0.136000
0.216000
-0.532000
0.076000
-0.440000
0.212000
0.112000
0.240000
0.132000
0.220000
-0.196000
-0.072000
0.880000
-0.632000
0.476000
0.120000
-0.092000
-0.340000
0.368000
-0.012000
0.072000
0.152000
-0.360000
0.468000
0.236000
-0.060000
-0.272000
-0.336000
0.348000
-0.212000
0.940000
-1.044000
0.320000
0.260000
0.052000
0.388000
-0.596000
0.536000
-0.456000
0.820000
-0.456000
0.244000
0.488000
