8.925776
10.039402
8.966058
8.697608
8.465212
9.711704
9.984070
8.816336
10.089384
9.151290
9.058126
8.028070
9.838141
10.053671
9.886235
8.644704
6.978461
8.880154
10.290268
8.687032
9.271126
9.783667
10.253077
8.265057
8.083181
9.535097
8.711886
10.103572
9.254093
9.459811
9.079140
9.932095
9.594260
10.067488
9.773074
8.743492
9.010416
8.886338
10.151330
10.173902
8.837153
9.804423
8.292601
9.059811
9.656922
8.820158
7.301529
9.259136
8.742131
8.468246
8.809114
8.702100
9.134729
9.083178
10.093154
9.001336
9.633664
10.163789
10.079050
8.911904
10.034122
8.722452
8.392643
9.919186
10.092266
9.738801
8.514947
10.078912
9.841553
9.783520
7.966093
8.941461
9.717435
10.198147
8.854953
8.612921
10.163150
9.481669
7.624348
8.803146
9.012501
9.560471
9.883716
9.768953
8.750118
8.925640
8.905467
9.664784
9.397474
10.063295
10.109715
9.004410
9.171206
9.912003
9.715763
9.519485
9.754779
10.162399
8.212157
8.590825
