0.256220
0.260823
0.262399
0.264122
0.263644
0.258621
0.257291
0.264482
0.261460
0.261488
0.262280
0.269396
0.261469
0.256275
0.258878
0.259602
0.253518
0.260463
0.256610
0.263513
0.261879
0.260923
0.255871
0.265379
0.255604
0.256722
0.263132
0.259442
0.259656
0.261628
0.261048
0.258104
0.259589
0.259833
0.262774
0.260291
0.257568
0.262646
0.258983
0.254600
0.259205
0.259189
0.262903
0.264624
0.262411
0.262938
0.254297
0.261730
0.263414
0.268370
0.258660
0.262661
0.262332
0.262455
0.260788
0.262922
0.261964
0.257865
0.263141
0.265770
0.261169
0.254778
0.260462
0.259053
0.260548
0.262362
0.264880
0.263199
0.262501
0.256788
0.256989
0.261304
0.259712
0.257058
0.262328
0.265812
0.259997
0.258850
0.258902
0.264357
0.262822
0.263354
0.258232
0.257657
0.266187
0.262035
0.261673
0.261334
0.260904
0.261264
0.255775
0.258964
0.261999
0.260027
0.258913
0.258953
0.261141
0.258685
0.266510
0.263898
