 0.01	            nan
 0.02	            nan
 0.03	  -1.600000e+01
 0.04	  -1.600000e+01
 0.05	  -1.600000e+01
 0.06	  -1.600000e+01
 0.07	  -1.600000e+01
 0.08	  -1.600000e+01
 0.09	  -1.600000e+01
 0.10	  -1.600000e+01
 0.11	  -1.600000e+01
 0.12	  -1.600000e+01
 0.13	  -1.600000e+01
 0.14	  -1.600000e+01
 0.15	  -1.600000e+01
 0.16	  -1.600000e+01
 0.17	  -1.600000e+01
 0.18	  -1.600000e+01
 0.19	  -1.600000e+01
 0.20	  -1.600000e+01
 0.21	  -1.600000e+01
 0.22	  -1.600000e+01
 0.23	  -1.600000e+01
 0.24	  -1.600000e+01
 0.25	  -1.600000e+01
 0.26	  -1.600000e+01
 0.27	  -1.600000e+01
 0.28	  -1.600000e+01
 0.29	  -1.600000e+01
 0.30	  -1.600000e+01
 0.31	  -1.600000e+01
 0.32	  -1.600000e+01
 0.33	  -1.600000e+01
 0.34	  -1.600000e+01
 0.35	  -1.600000e+01
 0.36	  -1.600000e+01
 0.37	  -1.600000e+01
 0.38	  -1.600000e+01
 0.39	  -1.600000e+01
 0.40	  -1.600000e+01
 0.41	  -1.600000e+01
 0.42	  -1.600000e+01
 0.43	  -1.600000e+01
 0.44	  -1.600000e+01
 0.45	  -1.600000e+01
 0.46	  -1.600000e+01
 0.47	  -1.600000e+01
 0.48	  -1.600000e+01
 0.49	  -1.600000e+01
 0.50	  -1.600000e+01
 0.51	  -1.600000e+01
 0.52	  -1.600000e+01
 0.53	  -1.600000e+01
 0.54	  -1.600000e+01
 0.55	  -1.600000e+01
 0.56	  -1.600000e+01
 0.57	  -1.600000e+01
 0.58	  -1.600000e+01
 0.59	  -1.600000e+01
 0.60	  -1.600000e+01
 0.61	  -1.600000e+01
 0.62	  -1.600000e+01
 0.63	  -1.600000e+01
 0.64	  -1.600000e+01
 0.65	  -1.600000e+01
 0.66	  -1.600000e+01
 0.67	  -1.600000e+01
 0.68	  -1.600000e+01
 0.69	  -1.600000e+01
 0.70	  -1.600000e+01
 0.71	  -1.600000e+01
 0.72	  -1.600000e+01
 0.73	  -1.600000e+01
 0.74	  -1.600000e+01
 0.75	  -1.600000e+01
 0.76	  -1.600000e+01
 0.77	  -1.600000e+01
 0.78	  -1.600000e+01
 0.79	  -1.600000e+01
 0.80	  -1.600000e+01
 0.81	  -1.600000e+01
 0.82	  -1.600000e+01
 0.83	  -1.600000e+01
 0.84	  -1.600000e+01
 0.85	  -1.600000e+01
 0.86	  -1.600000e+01
 0.87	  -1.600000e+01
 0.88	  -1.600000e+01
 0.89	  -1.600000e+01
 0.90	  -1.600000e+01
 0.91	  -1.600000e+01
 0.92	  -1.600000e+01
 0.93	  -1.600000e+01
 0.94	  -1.600000e+01
 0.95	  -1.600000e+01
 0.96	  -1.600000e+01
 0.97	  -1.599999e+01
 0.98	  -1.599999e+01
 0.99	  -1.599999e+01
 1.00	  -1.599999e+01
 1.01	  -1.599999e+01
 1.02	  -1.599999e+01
 1.03	  -1.599999e+01
 1.04	  -1.599998e+01
 1.05	  -1.599998e+01
 1.06	  -1.599998e+01
 1.07	  -1.599997e+01
 1.08	  -1.599997e+01
 1.09	  -1.599997e+01
 1.10	  -1.599996e+01
 1.11	  -1.599996e+01
 1.12	  -1.599995e+01
 1.13	  -1.599994e+01
 1.14	  -1.599994e+01
 1.15	  -1.599993e+01
 1.16	  -1.599992e+01
 1.17	  -1.599991e+01
 1.18	  -1.599990e+01
 1.19	  -1.599988e+01
 1.20	  -1.599987e+01
 1.21	  -1.599986e+01
 1.22	  -1.599984e+01
 1.23	  -1.599982e+01
 1.24	  -1.599980e+01
 1.25	  -1.599978e+01
 1.26	  -1.599976e+01
 1.27	  -1.599973e+01
 1.28	  -1.599970e+01
 1.29	  -1.599967e+01
 1.30	  -1.599964e+01
 1.31	  -1.599960e+01
 1.32	  -1.599956e+01
 1.33	  -1.599952e+01
 1.34	  -1.599948e+01
 1.35	  -1.599943e+01
 1.36	  -1.599938e+01
 1.37	  -1.599932e+01
 1.38	  -1.599926e+01
 1.39	  -1.599920e+01
 1.40	  -1.599913e+01
 1.41	  -1.599905e+01
 1.42	  -1.599898e+01
 1.43	  -1.599889e+01
 1.44	  -1.599880e+01
 1.45	  -1.599871e+01
 1.46	  -1.599860e+01
 1.47	  -1.599850e+01
 1.48	  -1.599838e+01
 1.49	  -1.599826e+01
 1.50	  -1.599813e+01
 1.51	  -1.599799e+01
 1.52	  -1.599785e+01
 1.53	  -1.599769e+01
 1.54	  -1.599753e+01
 1.55	  -1.599736e+01
 1.56	  -1.599718e+01
 1.57	  -1.599699e+01
 1.58	  -1.599679e+01
 1.59	  -1.599658e+01
 1.60	  -1.599635e+01
 1.61	  -1.599612e+01
 1.62	  -1.599587e+01
 1.63	  -1.599562e+01
 1.64	  -1.599534e+01
 1.65	  -1.599506e+01
 1.66	  -1.599476e+01
 1.67	  -1.599445e+01
 1.68	  -1.599412e+01
 1.69	  -1.599378e+01
 1.70	  -1.599343e+01
 1.71	  -1.599305e+01
 1.72	  -1.599266e+01
 1.73	  -1.599226e+01
 1.74	  -1.599183e+01
 1.75	  -1.599139e+01
 1.76	  -1.599093e+01
 1.77	  -1.599045e+01
 1.78	  -1.598996e+01
 1.79	  -1.598944e+01
 1.80	  -1.598890e+01
 1.81	  -1.598834e+01
 1.82	  -1.598775e+01
 1.83	  -1.598715e+01
 1.84	  -1.598652e+01
 1.85	  -1.598587e+01
 1.86	  -1.598520e+01
 1.87	  -1.598450e+01
 1.88	  -1.598377e+01
 1.89	  -1.598302e+01
 1.90	  -1.598225e+01
 1.91	  -1.598145e+01
 1.92	  -1.598062e+01
 1.93	  -1.597976e+01
 1.94	  -1.597887e+01
 1.95	  -1.597795e+01
 1.96	  -1.597701e+01
 1.97	  -1.597603e+01
 1.98	  -1.597502e+01
 1.99	  -1.597399e+01
 2.00	  -1.597291e+01
 2.01	  -1.597181e+01
 2.02	  -1.597067e+01
 2.03	  -1.596950e+01
 2.04	  -1.596829e+01
 2.05	  -1.596705e+01
 2.06	  -1.596578e+01
 2.07	  -1.596446e+01
 2.08	  -1.596311e+01
 2.09	  -1.596172e+01
 2.10	  -1.596030e+01
 2.11	  -1.595883e+01
 2.12	  -1.595732e+01
 2.13	  -1.595578e+01
 2.14	  -1.595419e+01
 2.15	  -1.595256e+01
 2.16	  -1.595089e+01
 2.17	  -1.594918e+01
 2.18	  -1.594743e+01
 2.19	  -1.594563e+01
 2.20	  -1.594378e+01
 2.21	  -1.594189e+01
 2.22	  -1.593996e+01
 2.23	  -1.593798e+01
 2.24	  -1.593595e+01
 2.25	  -1.593388e+01
 2.26	  -1.593175e+01
 2.27	  -1.592958e+01
 2.28	  -1.592736e+01
 2.29	  -1.592509e+01
 2.30	  -1.592277e+01
 2.31	  -1.592040e+01
 2.32	  -1.591798e+01
 2.33	  -1.591550e+01
 2.34	  -1.591297e+01
 2.35	  -1.591039e+01
 2.36	  -1.590776e+01
 2.37	  -1.590507e+01
 2.38	  -1.590233e+01
 2.39	  -1.589953e+01
 2.40	  -1.589668e+01
 2.41	  -1.589377e+01
 2.42	  -1.589080e+01
 2.43	  -1.588778e+01
 2.44	  -1.588470e+01
 2.45	  -1.588156e+01
 2.46	  -1.587836e+01
 2.47	  -1.587510e+01
 2.48	  -1.587178e+01
 2.49	  -1.586840e+01
 2.50	  -1.586496e+01
 2.51	  -1.586146e+01
 2.52	  -1.585790e+01
 2.53	  -1.585428e+01
 2.54	  -1.585059e+01
 2.55	  -1.584685e+01
 2.56	  -1.584303e+01
 2.57	  -1.583916e+01
 2.58	  -1.583522e+01
 2.59	  -1.583121e+01
 2.60	  -1.582714e+01
 2.61	  -1.582301e+01
 2.62	  -1.581881e+01
 2.63	  -1.581454e+01
 2.64	  -1.581021e+01
 2.65	  -1.580581e+01
 2.66	  -1.580134e+01
 2.67	  -1.579681e+01
 2.68	  -1.579220e+01
 2.69	  -1.578753e+01
 2.70	  -1.578279e+01
 2.71	  -1.577798e+01
 2.72	  -1.577311e+01
 2.73	  -1.576816e+01
 2.74	  -1.576314e+01
 2.75	  -1.575805e+01
 2.76	  -1.575290e+01
 2.77	  -1.574767e+01
 2.78	  -1.574237e+01
 2.79	  -1.573700e+01
 2.80	  -1.573156e+01
 2.81	  -1.572604e+01
 2.82	  -1.572046e+01
 2.83	  -1.571480e+01
 2.84	  -1.570907e+01
 2.85	  -1.570327e+01
 2.86	  -1.569739e+01
 2.87	  -1.569144e+01
 2.88	  -1.568542e+01
 2.89	  -1.567933e+01
 2.90	  -1.567316e+01
 2.91	  -1.566692e+01
 2.92	  -1.566060e+01
 2.93	  -1.565421e+01
 2.94	  -1.564775e+01
 2.95	  -1.564121e+01
 2.96	  -1.563460e+01
 2.97	  -1.562791e+01
 2.98	  -1.562115e+01
 2.99	  -1.561431e+01
 3.00	  -1.560740e+01
 3.01	  -1.560042e+01
 3.02	  -1.559336e+01
 3.03	  -1.558622e+01
 3.04	  -1.557901e+01
 3.05	  -1.557173e+01
 3.06	  -1.556437e+01
 3.07	  -1.555693e+01
 3.08	  -1.554942e+01
 3.09	  -1.554183e+01
 3.10	  -1.553417e+01
 3.11	  -1.552644e+01
 3.12	  -1.551863e+01
 3.13	  -1.551074e+01
 3.14	  -1.550278e+01
 3.15	  -1.549474e+01
 3.16	  -1.548663e+01
 3.17	  -1.547844e+01
 3.18	  -1.547018e+01
 3.19	  -1.546185e+01
 3.20	  -1.545343e+01
 3.21	  -1.544495e+01
 3.22	  -1.543639e+01
 3.23	  -1.542775e+01
 3.24	  -1.541904e+01
 3.25	  -1.541026e+01
 3.26	  -1.540140e+01
 3.27	  -1.539247e+01
 3.28	  -1.538346e+01
 3.29	  -1.537438e+01
 3.30	  -1.536522e+01
 3.31	  -1.535599e+01
 3.32	  -1.534669e+01
 3.33	  -1.533732e+01
 3.34	  -1.532787e+01
 3.35	  -1.531835e+01
 3.36	  -1.530875e+01
 3.37	  -1.529909e+01
 3.38	  -1.528935e+01
 3.39	  -1.527953e+01
 3.40	  -1.526965e+01
 3.41	  -1.525969e+01
 3.42	  -1.524967e+01
 3.43	  -1.523957e+01
 3.44	  -1.522940e+01
 3.45	  -1.521916e+01
 3.46	  -1.520884e+01
 3.47	  -1.519846e+01
 3.48	  -1.518801e+01
 3.49	  -1.517748e+01
 3.50	  -1.516689e+01
 3.51	  -1.515623e+01
 3.52	  -1.514550e+01
 3.53	  -1.513470e+01
 3.54	  -1.512383e+01
 3.55	  -1.511289e+01
 3.56	  -1.510188e+01
 3.57	  -1.509081e+01
 3.58	  -1.507967e+01
 3.59	  -1.506846e+01
 3.60	  -1.505718e+01
 3.61	  -1.504584e+01
 3.62	  -1.503443e+01
 3.63	  -1.502296e+01
 3.64	  -1.501142e+01
 3.65	  -1.499981e+01
 3.66	  -1.498814e+01
 3.67	  -1.497640e+01
 3.68	  -1.496460e+01
 3.69	  -1.495274e+01
 3.70	  -1.494081e+01
 3.71	  -1.492882e+01
 3.72	  -1.491677e+01
 3.73	  -1.490465e+01
 3.74	  -1.489247e+01
 3.75	  -1.488023e+01
 3.76	  -1.486793e+01
 3.77	  -1.485557e+01
 3.78	  -1.484314e+01
 3.79	  -1.483066e+01
 3.80	  -1.481811e+01
 3.81	  -1.480551e+01
 3.82	  -1.479285e+01
 3.83	  -1.478012e+01
 3.84	  -1.476734e+01
 3.85	  -1.475451e+01
 3.86	  -1.474161e+01
 3.87	  -1.472866e+01
 3.88	  -1.471565e+01
 3.89	  -1.470258e+01
 3.90	  -1.468946e+01
 3.91	  -1.467628e+01
 3.92	  -1.466304e+01
 3.93	  -1.464976e+01
 3.94	  -1.463641e+01
 3.95	  -1.462302e+01
 3.96	  -1.460957e+01
 3.97	  -1.459606e+01
 3.98	  -1.458251e+01
 3.99	  -1.456890e+01
 4.00	  -1.455524e+01
 4.01	  -1.454153e+01
 4.02	  -1.452777e+01
 4.03	  -1.451395e+01
 4.04	  -1.450009e+01
 4.05	  -1.448618e+01
 4.06	  -1.447222e+01
 4.07	  -1.445821e+01
 4.08	  -1.444415e+01
 4.09	  -1.443004e+01
 4.10	  -1.441589e+01
 4.11	  -1.440169e+01
 4.12	  -1.438744e+01
 4.13	  -1.437315e+01
 4.14	  -1.435881e+01
 4.15	  -1.434442e+01
 4.16	  -1.433000e+01
 4.17	  -1.431552e+01
 4.18	  -1.430101e+01
 4.19	  -1.428645e+01
 4.20	  -1.427184e+01
 4.21	  -1.425720e+01
 4.22	  -1.424251e+01
 4.23	  -1.422778e+01
 4.24	  -1.421301e+01
 4.25	  -1.419820e+01
 4.26	  -1.418335e+01
 4.27	  -1.416846e+01
 4.28	  -1.415353e+01
 4.29	  -1.413856e+01
 4.30	  -1.412355e+01
 4.31	  -1.410851e+01
 4.32	  -1.409342e+01
 4.33	  -1.407830e+01
 4.34	  -1.406315e+01
 4.35	  -1.404795e+01
 4.36	  -1.403273e+01
 4.37	  -1.401746e+01
 4.38	  -1.400216e+01
 4.39	  -1.398683e+01
 4.40	  -1.397146e+01
 4.41	  -1.395606e+01
 4.42	  -1.394063e+01
 4.43	  -1.392517e+01
 4.44	  -1.390967e+01
 4.45	  -1.389414e+01
 4.46	  -1.387858e+01
 4.47	  -1.386299e+01
 4.48	  -1.384737e+01
 4.49	  -1.383172e+01
 4.50	  -1.381604e+01
 4.51	  -1.380033e+01
 4.52	  -1.378459e+01
 4.53	  -1.376882e+01
 4.54	  -1.375303e+01
 4.55	  -1.373721e+01
 4.56	  -1.372136e+01
 4.57	  -1.370549e+01
 4.58	  -1.368959e+01
 4.59	  -1.367366e+01
 4.60	  -1.365771e+01
 4.61	  -1.364174e+01
 4.62	  -1.362574e+01
 4.63	  -1.360971e+01
 4.64	  -1.359367e+01
 4.65	  -1.357760e+01
 4.66	  -1.356151e+01
 4.67	  -1.354539e+01
 4.68	  -1.352926e+01
 4.69	  -1.351310e+01
 4.70	  -1.349693e+01
 4.71	  -1.348073e+01
 4.72	  -1.346451e+01
 4.73	  -1.344827e+01
 4.74	  -1.343202e+01
 4.75	  -1.341574e+01
 4.76	  -1.339945e+01
 4.77	  -1.338314e+01
 4.78	  -1.336681e+01
 4.79	  -1.335046e+01
 4.80	  -1.333410e+01
 4.81	  -1.331772e+01
 4.82	  -1.330133e+01
 4.83	  -1.328492e+01
 4.84	  -1.326849e+01
 4.85	  -1.325205e+01
 4.86	  -1.323560e+01
 4.87	  -1.321913e+01
 4.88	  -1.320265e+01
 4.89	  -1.318615e+01
 4.90	  -1.316964e+01
 4.91	  -1.315312e+01
 4.92	  -1.313659e+01
 4.93	  -1.312005e+01
 4.94	  -1.310349e+01
 4.95	  -1.308692e+01
 4.96	  -1.307035e+01
 4.97	  -1.305376e+01
 4.98	  -1.303716e+01
 4.99	  -1.302056e+01
 5.00	  -1.300394e+01
 5.01	  -1.298732e+01
 5.02	  -1.297068e+01
 5.03	  -1.295404e+01
 5.04	  -1.293739e+01
 5.05	  -1.292074e+01
 5.06	  -1.290407e+01
 5.07	  -1.288740e+01
 5.08	  -1.287073e+01
 5.09	  -1.285405e+01
 5.10	  -1.283736e+01
 5.11	  -1.282067e+01
 5.12	  -1.280397e+01
 5.13	  -1.278727e+01
 5.14	  -1.277056e+01
 5.15	  -1.275385e+01
 5.16	  -1.273713e+01
 5.17	  -1.272042e+01
 5.18	  -1.270370e+01
 5.19	  -1.268697e+01
 5.20	  -1.267025e+01
 5.21	  -1.265352e+01
 5.22	  -1.263679e+01
 5.23	  -1.262006e+01
 5.24	  -1.260333e+01
 5.25	  -1.258660e+01
 5.26	  -1.256986e+01
 5.27	  -1.255313e+01
 5.28	  -1.253640e+01
 5.29	  -1.251966e+01
 5.30	  -1.250293e+01
 5.31	  -1.248620e+01
 5.32	  -1.246947e+01
 5.33	  -1.245274e+01
 5.34	  -1.243601e+01
 5.35	  -1.241929e+01
 5.36	  -1.240257e+01
 5.37	  -1.238585e+01
 5.38	  -1.236913e+01
 5.39	  -1.235242e+01
 5.40	  -1.233571e+01
 5.41	  -1.231900e+01
 5.42	  -1.230230e+01
 5.43	  -1.228561e+01
 5.44	  -1.226891e+01
 5.45	  -1.225222e+01
 5.46	  -1.223554e+01
 5.47	  -1.221886e+01
 5.48	  -1.220219e+01
 5.49	  -1.218553e+01
 5.50	  -1.216887e+01
 5.51	  -1.215221e+01
 5.52	  -1.213557e+01
 5.53	  -1.211893e+01
 5.54	  -1.210229e+01
 5.55	  -1.208567e+01
 5.56	  -1.206905e+01
 5.57	  -1.205244e+01
 5.58	  -1.203584e+01
 5.59	  -1.201924e+01
 5.60	  -1.200266e+01
 5.61	  -1.198608e+01
 5.62	  -1.196951e+01
 5.63	  -1.195295e+01
 5.64	  -1.193640e+01
 5.65	  -1.191986e+01
 5.66	  -1.190333e+01
 5.67	  -1.188681e+01
 5.68	  -1.187030e+01
 5.69	  -1.185380e+01
 5.70	  -1.183732e+01
 5.71	  -1.182084e+01
 5.72	  -1.180437e+01
 5.73	  -1.178792e+01
 5.74	  -1.177147e+01
 5.75	  -1.175504e+01
 5.76	  -1.173862e+01
 5.77	  -1.172221e+01
 5.78	  -1.170581e+01
 5.79	  -1.168943e+01
 5.80	  -1.167306e+01
 5.81	  -1.165670e+01
 5.82	  -1.164035e+01
 5.83	  -1.162402e+01
 5.84	  -1.160770e+01
 5.85	  -1.159140e+01
 5.86	  -1.157511e+01
 5.87	  -1.155883e+01
 5.88	  -1.154257e+01
 5.89	  -1.152632e+01
 5.90	  -1.151008e+01
 5.91	  -1.149386e+01
 5.92	  -1.147765e+01
 5.93	  -1.146146e+01
 5.94	  -1.144529e+01
 5.95	  -1.142913e+01
 5.96	  -1.141298e+01
 5.97	  -1.139685e+01
 5.98	  -1.138074e+01
 5.99	  -1.136464e+01
 6.00	  -1.134855e+01
 6.01	  -1.133249e+01
 6.02	  -1.131644e+01
 6.03	  -1.130040e+01
 6.04	  -1.128439e+01
 6.05	  -1.126838e+01
 6.06	  -1.125240e+01
 6.07	  -1.123643e+01
 6.08	  -1.122048e+01
 6.09	  -1.120455e+01
 6.10	  -1.118864e+01
 6.11	  -1.117274e+01
 6.12	  -1.115686e+01
 6.13	  -1.114099e+01
 6.14	  -1.112515e+01
 6.15	  -1.110932e+01
 6.16	  -1.109351e+01
 6.17	  -1.107772e+01
 6.18	  -1.106195e+01
 6.19	  -1.104620e+01
 6.20	  -1.103046e+01
 6.21	  -1.101475e+01
 6.22	  -1.099905e+01
 6.23	  -1.098337e+01
 6.24	  -1.096771e+01
 6.25	  -1.095207e+01
 6.26	  -1.093645e+01
 6.27	  -1.092085e+01
 6.28	  -1.090526e+01
 6.29	  -1.088970e+01
 6.30	  -1.087416e+01
 6.31	  -1.085863e+01
 6.32	  -1.084313e+01
 6.33	  -1.082764e+01
 6.34	  -1.081218e+01
 6.35	  -1.079674e+01
 6.36	  -1.078131e+01
 6.37	  -1.076591e+01
 6.38	  -1.075053e+01
 6.39	  -1.073516e+01
 6.40	  -1.071982e+01
 6.41	  -1.070450e+01
 6.42	  -1.068920e+01
 6.43	  -1.067392e+01
 6.44	  -1.065866e+01
 6.45	  -1.064342e+01
 6.46	  -1.062821e+01
 6.47	  -1.061301e+01
 6.48	  -1.059783e+01
 6.49	  -1.058268e+01
 6.50	  -1.056755e+01
 6.51	  -1.055244e+01
 6.52	  -1.053735e+01
 6.53	  -1.052228e+01
 6.54	  -1.050724e+01
 6.55	  -1.049221e+01
 6.56	  -1.047721e+01
 6.57	  -1.046223e+01
 6.58	  -1.044727e+01
 6.59	  -1.043233e+01
 6.60	  -1.041742e+01
 6.61	  -1.040252e+01
 6.62	  -1.038765e+01
 6.63	  -1.037280e+01
 6.64	  -1.035798e+01
 6.65	  -1.034317e+01
 6.66	  -1.032839e+01
 6.67	  -1.031363e+01
 6.68	  -1.029890e+01
 6.69	  -1.028418e+01
 6.70	  -1.026949e+01
 6.71	  -1.025482e+01
 6.72	  -1.024017e+01
 6.73	  -1.022555e+01
 6.74	  -1.021095e+01
 6.75	  -1.019637e+01
 6.76	  -1.018181e+01
 6.77	  -1.016728e+01
 6.78	  -1.015277e+01
 6.79	  -1.013828e+01
 6.80	  -1.012382e+01
 6.81	  -1.010938e+01
 6.82	  -1.009496e+01
 6.83	  -1.008056e+01
 6.84	  -1.006619e+01
 6.85	  -1.005184e+01
 6.86	  -1.003752e+01
 6.87	  -1.002322e+01
 6.88	  -1.000894e+01
 6.89	  -9.994681e+00
 6.90	  -9.980448e+00
 6.91	  -9.966239e+00
 6.92	  -9.952053e+00
 6.93	  -9.937891e+00
 6.94	  -9.923752e+00
 6.95	  -9.909636e+00
 6.96	  -9.895544e+00
 6.97	  -9.881476e+00
 6.98	  -9.867431e+00
 6.99	  -9.853409e+00
 7.00	  -9.839411e+00
 7.01	  -9.825437e+00
 7.02	  -9.811486e+00
 7.03	  -9.797559e+00
 7.04	  -9.783655e+00
 7.05	  -9.769775e+00
 7.06	  -9.755919e+00
 7.07	  -9.742087e+00
 7.08	  -9.728278e+00
 7.09	  -9.714493e+00
 7.10	  -9.700731e+00
 7.11	  -9.686994e+00
 7.12	  -9.673280e+00
 7.13	  -9.659590e+00
 7.14	  -9.645923e+00
 7.15	  -9.632281e+00
 7.16	  -9.618662e+00
 7.17	  -9.605067e+00
 7.18	  -9.591496e+00
 7.19	  -9.577948e+00
 7.20	  -9.564425e+00
 7.21	  -9.550925e+00
 7.22	  -9.537449e+00
 7.23	  -9.523997e+00
 7.24	  -9.510569e+00
 7.25	  -9.497164e+00
 7.26	  -9.483784e+00
 7.27	  -9.470427e+00
 7.28	  -9.457094e+00
 7.29	  -9.443785e+00
 7.30	  -9.430500e+00
 7.31	  -9.417239e+00
 7.32	  -9.404002e+00
 7.33	  -9.390788e+00
 7.34	  -9.377598e+00
 7.35	  -9.364432e+00
 7.36	  -9.351290e+00
 7.37	  -9.338172e+00
 7.38	  -9.325078e+00
 7.39	  -9.312007e+00
 7.40	  -9.298960e+00
 7.41	  -9.285938e+00
 7.42	  -9.272938e+00
 7.43	  -9.259963e+00
 7.44	  -9.247012e+00
 7.45	  -9.234084e+00
 7.46	  -9.221180e+00
 7.47	  -9.208300e+00
 7.48	  -9.195443e+00
 7.49	  -9.182611e+00
 7.50	  -9.169802e+00
 7.51	  -9.157016e+00
 7.52	  -9.144255e+00
 7.53	  -9.131517e+00
 7.54	  -9.118803e+00
 7.55	  -9.106113e+00
 7.56	  -9.093446e+00
 7.57	  -9.080803e+00
 7.58	  -9.068183e+00
 7.59	  -9.055588e+00
 7.60	  -9.043015e+00
 7.61	  -9.030467e+00
 7.62	  -9.017942e+00
 7.63	  -9.005440e+00
 7.64	  -8.992962e+00
 7.65	  -8.980508e+00
 7.66	  -8.968077e+00
 7.67	  -8.955670e+00
 7.68	  -8.943286e+00
 7.69	  -8.930925e+00
 7.70	  -8.918588e+00
 7.71	  -8.906274e+00
 7.72	  -8.893984e+00
 7.73	  -8.881717e+00
 7.74	  -8.869474e+00
 7.75	  -8.857254e+00
 7.76	  -8.845057e+00
 7.77	  -8.832884e+00
 7.78	  -8.820733e+00
 7.79	  -8.808606e+00
 7.80	  -8.796503e+00
 7.81	  -8.784422e+00
 7.82	  -8.772365e+00
 7.83	  -8.760330e+00
 7.84	  -8.748319e+00
 7.85	  -8.736331e+00
 7.86	  -8.724367e+00
 7.87	  -8.712425e+00
 7.88	  -8.700506e+00
 7.89	  -8.688610e+00
 7.90	  -8.676738e+00
 7.91	  -8.664888e+00
 7.92	  -8.653061e+00
 7.93	  -8.641257e+00
 7.94	  -8.629476e+00
 7.95	  -8.617718e+00
 7.96	  -8.605983e+00
 7.97	  -8.594270e+00
 7.98	  -8.582581e+00
 7.99	  -8.570914e+00
 8.00	  -8.559269e+00
 8.01	  -8.547648e+00
 8.02	  -8.536049e+00
 8.03	  -8.524473e+00
 8.04	  -8.512919e+00
 8.05	  -8.501388e+00
 8.06	  -8.489880e+00
 8.07	  -8.478394e+00
 8.08	  -8.466930e+00
 8.09	  -8.455489e+00
 8.10	  -8.444071e+00
 8.11	  -8.432674e+00
 8.12	  -8.421301e+00
 8.13	  -8.409949e+00
 8.14	  -8.398620e+00
 8.15	  -8.387313e+00
 8.16	  -8.376029e+00
 8.17	  -8.364766e+00
 8.18	  -8.353526e+00
 8.19	  -8.342308e+00
 8.20	  -8.331112e+00
 8.21	  -8.319938e+00
 8.22	  -8.308786e+00
 8.23	  -8.297657e+00
 8.24	  -8.286549e+00
 8.25	  -8.275463e+00
 8.26	  -8.264399e+00
 8.27	  -8.253357e+00
 8.28	  -8.242337e+00
 8.29	  -8.231339e+00
 8.30	  -8.220363e+00
 8.31	  -8.209408e+00
 8.32	  -8.198475e+00
 8.33	  -8.187564e+00
 8.34	  -8.176674e+00
 8.35	  -8.165806e+00
 8.36	  -8.154959e+00
 8.37	  -8.144135e+00
 8.38	  -8.133331e+00
 8.39	  -8.122549e+00
 8.40	  -8.111789e+00
 8.41	  -8.101050e+00
 8.42	  -8.090332e+00
 8.43	  -8.079636e+00
 8.44	  -8.068961e+00
 8.45	  -8.058307e+00
 8.46	  -8.047675e+00
 8.47	  -8.037064e+00
 8.48	  -8.026473e+00
 8.49	  -8.015905e+00
 8.50	  -8.005357e+00
 8.51	  -7.994830e+00
 8.52	  -7.984324e+00
 8.53	  -7.973839e+00
 8.54	  -7.963375e+00
 8.55	  -7.952932e+00
 8.56	  -7.942510e+00
 8.57	  -7.932109e+00
 8.58	  -7.921729e+00
 8.59	  -7.911369e+00
 8.60	  -7.901030e+00
 8.61	  -7.890712e+00
 8.62	  -7.880414e+00
 8.63	  -7.870137e+00
 8.64	  -7.859881e+00
 8.65	  -7.849645e+00
 8.66	  -7.839430e+00
 8.67	  -7.829235e+00
 8.68	  -7.819061e+00
 8.69	  -7.808906e+00
 8.70	  -7.798773e+00
 8.71	  -7.788659e+00
 8.72	  -7.778566e+00
 8.73	  -7.768493e+00
 8.74	  -7.758441e+00
 8.75	  -7.748408e+00
 8.76	  -7.738396e+00
 8.77	  -7.728404e+00
 8.78	  -7.718432e+00
 8.79	  -7.708479e+00
 8.80	  -7.698547e+00
 8.81	  -7.688635e+00
 8.82	  -7.678743e+00
 8.83	  -7.668870e+00
 8.84	  -7.659017e+00
 8.85	  -7.649184e+00
 8.86	  -7.639371e+00
 8.87	  -7.629578e+00
 8.88	  -7.619804e+00
 8.89	  -7.610050e+00
 8.90	  -7.600315e+00
 8.91	  -7.590600e+00
 8.92	  -7.580905e+00
 8.93	  -7.571229e+00
 8.94	  -7.561572e+00
 8.95	  -7.551935e+00
 8.96	  -7.542317e+00
 8.97	  -7.532719e+00
 8.98	  -7.523140e+00
 8.99	  -7.513580e+00
 9.00	  -7.504039e+00
 9.01	  -7.494518e+00
 9.02	  -7.485015e+00
 9.03	  -7.475532e+00
 9.04	  -7.466067e+00
 9.05	  -7.456622e+00
 9.06	  -7.447196e+00
 9.07	  -7.437789e+00
 9.08	  -7.428400e+00
 9.09	  -7.419031e+00
 9.10	  -7.409680e+00
 9.11	  -7.400348e+00
 9.12	  -7.391035e+00
 9.13	  -7.381740e+00
 9.14	  -7.372464e+00
 9.15	  -7.363207e+00
 9.16	  -7.353968e+00
 9.17	  -7.344748e+00
 9.18	  -7.335547e+00
 9.19	  -7.326363e+00
 9.20	  -7.317199e+00
 9.21	  -7.308052e+00
 9.22	  -7.298924e+00
 9.23	  -7.289815e+00
 9.24	  -7.280724e+00
 9.25	  -7.271650e+00
 9.26	  -7.262596e+00
 9.27	  -7.253559e+00
 9.28	  -7.244540e+00
 9.29	  -7.235540e+00
 9.30	  -7.226557e+00
 9.31	  -7.217593e+00
 9.32	  -7.208646e+00
 9.33	  -7.199718e+00
 9.34	  -7.190807e+00
 9.35	  -7.181914e+00
 9.36	  -7.173039e+00
 9.37	  -7.164182e+00
 9.38	  -7.155343e+00
 9.39	  -7.146521e+00
 9.40	  -7.137717e+00
 9.41	  -7.128930e+00
 9.42	  -7.120162e+00
 9.43	  -7.111410e+00
 9.44	  -7.102676e+00
 9.45	  -7.093960e+00
 9.46	  -7.085261e+00
 9.47	  -7.076580e+00
 9.48	  -7.067916e+00
 9.49	  -7.059269e+00
 9.50	  -7.050639e+00
 9.51	  -7.042027e+00
 9.52	  -7.033432e+00
 9.53	  -7.024854e+00
 9.54	  -7.016293e+00
 9.55	  -7.007749e+00
 9.56	  -6.999223e+00
 9.57	  -6.990713e+00
 9.58	  -6.982221e+00
 9.59	  -6.973745e+00
 9.60	  -6.965286e+00
 9.61	  -6.956844e+00
 9.62	  -6.948419e+00
 9.63	  -6.940011e+00
 9.64	  -6.931619e+00
 9.65	  -6.923244e+00
 9.66	  -6.914886e+00
 9.67	  -6.906545e+00
 9.68	  -6.898220e+00
 9.69	  -6.889912e+00
 9.70	  -6.881620e+00
 9.71	  -6.873345e+00
 9.72	  -6.865086e+00
 9.73	  -6.856843e+00
 9.74	  -6.848617e+00
 9.75	  -6.840408e+00
 9.76	  -6.832214e+00
 9.77	  -6.824037e+00
 9.78	  -6.815876e+00
 9.79	  -6.807732e+00
 9.80	  -6.799603e+00
 9.81	  -6.791491e+00
 9.82	  -6.783394e+00
 9.83	  -6.775314e+00
 9.84	  -6.767250e+00
 9.85	  -6.759202e+00
 9.86	  -6.751170e+00
 9.87	  -6.743153e+00
 9.88	  -6.735153e+00
 9.89	  -6.727168e+00
 9.90	  -6.719199e+00
 9.91	  -6.711246e+00
 9.92	  -6.703309e+00
 9.93	  -6.695387e+00
 9.94	  -6.687481e+00
 9.95	  -6.679591e+00
 9.96	  -6.671716e+00
 9.97	  -6.663856e+00
 9.98	  -6.656013e+00
 9.99	  -6.648184e+00
10.00	  -6.640372e+00
10.01	  -6.632574e+00
10.02	  -6.624792e+00
10.03	  -6.617025e+00
10.04	  -6.609274e+00
10.05	  -6.601538e+00
10.06	  -6.593817e+00
10.07	  -6.586111e+00
10.08	  -6.578420e+00
10.09	  -6.570745e+00
10.10	  -6.563084e+00
10.11	  -6.555439e+00
10.12	  -6.547809e+00
10.13	  -6.540193e+00
10.14	  -6.532593e+00
10.15	  -6.525008e+00
10.16	  -6.517437e+00
10.17	  -6.509881e+00
10.18	  -6.502340e+00
10.19	  -6.494814e+00
10.20	  -6.487303e+00
10.21	  -6.479806e+00
10.22	  -6.472324e+00
10.23	  -6.464856e+00
10.24	  -6.457404e+00
10.25	  -6.449965e+00
10.26	  -6.442542e+00
10.27	  -6.435132e+00
10.28	  -6.427738e+00
10.29	  -6.420357e+00
10.30	  -6.412991e+00
10.31	  -6.405640e+00
10.32	  -6.398303e+00
10.33	  -6.390980e+00
10.34	  -6.383671e+00
10.35	  -6.376377e+00
10.36	  -6.369097e+00
10.37	  -6.361831e+00
10.38	  -6.354579e+00
10.39	  -6.347341e+00
10.40	  -6.340117e+00
10.41	  -6.332907e+00
10.42	  -6.325712e+00
10.43	  -6.318530e+00
10.44	  -6.311362e+00
10.45	  -6.304208e+00
10.46	  -6.297068e+00
10.47	  -6.289942e+00
10.48	  -6.282829e+00
10.49	  -6.275731e+00
10.50	  -6.268646e+00
10.51	  -6.261575e+00
10.52	  -6.254517e+00
10.53	  -6.247473e+00
10.54	  -6.240443e+00
10.55	  -6.233426e+00
10.56	  -6.226423e+00
10.57	  -6.219434e+00
10.58	  -6.212457e+00
10.59	  -6.205495e+00
10.60	  -6.198545e+00
10.61	  -6.191610e+00
10.62	  -6.184687e+00
10.63	  -6.177778e+00
10.64	  -6.170882e+00
10.65	  -6.163999e+00
10.66	  -6.157130e+00
10.67	  -6.150273e+00
10.68	  -6.143430e+00
10.69	  -6.136600e+00
10.70	  -6.129783e+00
10.71	  -6.122980e+00
10.72	  -6.116189e+00
10.73	  -6.109411e+00
10.74	  -6.102646e+00
10.75	  -6.095895e+00
10.76	  -6.089156e+00
10.77	  -6.082430e+00
10.78	  -6.075717e+00
10.79	  -6.069016e+00
10.80	  -6.062329e+00
10.81	  -6.055654e+00
10.82	  -6.048992e+00
10.83	  -6.042343e+00
10.84	  -6.035706e+00
10.85	  -6.029082e+00
10.86	  -6.022471e+00
10.87	  -6.015872e+00
10.88	  -6.009285e+00
10.89	  -6.002712e+00
10.90	  -5.996150e+00
10.91	  -5.989602e+00
10.92	  -5.983065e+00
10.93	  -5.976541e+00
10.94	  -5.970030e+00
10.95	  -5.963531e+00
10.96	  -5.957044e+00
10.97	  -5.950569e+00
10.98	  -5.944107e+00
10.99	  -5.937657e+00
11.00	  -5.931219e+00
11.01	  -5.924793e+00
11.02	  -5.918379e+00
11.03	  -5.911978e+00
11.04	  -5.905588e+00
11.05	  -5.899211e+00
11.06	  -5.892846e+00
11.07	  -5.886492e+00
11.08	  -5.880151e+00
11.09	  -5.873822e+00
11.10	  -5.867504e+00
11.11	  -5.861199e+00
11.12	  -5.854905e+00
11.13	  -5.848623e+00
11.14	  -5.842353e+00
11.15	  -5.836094e+00
11.16	  -5.829848e+00
11.17	  -5.823613e+00
11.18	  -5.817390e+00
11.19	  -5.811178e+00
11.20	  -5.804978e+00
11.21	  -5.798790e+00
11.22	  -5.792613e+00
11.23	  -5.786448e+00
11.24	  -5.780294e+00
11.25	  -5.774152e+00
11.26	  -5.768021e+00
11.27	  -5.761902e+00
11.28	  -5.755794e+00
11.29	  -5.749697e+00
11.30	  -5.743612e+00
11.31	  -5.737539e+00
11.32	  -5.731476e+00
11.33	  -5.725425e+00
11.34	  -5.719385e+00
11.35	  -5.713356e+00
11.36	  -5.707339e+00
11.37	  -5.701332e+00
11.38	  -5.695337e+00
11.39	  -5.689353e+00
11.40	  -5.683380e+00
11.41	  -5.677418e+00
11.42	  -5.671467e+00
11.43	  -5.665527e+00
11.44	  -5.659598e+00
11.45	  -5.653680e+00
11.46	  -5.647773e+00
11.47	  -5.641877e+00
11.48	  -5.635992e+00
11.49	  -5.630117e+00
11.50	  -5.624254e+00
11.51	  -5.618401e+00
11.52	  -5.612559e+00
11.53	  -5.606728e+00
11.54	  -5.600907e+00
11.55	  -5.595097e+00
11.56	  -5.589298e+00
11.57	  -5.583510e+00
11.58	  -5.577732e+00
11.59	  -5.571965e+00
11.60	  -5.566208e+00
11.61	  -5.560462e+00
11.62	  -5.554726e+00
11.63	  -5.549001e+00
11.64	  -5.543287e+00
11.65	  -5.537582e+00
11.66	  -5.531889e+00
11.67	  -5.526205e+00
11.68	  -5.520532e+00
11.69	  -5.514870e+00
11.70	  -5.509217e+00
11.71	  -5.503575e+00
11.72	  -5.497944e+00
11.73	  -5.492322e+00
11.74	  -5.486711e+00
11.75	  -5.481110e+00
11.76	  -5.475519e+00
11.77	  -5.469938e+00
11.78	  -5.464368e+00
11.79	  -5.458807e+00
11.80	  -5.453257e+00
11.81	  -5.447717e+00
11.82	  -5.442186e+00
11.83	  -5.436666e+00
11.84	  -5.431156e+00
11.85	  -5.425655e+00
11.86	  -5.420165e+00
11.87	  -5.414685e+00
11.88	  -5.409214e+00
11.89	  -5.403753e+00
11.90	  -5.398303e+00
11.91	  -5.392862e+00
11.92	  -5.387430e+00
11.93	  -5.382009e+00
11.94	  -5.376597e+00
11.95	  -5.371195e+00
11.96	  -5.365803e+00
11.97	  -5.360421e+00
11.98	  -5.355048e+00
11.99	  -5.349684e+00
12.00	  -5.344331e+00
12.01	  -5.338987e+00
12.02	  -5.333652e+00
12.03	  -5.328327e+00
12.04	  -5.323012e+00
12.05	  -5.317706e+00
12.06	  -5.312410e+00
12.07	  -5.307123e+00
12.08	  -5.301845e+00
12.09	  -5.296577e+00
12.10	  -5.291319e+00
12.11	  -5.286069e+00
12.12	  -5.280829e+00
12.13	  -5.275599e+00
12.14	  -5.270377e+00
12.15	  -5.265165e+00
12.16	  -5.259963e+00
12.17	  -5.254769e+00
12.18	  -5.249585e+00
12.19	  -5.244410e+00
12.20	  -5.239244e+00
12.21	  -5.234087e+00
12.22	  -5.228939e+00
12.23	  -5.223801e+00
12.24	  -5.218671e+00
12.25	  -5.213551e+00
12.26	  -5.208440e+00
12.27	  -5.203337e+00
12.28	  -5.198244e+00
12.29	  -5.193160e+00
12.30	  -5.188084e+00
12.31	  -5.183018e+00
12.32	  -5.177960e+00
12.33	  -5.172912e+00
12.34	  -5.167872e+00
12.35	  -5.162841e+00
12.36	  -5.157819e+00
12.37	  -5.152806e+00
12.38	  -5.147802e+00
12.39	  -5.142806e+00
12.40	  -5.137819e+00
12.41	  -5.132841e+00
12.42	  -5.127872e+00
12.43	  -5.122911e+00
12.44	  -5.117959e+00
12.45	  -5.113015e+00
12.46	  -5.108081e+00
12.47	  -5.103155e+00
12.48	  -5.098237e+00
12.49	  -5.093328e+00
12.50	  -5.088428e+00
12.51	  -5.083536e+00
12.52	  -5.078652e+00
12.53	  -5.073777e+00
12.54	  -5.068911e+00
12.55	  -5.064053e+00
12.56	  -5.059203e+00
12.57	  -5.054362e+00
12.58	  -5.049530e+00
12.59	  -5.044705e+00
12.60	  -5.039889e+00
12.61	  -5.035082e+00
12.62	  -5.030282e+00
12.63	  -5.025491e+00
12.64	  -5.020709e+00
12.65	  -5.015934e+00
12.66	  -5.011168e+00
12.67	  -5.006410e+00
12.68	  -5.001660e+00
12.69	  -4.996918e+00
12.70	  -4.992185e+00
12.71	  -4.987460e+00
12.72	  -4.982742e+00
12.73	  -4.978033e+00
12.74	  -4.973332e+00
12.75	  -4.968639e+00
12.76	  -4.963955e+00
12.77	  -4.959278e+00
12.78	  -4.954609e+00
12.79	  -4.949948e+00
12.80	  -4.945295e+00
12.81	  -4.940650e+00
12.82	  -4.936013e+00
12.83	  -4.931384e+00
12.84	  -4.926763e+00
12.85	  -4.922150e+00
12.86	  -4.917545e+00
12.87	  -4.912947e+00
12.88	  -4.908358e+00
12.89	  -4.903776e+00
12.90	  -4.899202e+00
12.91	  -4.894635e+00
12.92	  -4.890077e+00
12.93	  -4.885526e+00
12.94	  -4.880983e+00
12.95	  -4.876448e+00
12.96	  -4.871920e+00
12.97	  -4.867400e+00
12.98	  -4.862888e+00
12.99	  -4.858383e+00
13.00	  -4.853886e+00
13.01	  -4.849397e+00
13.02	  -4.844915e+00
13.03	  -4.840440e+00
13.04	  -4.835974e+00
13.05	  -4.831515e+00
13.06	  -4.827063e+00
13.07	  -4.822619e+00
13.08	  -4.818182e+00
13.09	  -4.813753e+00
13.10	  -4.809331e+00
13.11	  -4.804916e+00
13.12	  -4.800509e+00
13.13	  -4.796110e+00
13.14	  -4.791718e+00
13.15	  -4.787333e+00
13.16	  -4.782955e+00
13.17	  -4.778585e+00
13.18	  -4.774223e+00
13.19	  -4.769867e+00
13.20	  -4.765519e+00
13.21	  -4.761178e+00
13.22	  -4.756844e+00
13.23	  -4.752517e+00
13.24	  -4.748198e+00
13.25	  -4.743886e+00
13.26	  -4.739581e+00
13.27	  -4.735283e+00
13.28	  -4.730993e+00
13.29	  -4.726709e+00
13.30	  -4.722433e+00
13.31	  -4.718164e+00
13.32	  -4.713902e+00
13.33	  -4.709647e+00
13.34	  -4.705399e+00
13.35	  -4.701158e+00
13.36	  -4.696924e+00
13.37	  -4.692697e+00
13.38	  -4.688477e+00
13.39	  -4.684264e+00
13.40	  -4.680057e+00
13.41	  -4.675858e+00
13.42	  -4.671666e+00
13.43	  -4.667481e+00
13.44	  -4.663303e+00
13.45	  -4.659131e+00
13.46	  -4.654966e+00
13.47	  -4.650809e+00
13.48	  -4.646658e+00
13.49	  -4.642514e+00
13.50	  -4.638376e+00
13.51	  -4.634246e+00
13.52	  -4.630122e+00
13.53	  -4.626005e+00
13.54	  -4.621895e+00
13.55	  -4.617791e+00
13.56	  -4.613694e+00
13.57	  -4.609604e+00
13.58	  -4.605521e+00
13.59	  -4.601444e+00
13.60	  -4.597374e+00
13.61	  -4.593310e+00
13.62	  -4.589253e+00
13.63	  -4.585203e+00
13.64	  -4.581159e+00
13.65	  -4.577122e+00
13.66	  -4.573092e+00
13.67	  -4.569068e+00
13.68	  -4.565050e+00
13.69	  -4.561039e+00
13.70	  -4.557035e+00
13.71	  -4.553037e+00
13.72	  -4.549046e+00
13.73	  -4.545061e+00
13.74	  -4.541082e+00
13.75	  -4.537110e+00
13.76	  -4.533144e+00
13.77	  -4.529185e+00
13.78	  -4.525232e+00
13.79	  -4.521286e+00
13.80	  -4.517346e+00
13.81	  -4.513412e+00
13.82	  -4.509484e+00
13.83	  -4.505563e+00
13.84	  -4.501648e+00
13.85	  -4.497740e+00
13.86	  -4.493837e+00
13.87	  -4.489941e+00
13.88	  -4.486052e+00
13.89	  -4.482168e+00
13.90	  -4.478291e+00
13.91	  -4.474420e+00
13.92	  -4.470555e+00
13.93	  -4.466696e+00
13.94	  -4.462844e+00
13.95	  -4.458997e+00
13.96	  -4.455157e+00
13.97	  -4.451323e+00
13.98	  -4.447495e+00
13.99	  -4.443673e+00
14.00	  -4.439857e+00
14.01	  -4.436047e+00
14.02	  -4.432244e+00
14.03	  -4.428446e+00
14.04	  -4.424654e+00
14.05	  -4.420869e+00
14.06	  -4.417089e+00
14.07	  -4.413316e+00
14.08	  -4.409548e+00
14.09	  -4.405786e+00
14.10	  -4.402031e+00
14.11	  -4.398281e+00
14.12	  -4.394537e+00
14.13	  -4.390799e+00
14.14	  -4.387067e+00
14.15	  -4.383341e+00
14.16	  -4.379621e+00
14.17	  -4.375907e+00
14.18	  -4.372198e+00
14.19	  -4.368496e+00
14.20	  -4.364799e+00
14.21	  -4.361108e+00
14.22	  -4.357422e+00
14.23	  -4.353743e+00
14.24	  -4.350069e+00
14.25	  -4.346402e+00
14.26	  -4.342739e+00
14.27	  -4.339083e+00
14.28	  -4.335432e+00
14.29	  -4.331787e+00
14.30	  -4.328148e+00
14.31	  -4.324515e+00
14.32	  -4.320887e+00
14.33	  -4.317264e+00
14.34	  -4.313648e+00
14.35	  -4.310037e+00
14.36	  -4.306432e+00
14.37	  -4.302832e+00
14.38	  -4.299238e+00
14.39	  -4.295649e+00
14.40	  -4.292066e+00
14.41	  -4.288489e+00
14.42	  -4.284917e+00
14.43	  -4.281351e+00
14.44	  -4.277790e+00
14.45	  -4.274235e+00
14.46	  -4.270685e+00
14.47	  -4.267141e+00
14.48	  -4.263602e+00
14.49	  -4.260069e+00
14.50	  -4.256541e+00
14.51	  -4.253019e+00
14.52	  -4.249502e+00
14.53	  -4.245991e+00
14.54	  -4.242485e+00
14.55	  -4.238984e+00
14.56	  -4.235489e+00
14.57	  -4.231999e+00
14.58	  -4.228514e+00
14.59	  -4.225035e+00
14.60	  -4.221561e+00
14.61	  -4.218093e+00
14.62	  -4.214630e+00
14.63	  -4.211172e+00
14.64	  -4.207719e+00
14.65	  -4.204272e+00
14.66	  -4.200830e+00
14.67	  -4.197393e+00
14.68	  -4.193962e+00
14.69	  -4.190535e+00
14.70	  -4.187114e+00
14.71	  -4.183699e+00
14.72	  -4.180288e+00
14.73	  -4.176883e+00
14.74	  -4.173483e+00
14.75	  -4.170087e+00
14.76	  -4.166698e+00
14.77	  -4.163313e+00
14.78	  -4.159933e+00
14.79	  -4.156559e+00
14.80	  -4.153190e+00
14.81	  -4.149825e+00
14.82	  -4.146466e+00
14.83	  -4.143112e+00
14.84	  -4.139763e+00
14.85	  -4.136420e+00
14.86	  -4.133081e+00
14.87	  -4.129747e+00
14.88	  -4.126418e+00
14.89	  -4.123095e+00
14.90	  -4.119776e+00
14.91	  -4.116462e+00
14.92	  -4.113154e+00
14.93	  -4.109850e+00
14.94	  -4.106551e+00
14.95	  -4.103257e+00
14.96	  -4.099969e+00
14.97	  -4.096685e+00
14.98	  -4.093406e+00
14.99	  -4.090132e+00
15.00	  -4.086863e+00
15.01	  -4.083598e+00
15.02	  -4.080339e+00
15.03	  -4.077085e+00
15.04	  -4.073835e+00
15.05	  -4.070590e+00
15.06	  -4.067351e+00
15.07	  -4.064116e+00
15.08	  -4.060885e+00
15.09	  -4.057660e+00
15.10	  -4.054439e+00
15.11	  -4.051224e+00
15.12	  -4.048013e+00
15.13	  -4.044806e+00
15.14	  -4.041605e+00
15.15	  -4.038408e+00
15.16	  -4.035216e+00
15.17	  -4.032029e+00
15.18	  -4.028847e+00
15.19	  -4.025669e+00
15.20	  -4.022496e+00
15.21	  -4.019327e+00
15.22	  -4.016164e+00
15.23	  -4.013005e+00
15.24	  -4.009851e+00
15.25	  -4.006701e+00
15.26	  -4.003556e+00
15.27	  -4.000415e+00
15.28	  -3.997280e+00
15.29	  -3.994149e+00
15.30	  -3.991022e+00
15.31	  -3.987900e+00
15.32	  -3.984783e+00
15.33	  -3.981670e+00
15.34	  -3.978562e+00
15.35	  -3.975459e+00
15.36	  -3.972360e+00
15.37	  -3.969265e+00
15.38	  -3.966175e+00
15.39	  -3.963090e+00
15.40	  -3.960009e+00
15.41	  -3.956932e+00
15.42	  -3.953861e+00
15.43	  -3.950793e+00
15.44	  -3.947730e+00
15.45	  -3.944672e+00
15.46	  -3.941618e+00
15.47	  -3.938568e+00
15.48	  -3.935523e+00
15.49	  -3.932483e+00
15.50	  -3.929446e+00
15.51	  -3.926414e+00
15.52	  -3.923387e+00
15.53	  -3.920364e+00
15.54	  -3.917345e+00
15.55	  -3.914331e+00
15.56	  -3.911321e+00
15.57	  -3.908316e+00
15.58	  -3.905315e+00
15.59	  -3.902318e+00
15.60	  -3.899325e+00
15.61	  -3.896337e+00
15.62	  -3.893354e+00
15.63	  -3.890374e+00
15.64	  -3.887399e+00
15.65	  -3.884428e+00
15.66	  -3.881461e+00
15.67	  -3.878499e+00
15.68	  -3.875541e+00
15.69	  -3.872587e+00
15.70	  -3.869637e+00
15.71	  -3.866692e+00
15.72	  -3.863751e+00
15.73	  -3.860814e+00
15.74	  -3.857881e+00
15.75	  -3.854953e+00
15.76	  -3.852029e+00
15.77	  -3.849109e+00
15.78	  -3.846193e+00
15.79	  -3.843281e+00
15.80	  -3.840373e+00
15.81	  -3.837470e+00
15.82	  -3.834571e+00
15.83	  -3.831676e+00
15.84	  -3.828785e+00
15.85	  -3.825898e+00
15.86	  -3.823015e+00
15.87	  -3.820136e+00
15.88	  -3.817262e+00
15.89	  -3.814391e+00
15.90	  -3.811525e+00
15.91	  -3.808663e+00
15.92	  -3.805804e+00
15.93	  -3.802950e+00
15.94	  -3.800100e+00
15.95	  -3.797254e+00
15.96	  -3.794412e+00
15.97	  -3.791574e+00
15.98	  -3.788740e+00
15.99	  -3.785910e+00
16.00	  -3.783084e+00
16.01	  -3.780262e+00
16.02	  -3.777444e+00
16.03	  -3.774630e+00
16.04	  -3.771819e+00
16.05	  -3.769013e+00
16.06	  -3.766211e+00
16.07	  -3.763413e+00
16.08	  -3.760619e+00
16.09	  -3.757828e+00
16.10	  -3.755042e+00
16.11	  -3.752259e+00
16.12	  -3.749480e+00
16.13	  -3.746706e+00
16.14	  -3.743935e+00
16.15	  -3.741168e+00
16.16	  -3.738405e+00
16.17	  -3.735645e+00
16.18	  -3.732890e+00
16.19	  -3.730139e+00
16.20	  -3.727391e+00
16.21	  -3.724647e+00
16.22	  -3.721907e+00
16.23	  -3.719171e+00
16.24	  -3.716438e+00
16.25	  -3.713710e+00
16.26	  -3.710985e+00
16.27	  -3.708264e+00
16.28	  -3.705547e+00
16.29	  -3.702833e+00
16.30	  -3.700124e+00
16.31	  -3.697418e+00
16.32	  -3.694716e+00
16.33	  -3.692017e+00
16.34	  -3.689323e+00
16.35	  -3.686632e+00
16.36	  -3.683944e+00
16.37	  -3.681261e+00
16.38	  -3.678581e+00
16.39	  -3.675905e+00
16.40	  -3.673233e+00
16.41	  -3.670564e+00
16.42	  -3.667899e+00
16.43	  -3.665238e+00
16.44	  -3.662580e+00
16.45	  -3.659926e+00
16.46	  -3.657275e+00
16.47	  -3.654629e+00
16.48	  -3.651986e+00
16.49	  -3.649346e+00
16.50	  -3.646710e+00
16.51	  -3.644078e+00
16.52	  -3.641449e+00
16.53	  -3.638824e+00
16.54	  -3.636203e+00
16.55	  -3.633585e+00
16.56	  -3.630971e+00
16.57	  -3.628360e+00
16.58	  -3.625753e+00
16.59	  -3.623150e+00
16.60	  -3.620550e+00
16.61	  -3.617953e+00
16.62	  -3.615360e+00
16.63	  -3.612771e+00
16.64	  -3.610185e+00
16.65	  -3.607603e+00
16.66	  -3.605024e+00
16.67	  -3.602449e+00
16.68	  -3.599877e+00
16.69	  -3.597308e+00
16.70	  -3.594744e+00
16.71	  -3.592182e+00
16.72	  -3.589624e+00
16.73	  -3.587070e+00
16.74	  -3.584519e+00
16.75	  -3.581972e+00
16.76	  -3.579427e+00
16.77	  -3.576887e+00
16.78	  -3.574350e+00
16.79	  -3.571816e+00
16.80	  -3.569285e+00
16.81	  -3.566759e+00
16.82	  -3.564235e+00
16.83	  -3.561715e+00
16.84	  -3.559198e+00
16.85	  -3.556685e+00
16.86	  -3.554175e+00
16.87	  -3.551668e+00
16.88	  -3.549165e+00
16.89	  -3.546665e+00
16.90	  -3.544169e+00
16.91	  -3.541675e+00
16.92	  -3.539186e+00
16.93	  -3.536699e+00
16.94	  -3.534216e+00
16.95	  -3.531736e+00
16.96	  -3.529259e+00
16.97	  -3.526786e+00
16.98	  -3.524316e+00
16.99	  -3.521850e+00
17.00	  -3.519386e+00
17.01	  -3.516926e+00
17.02	  -3.514470e+00
17.03	  -3.512016e+00
17.04	  -3.509566e+00
17.05	  -3.507119e+00
17.06	  -3.504675e+00
17.07	  -3.502235e+00
17.08	  -3.499797e+00
17.09	  -3.497363e+00
17.10	  -3.494933e+00
17.11	  -3.492505e+00
17.12	  -3.490081e+00
17.13	  -3.487660e+00
17.14	  -3.485242e+00
17.15	  -3.482827e+00
17.16	  -3.480415e+00
17.17	  -3.478007e+00
17.18	  -3.475602e+00
17.19	  -3.473200e+00
17.20	  -3.470801e+00
17.21	  -3.468405e+00
17.22	  -3.466013e+00
17.23	  -3.463624e+00
17.24	  -3.461237e+00
17.25	  -3.458854e+00
17.26	  -3.456474e+00
17.27	  -3.454097e+00
17.28	  -3.451724e+00
17.29	  -3.449353e+00
17.30	  -3.446986e+00
17.31	  -3.444621e+00
17.32	  -3.442260e+00
17.33	  -3.439902e+00
17.34	  -3.437547e+00
17.35	  -3.435195e+00
17.36	  -3.432846e+00
17.37	  -3.430500e+00
17.38	  -3.428157e+00
17.39	  -3.425817e+00
17.40	  -3.423481e+00
17.41	  -3.421147e+00
17.42	  -3.418816e+00
17.43	  -3.416489e+00
17.44	  -3.414164e+00
17.45	  -3.411843e+00
17.46	  -3.409524e+00
17.47	  -3.407209e+00
17.48	  -3.404896e+00
17.49	  -3.402587e+00
17.50	  -3.400280e+00
17.51	  -3.397977e+00
17.52	  -3.395676e+00
17.53	  -3.393379e+00
17.54	  -3.391084e+00
17.55	  -3.388793e+00
17.56	  -3.386504e+00
17.57	  -3.384218e+00
17.58	  -3.381935e+00
17.59	  -3.379656e+00
17.60	  -3.377379e+00
17.61	  -3.375105e+00
17.62	  -3.372834e+00
17.63	  -3.370566e+00
17.64	  -3.368301e+00
17.65	  -3.366038e+00
17.66	  -3.363779e+00
17.67	  -3.361523e+00
17.68	  -3.359269e+00
17.69	  -3.357019e+00
17.70	  -3.354771e+00
17.71	  -3.352526e+00
17.72	  -3.350284e+00
17.73	  -3.348045e+00
17.74	  -3.345809e+00
17.75	  -3.343575e+00
17.76	  -3.341345e+00
17.77	  -3.339117e+00
17.78	  -3.336892e+00
17.79	  -3.334670e+00
17.80	  -3.332451e+00
17.81	  -3.330235e+00
17.82	  -3.328021e+00
17.83	  -3.325810e+00
17.84	  -3.323602e+00
17.85	  -3.321397e+00
17.86	  -3.319195e+00
17.87	  -3.316996e+00
17.88	  -3.314799e+00
17.89	  -3.312605e+00
17.90	  -3.310414e+00
17.91	  -3.308225e+00
17.92	  -3.306040e+00
17.93	  -3.303857e+00
17.94	  -3.301677e+00
17.95	  -3.299500e+00
17.96	  -3.297325e+00
17.97	  -3.295153e+00
17.98	  -3.292984e+00
17.99	  -3.290818e+00
18.00	  -3.288655e+00
18.01	  -3.286494e+00
18.02	  -3.284336e+00
18.03	  -3.282180e+00
18.04	  -3.280027e+00
18.05	  -3.277877e+00
18.06	  -3.275730e+00
18.07	  -3.273586e+00
18.08	  -3.271444e+00
18.09	  -3.269304e+00
18.10	  -3.267168e+00
18.11	  -3.265034e+00
18.12	  -3.262903e+00
18.13	  -3.260774e+00
18.14	  -3.258649e+00
18.15	  -3.256525e+00
18.16	  -3.254405e+00
18.17	  -3.252287e+00
18.18	  -3.250172e+00
18.19	  -3.248059e+00
18.20	  -3.245949e+00
18.21	  -3.243842e+00
18.22	  -3.241737e+00
18.23	  -3.239635e+00
18.24	  -3.237536e+00
18.25	  -3.235439e+00
18.26	  -3.233345e+00
18.27	  -3.231253e+00
18.28	  -3.229164e+00
18.29	  -3.227078e+00
18.30	  -3.224994e+00
18.31	  -3.222912e+00
18.32	  -3.220834e+00
18.33	  -3.218758e+00
18.34	  -3.216684e+00
18.35	  -3.214613e+00
18.36	  -3.212545e+00
18.37	  -3.210479e+00
18.38	  -3.208416e+00
18.39	  -3.206355e+00
18.40	  -3.204297e+00
18.41	  -3.202241e+00
18.42	  -3.200188e+00
18.43	  -3.198137e+00
18.44	  -3.196089e+00
18.45	  -3.194044e+00
18.46	  -3.192000e+00
18.47	  -3.189960e+00
18.48	  -3.187922e+00
18.49	  -3.185886e+00
18.50	  -3.183853e+00
18.51	  -3.181823e+00
18.52	  -3.179795e+00
18.53	  -3.177769e+00
18.54	  -3.175746e+00
18.55	  -3.173725e+00
18.56	  -3.171707e+00
18.57	  -3.169692e+00
18.58	  -3.167678e+00
18.59	  -3.165668e+00
18.60	  -3.163659e+00
18.61	  -3.161654e+00
18.62	  -3.159650e+00
18.63	  -3.157649e+00
18.64	  -3.155651e+00
18.65	  -3.153655e+00
18.66	  -3.151661e+00
18.67	  -3.149670e+00
18.68	  -3.147681e+00
18.69	  -3.145695e+00
18.70	  -3.143711e+00
18.71	  -3.141729e+00
18.72	  -3.139750e+00
18.73	  -3.137773e+00
18.74	  -3.135799e+00
18.75	  -3.133827e+00
18.76	  -3.131857e+00
18.77	  -3.129890e+00
18.78	  -3.127925e+00
18.79	  -3.125963e+00
18.80	  -3.124003e+00
18.81	  -3.122045e+00
18.82	  -3.120090e+00
18.83	  -3.118137e+00
18.84	  -3.116186e+00
18.85	  -3.114238e+00
18.86	  -3.112292e+00
18.87	  -3.110348e+00
18.88	  -3.108407e+00
18.89	  -3.106468e+00
18.90	  -3.104531e+00
18.91	  -3.102597e+00
18.92	  -3.100665e+00
18.93	  -3.098735e+00
18.94	  -3.096808e+00
18.95	  -3.094883e+00
18.96	  -3.092960e+00
18.97	  -3.091040e+00
18.98	  -3.089122e+00
18.99	  -3.087206e+00
19.00	  -3.085292e+00
19.01	  -3.083381e+00
19.02	  -3.081472e+00
19.03	  -3.079565e+00
19.04	  -3.077661e+00
19.05	  -3.075759e+00
19.06	  -3.073859e+00
19.07	  -3.071961e+00
19.08	  -3.070066e+00
19.09	  -3.068173e+00
19.10	  -3.066282e+00
19.11	  -3.064393e+00
19.12	  -3.062507e+00
19.13	  -3.060623e+00
19.14	  -3.058741e+00
19.15	  -3.056861e+00
19.16	  -3.054984e+00
19.17	  -3.053109e+00
19.18	  -3.051236e+00
19.19	  -3.049365e+00
19.20	  -3.047496e+00
19.21	  -3.045630e+00
19.22	  -3.043766e+00
19.23	  -3.041904e+00
19.24	  -3.040044e+00
19.25	  -3.038187e+00
19.26	  -3.036331e+00
19.27	  -3.034478e+00
19.28	  -3.032627e+00
19.29	  -3.030778e+00
19.30	  -3.028932e+00
19.31	  -3.027087e+00
19.32	  -3.025245e+00
19.33	  -3.023405e+00
19.34	  -3.021567e+00
19.35	  -3.019731e+00
19.36	  -3.017897e+00
19.37	  -3.016066e+00
19.38	  -3.014236e+00
19.39	  -3.012409e+00
19.40	  -3.010584e+00
19.41	  -3.008761e+00
19.42	  -3.006940e+00
19.43	  -3.005121e+00
19.44	  -3.003305e+00
19.45	  -3.001490e+00
19.46	  -2.999678e+00
19.47	  -2.997868e+00
19.48	  -2.996059e+00
19.49	  -2.994253e+00
19.50	  -2.992450e+00
19.51	  -2.990648e+00
19.52	  -2.988848e+00
19.53	  -2.987050e+00
19.54	  -2.985255e+00
19.55	  -2.983461e+00
19.56	  -2.981670e+00
19.57	  -2.979881e+00
19.58	  -2.978093e+00
19.59	  -2.976308e+00
19.60	  -2.974525e+00
19.61	  -2.972744e+00
19.62	  -2.970965e+00
19.63	  -2.969188e+00
19.64	  -2.967413e+00
19.65	  -2.965641e+00
19.66	  -2.963870e+00
19.67	  -2.962101e+00
19.68	  -2.960334e+00
19.69	  -2.958570e+00
19.70	  -2.956807e+00
19.71	  -2.955046e+00
19.72	  -2.953288e+00
19.73	  -2.951531e+00
19.74	  -2.949777e+00
19.75	  -2.948024e+00
19.76	  -2.946274e+00
19.77	  -2.944525e+00
19.78	  -2.942779e+00
19.79	  -2.941034e+00
19.80	  -2.939292e+00
19.81	  -2.937552e+00
19.82	  -2.935813e+00
19.83	  -2.934077e+00
19.84	  -2.932342e+00
19.85	  -2.930610e+00
19.86	  -2.928879e+00
19.87	  -2.927150e+00
19.88	  -2.925424e+00
19.89	  -2.923699e+00
19.90	  -2.921977e+00
19.91	  -2.920256e+00
19.92	  -2.918537e+00
19.93	  -2.916820e+00
19.94	  -2.915105e+00
19.95	  -2.913393e+00
19.96	  -2.911682e+00
19.97	  -2.909973e+00
19.98	  -2.908266e+00
19.99	  -2.906561e+00
20.00	  -2.904857e+00
