 0.01	            nan	            nan
 0.02	            nan	            nan
 0.03	            nan	            nan
 0.04	            nan	            nan
 0.05	            nan	            nan
 0.06	            nan	            nan
 0.07	            nan	            nan
 0.08	  -5.000000e+01	   5.684342e-12
 0.09	  -5.000000e+01	   4.491332e-12
 0.10	  -5.000000e+01	   0.000000e+00
 0.11	  -5.000000e+01	   0.000000e+00
 0.12	  -5.000000e+01	   0.000000e+00
 0.13	  -5.000000e+01	   0.000000e+00
 0.14	  -5.000000e+01	   0.000000e+00
 0.15	  -5.000000e+01	   0.000000e+00
 0.16	  -5.000000e+01	   0.000000e+00
 0.17	  -5.000000e+01	   0.000000e+00
 0.18	  -5.000000e+01	   0.000000e+00
 0.19	  -5.000000e+01	   0.000000e+00
 0.20	  -5.000000e+01	  -9.094947e-13
 0.21	  -5.000000e+01	   4.124693e-13
 0.22	  -5.000000e+01	   3.758243e-13
 0.23	  -5.000000e+01	   0.000000e+00
 0.24	  -5.000000e+01	   3.789561e-12
 0.25	  -5.000000e+01	   1.251465e-11
 0.26	  -5.000000e+01	   4.090035e-11
 0.27	  -5.000000e+01	   1.187708e-10
 0.28	  -5.000000e+01	   3.187872e-10
 0.29	  -5.000000e+01	   7.957268e-10
 0.30	  -5.000000e+01	   1.864868e-09
 0.31	  -5.000000e+01	   4.129163e-09
 0.32	  -5.000000e+01	   8.680168e-09
 0.33	  -5.000000e+01	   1.741102e-08
 0.34	  -5.000000e+01	   3.346122e-08
 0.35	  -5.000000e+01	   6.184935e-08
 0.36	  -5.000000e+01	   1.103099e-07
 0.37	  -5.000000e+01	   1.903989e-07
 0.38	  -5.000000e+01	   3.188774e-07
 0.39	  -5.000000e+01	   5.194154e-07
 0.40	  -5.000000e+01	   8.246300e-07
 0.41	  -5.000000e+01	   1.278459e-06
 0.42	  -5.000000e+01	   1.938869e-06
 0.43	  -5.000000e+01	   2.880872e-06
 0.44	  -5.000000e+01	   4.199829e-06
 0.45	  -5.000000e+01	   6.014974e-06
 0.46	  -4.999999e+01	   8.473130e-06
 0.47	  -4.999999e+01	   1.175253e-05
 0.48	  -4.999999e+01	   1.606668e-05
 0.49	  -4.999998e+01	   2.166820e-05
 0.50	  -4.999998e+01	   2.885255e-05
 0.51	  -4.999997e+01	   3.796161e-05
 0.52	  -4.999996e+01	   4.938695e-05
 0.53	  -4.999994e+01	   6.357288e-05
 0.54	  -4.999993e+01	   8.101905e-05
 0.55	  -4.999990e+01	   1.022827e-04
 0.56	  -4.999987e+01	   1.279806e-04
 0.57	  -4.999984e+01	   1.587899e-04
 0.58	  -4.999979e+01	   1.954498e-04
 0.59	  -4.999974e+01	   2.387608e-04
 0.60	  -4.999967e+01	   2.895857e-04
 0.61	  -4.999960e+01	   3.488480e-04
 0.62	  -4.999950e+01	   4.175315e-04
 0.63	  -4.999939e+01	   4.966784e-04
 0.64	  -4.999925e+01	   5.873873e-04
 0.65	  -4.999909e+01	   6.908114e-04
 0.66	  -4.999890e+01	   8.081552e-04
 0.67	  -4.999869e+01	   9.406719e-04
 0.68	  -4.999843e+01	   1.089661e-03
 0.69	  -4.999814e+01	   1.256462e-03
 0.70	  -4.999780e+01	   1.442455e-03
 0.71	  -4.999742e+01	   1.649055e-03
 0.72	  -4.999698e+01	   1.877707e-03
 0.73	  -4.999648e+01	   2.129883e-03
 0.74	  -4.999591e+01	   2.407080e-03
 0.75	  -4.999527e+01	   2.710812e-03
 0.76	  -4.999455e+01	   3.042613e-03
 0.77	  -4.999375e+01	   3.404024e-03
 0.78	  -4.999285e+01	   3.796599e-03
 0.79	  -4.999184e+01	   4.221895e-03
 0.80	  -4.999073e+01	   4.681472e-03
 0.81	  -4.998950e+01	   5.176886e-03
 0.82	  -4.998814e+01	   5.709692e-03
 0.83	  -4.998664e+01	   6.281436e-03
 0.84	  -4.998500e+01	   6.893654e-03
 0.85	  -4.998319e+01	   7.547872e-03
 0.86	  -4.998122e+01	   8.245600e-03
 0.87	  -4.997907e+01	   8.988331e-03
 0.88	  -4.997672e+01	   9.777541e-03
 0.89	  -4.997417e+01	   1.061469e-02
 0.90	  -4.997141e+01	   1.150120e-02
 0.91	  -4.996842e+01	   1.243850e-02
 0.92	  -4.996519e+01	   1.342797e-02
 0.93	  -4.996170e+01	   1.447098e-02
 0.94	  -4.995795e+01	   1.556886e-02
 0.95	  -4.995391e+01	   1.672293e-02
 0.96	  -4.994958e+01	   1.793449e-02
 0.97	  -4.994494e+01	   1.920478e-02
 0.98	  -4.993997e+01	   2.053506e-02
 0.99	  -4.993467e+01	   2.192653e-02
 1.00	  -4.992900e+01	   2.338038e-02
 1.01	  -4.992297e+01	   2.489777e-02
 1.02	  -4.991655e+01	   2.647984e-02
 1.03	  -4.990973e+01	   2.812771e-02
 1.04	  -4.990248e+01	   2.984246e-02
 1.05	  -4.989480e+01	   3.162516e-02
 1.06	  -4.988666e+01	   3.347686e-02
 1.07	  -4.987805e+01	   3.539860e-02
 1.08	  -4.986896e+01	   3.739137e-02
 1.09	  -4.985935e+01	   3.945618e-02
 1.10	  -4.984922e+01	   4.159400e-02
 1.11	  -4.983855e+01	   4.380580e-02
 1.12	  -4.982731e+01	   4.609252e-02
 1.13	  -4.981550e+01	   4.845510e-02
 1.14	  -4.980308e+01	   5.089447e-02
 1.15	  -4.979004e+01	   5.341155e-02
 1.16	  -4.977637e+01	   5.600726e-02
 1.17	  -4.976203e+01	   5.868251e-02
 1.18	  -4.974702e+01	   6.143819e-02
 1.19	  -4.973131e+01	   6.427523e-02
 1.20	  -4.971487e+01	   6.719452e-02
 1.21	  -4.969770e+01	   7.019698e-02
 1.22	  -4.967977e+01	   7.328352e-02
 1.23	  -4.966105e+01	   7.645507e-02
 1.24	  -4.964153e+01	   7.971255e-02
 1.25	  -4.962119e+01	   8.305691e-02
 1.26	  -4.960000e+01	   8.648910e-02
 1.27	  -4.957794e+01	   9.001010e-02
 1.28	  -4.955499e+01	   9.362088e-02
 1.29	  -4.953112e+01	   9.732245e-02
 1.30	  -4.950632e+01	   1.011158e-01
 1.31	  -4.948055e+01	   1.050021e-01
 1.32	  -4.945381e+01	   1.089823e-01
 1.33	  -4.942606e+01	   1.130575e-01
 1.34	  -4.939727e+01	   1.172288e-01
 1.35	  -4.936743e+01	   1.214975e-01
 1.36	  -4.933651e+01	   1.258646e-01
 1.37	  -4.930449e+01	   1.303315e-01
 1.38	  -4.927134e+01	   1.348992e-01
 1.39	  -4.923703e+01	   1.395692e-01
 1.40	  -4.920155e+01	   1.443426e-01
 1.41	  -4.916485e+01	   1.492209e-01
 1.42	  -4.912693e+01	   1.542054e-01
 1.43	  -4.908774e+01	   1.592974e-01
 1.44	  -4.904727e+01	   1.644986e-01
 1.45	  -4.900548e+01	   1.698102e-01
 1.46	  -4.896236e+01	   1.752337e-01
 1.47	  -4.891786e+01	   1.807708e-01
 1.48	  -4.887196e+01	   1.864229e-01
 1.49	  -4.882464e+01	   1.921915e-01
 1.50	  -4.877586e+01	   1.980783e-01
 1.51	  -4.872559e+01	   2.040849e-01
 1.52	  -4.867380e+01	   2.102128e-01
 1.53	  -4.862047e+01	   2.164636e-01
 1.54	  -4.856556e+01	   2.228389e-01
 1.55	  -4.850904e+01	   2.293404e-01
 1.56	  -4.845088e+01	   2.359695e-01
 1.57	  -4.839105e+01	   2.427279e-01
 1.58	  -4.832951e+01	   2.496170e-01
 1.59	  -4.826623e+01	   2.566384e-01
 1.60	  -4.820117e+01	   2.637934e-01
 1.61	  -4.813432e+01	   2.710835e-01
 1.62	  -4.806562e+01	   2.785098e-01
 1.63	  -4.799505e+01	   2.860737e-01
 1.64	  -4.792257e+01	   2.937761e-01
 1.65	  -4.784815e+01	   3.016182e-01
 1.66	  -4.777175e+01	   3.096007e-01
 1.67	  -4.769334e+01	   3.177244e-01
 1.68	  -4.761288e+01	   3.259899e-01
 1.69	  -4.753033e+01	   3.343976e-01
 1.70	  -4.744567e+01	   3.429476e-01
 1.71	  -4.735885e+01	   3.516399e-01
 1.72	  -4.726984e+01	   3.604744e-01
 1.73	  -4.717860e+01	   3.694505e-01
 1.74	  -4.708510e+01	   3.785675e-01
 1.75	  -4.698930e+01	   3.878243e-01
 1.76	  -4.689118e+01	   3.972197e-01
 1.77	  -4.679068e+01	   4.067520e-01
 1.78	  -4.668779e+01	   4.164192e-01
 1.79	  -4.658246e+01	   4.262190e-01
 1.80	  -4.647467e+01	   4.361486e-01
 1.81	  -4.636438e+01	   4.462049e-01
 1.82	  -4.625156e+01	   4.563845e-01
 1.83	  -4.613617e+01	   4.666834e-01
 1.84	  -4.601820e+01	   4.770972e-01
 1.85	  -4.589762e+01	   4.876210e-01
 1.86	  -4.577438e+01	   4.982496e-01
 1.87	  -4.564848e+01	   5.089771e-01
 1.88	  -4.551989e+01	   5.197973e-01
 1.89	  -4.538858e+01	   5.307035e-01
 1.90	  -4.525453e+01	   5.416883e-01
 1.91	  -4.511773e+01	   5.527440e-01
 1.92	  -4.497815e+01	   5.638624e-01
 1.93	  -4.483579e+01	   5.750346e-01
 1.94	  -4.469063e+01	   5.862513e-01
 1.95	  -4.454266e+01	   5.975030e-01
 1.96	  -4.439188e+01	   6.087792e-01
 1.97	  -4.423827e+01	   6.200692e-01
 1.98	  -4.408184e+01	   6.313620e-01
 1.99	  -4.392259e+01	   6.426459e-01
 2.00	  -4.376052e+01	   6.539090e-01
 2.01	  -4.359564e+01	   6.651387e-01
 2.02	  -4.342796e+01	   6.763224e-01
 2.03	  -4.325748e+01	   6.874470e-01
 2.04	  -4.308424e+01	   6.984992e-01
 2.05	  -4.290824e+01	   7.094652e-01
 2.06	  -4.272951e+01	   7.203312e-01
 2.07	  -4.254809e+01	   7.310832e-01
 2.08	  -4.236398e+01	   7.417071e-01
 2.09	  -4.217724e+01	   7.521885e-01
 2.10	  -4.198790e+01	   7.625132e-01
 2.11	  -4.179600e+01	   7.726669e-01
 2.12	  -4.160158e+01	   7.826353e-01
 2.13	  -4.140470e+01	   7.924043e-01
 2.14	  -4.120540e+01	   8.019600e-01
 2.15	  -4.100374e+01	   8.112886e-01
 2.16	  -4.079978e+01	   8.203766e-01
 2.17	  -4.059357e+01	   8.292108e-01
 2.18	  -4.038519e+01	   8.377784e-01
 2.19	  -4.017471e+01	   8.460671e-01
 2.20	  -3.996218e+01	   8.540648e-01
 2.21	  -3.974770e+01	   8.617602e-01
 2.22	  -3.953133e+01	   8.691424e-01
 2.23	  -3.931315e+01	   8.762011e-01
 2.24	  -3.909326e+01	   8.829266e-01
 2.25	  -3.887172e+01	   8.893101e-01
 2.26	  -3.864863e+01	   8.953431e-01
 2.27	  -3.842408e+01	   9.010183e-01
 2.28	  -3.819815e+01	   9.063287e-01
 2.29	  -3.797094e+01	   9.112684e-01
 2.30	  -3.774255e+01	   9.158321e-01
 2.31	  -3.751306e+01	   9.200156e-01
 2.32	  -3.728257e+01	   9.238150e-01
 2.33	  -3.705119e+01	   9.272278e-01
 2.34	  -3.681899e+01	   9.302520e-01
 2.35	  -3.658609e+01	   9.328864e-01
 2.36	  -3.635258e+01	   9.351309e-01
 2.37	  -3.611856e+01	   9.369858e-01
 2.38	  -3.588412e+01	   9.384525e-01
 2.39	  -3.564936e+01	   9.395332e-01
 2.40	  -3.541439e+01	   9.402306e-01
 2.41	  -3.517928e+01	   9.405483e-01
 2.42	  -3.494414e+01	   9.404907e-01
 2.43	  -3.470907e+01	   9.400627e-01
 2.44	  -3.447414e+01	   9.392699e-01
 2.45	  -3.423946e+01	   9.381186e-01
 2.46	  -3.400511e+01	   9.366156e-01
 2.47	  -3.377118e+01	   9.347682e-01
 2.48	  -3.353776e+01	   9.325843e-01
 2.49	  -3.330492e+01	   9.300723e-01
 2.50	  -3.307275e+01	   9.272409e-01
 2.51	  -3.284132e+01	   9.240993e-01
 2.52	  -3.261072e+01	   9.206569e-01
 2.53	  -3.238102e+01	   9.169237e-01
 2.54	  -3.215228e+01	   9.129095e-01
 2.55	  -3.192459e+01	   9.086249e-01
 2.56	  -3.169799e+01	   9.040803e-01
 2.57	  -3.147257e+01	   8.992862e-01
 2.58	  -3.124837e+01	   8.942536e-01
 2.59	  -3.102546e+01	   8.889933e-01
 2.60	  -3.080389e+01	   8.835162e-01
 2.61	  -3.058372e+01	   8.778332e-01
 2.62	  -3.036499e+01	   8.719551e-01
 2.63	  -3.014776e+01	   8.658930e-01
 2.64	  -2.993206e+01	   8.596576e-01
 2.65	  -2.971794e+01	   8.532595e-01
 2.66	  -2.950544e+01	   8.467093e-01
 2.67	  -2.929460e+01	   8.400175e-01
 2.68	  -2.908544e+01	   8.331944e-01
 2.69	  -2.887801e+01	   8.262500e-01
 2.70	  -2.867233e+01	   8.191941e-01
 2.71	  -2.846842e+01	   8.120365e-01
 2.72	  -2.826632e+01	   8.047866e-01
 2.73	  -2.806604e+01	   7.974536e-01
 2.74	  -2.786760e+01	   7.900463e-01
 2.75	  -2.767102e+01	   7.825735e-01
 2.76	  -2.747632e+01	   7.750436e-01
 2.77	  -2.728350e+01	   7.674646e-01
 2.78	  -2.709259e+01	   7.598445e-01
 2.79	  -2.690358e+01	   7.521907e-01
 2.80	  -2.671649e+01	   7.445106e-01
 2.81	  -2.653133e+01	   7.368111e-01
 2.82	  -2.634809e+01	   7.290990e-01
 2.83	  -2.616678e+01	   7.213805e-01
 2.84	  -2.598740e+01	   7.136619e-01
 2.85	  -2.580995e+01	   7.059490e-01
 2.86	  -2.563442e+01	   6.982473e-01
 2.87	  -2.546082e+01	   6.905620e-01
 2.88	  -2.528914e+01	   6.828983e-01
 2.89	  -2.511937e+01	   6.752608e-01
 2.90	  -2.495151e+01	   6.676540e-01
 2.91	  -2.478554e+01	   6.600821e-01
 2.92	  -2.462146e+01	   6.525491e-01
 2.93	  -2.445926e+01	   6.450587e-01
 2.94	  -2.429893e+01	   6.376143e-01
 2.95	  -2.414045e+01	   6.302193e-01
 2.96	  -2.398382e+01	   6.228767e-01
 2.97	  -2.382901e+01	   6.155892e-01
 2.98	  -2.367602e+01	   6.083596e-01
 2.99	  -2.352482e+01	   6.011901e-01
 3.00	  -2.337542e+01	   5.940831e-01
 3.01	  -2.322778e+01	   5.870405e-01
 3.02	  -2.308189e+01	   5.800642e-01
 3.03	  -2.293774e+01	   5.731558e-01
 3.04	  -2.279531e+01	   5.663170e-01
 3.05	  -2.265457e+01	   5.595491e-01
 3.06	  -2.251553e+01	   5.528532e-01
 3.07	  -2.237814e+01	   5.462304e-01
 3.08	  -2.224240e+01	   5.396818e-01
 3.09	  -2.210829e+01	   5.332080e-01
 3.10	  -2.197579e+01	   5.268098e-01
 3.11	  -2.184488e+01	   5.204877e-01
 3.12	  -2.171554e+01	   5.142422e-01
 3.13	  -2.158776e+01	   5.080738e-01
 3.14	  -2.146150e+01	   5.019825e-01
 3.15	  -2.133676e+01	   4.959686e-01
 3.16	  -2.121351e+01	   4.900322e-01
 3.17	  -2.109174e+01	   4.841733e-01
 3.18	  -2.097142e+01	   4.783917e-01
 3.19	  -2.085253e+01	   4.726874e-01
 3.20	  -2.073507e+01	   4.670602e-01
 3.21	  -2.061900e+01	   4.615097e-01
 3.22	  -2.050431e+01	   4.560356e-01
 3.23	  -2.039097e+01	   4.506375e-01
 3.24	  -2.027898e+01	   4.453151e-01
 3.25	  -2.016831e+01	   4.400677e-01
 3.26	  -2.005894e+01	   4.348949e-01
 3.27	  -1.995086e+01	   4.297962e-01
 3.28	  -1.984404e+01	   4.247708e-01
 3.29	  -1.973846e+01	   4.198182e-01
 3.30	  -1.963412e+01	   4.149377e-01
 3.31	  -1.953099e+01	   4.101286e-01
 3.32	  -1.942905e+01	   4.053902e-01
 3.33	  -1.932829e+01	   4.007217e-01
 3.34	  -1.922868e+01	   3.961224e-01
 3.35	  -1.913022e+01	   3.915915e-01
 3.36	  -1.903288e+01	   3.871282e-01
 3.37	  -1.893665e+01	   3.827317e-01
 3.38	  -1.884151e+01	   3.784012e-01
 3.39	  -1.874745e+01	   3.741358e-01
 3.40	  -1.865444e+01	   3.699347e-01
 3.41	  -1.856247e+01	   3.657970e-01
 3.42	  -1.847153e+01	   3.617220e-01
 3.43	  -1.838161e+01	   3.577086e-01
 3.44	  -1.829268e+01	   3.537562e-01
 3.45	  -1.820472e+01	   3.498638e-01
 3.46	  -1.811774e+01	   3.460305e-01
 3.47	  -1.803170e+01	   3.422555e-01
 3.48	  -1.794661e+01	   3.385379e-01
 3.49	  -1.786243e+01	   3.348769e-01
 3.50	  -1.777916e+01	   3.312716e-01
 3.51	  -1.769679e+01	   3.277212e-01
 3.52	  -1.761530e+01	   3.242247e-01
 3.53	  -1.753467e+01	   3.207815e-01
 3.54	  -1.745490e+01	   3.173906e-01
 3.55	  -1.737597e+01	   3.140511e-01
 3.56	  -1.729787e+01	   3.107624e-01
 3.57	  -1.722059e+01	   3.075235e-01
 3.58	  -1.714411e+01	   3.043337e-01
 3.59	  -1.706842e+01	   3.011921e-01
 3.60	  -1.699351e+01	   2.980980e-01
 3.61	  -1.691936e+01	   2.950505e-01
 3.62	  -1.684598e+01	   2.920490e-01
 3.63	  -1.677334e+01	   2.890925e-01
 3.64	  -1.670143e+01	   2.861805e-01
 3.65	  -1.663024e+01	   2.833121e-01
 3.66	  -1.655977e+01	   2.804866e-01
 3.67	  -1.649000e+01	   2.777032e-01
 3.68	  -1.642091e+01	   2.749613e-01
 3.69	  -1.635251e+01	   2.722601e-01
 3.70	  -1.628478e+01	   2.695990e-01
 3.71	  -1.621771e+01	   2.669772e-01
 3.72	  -1.615129e+01	   2.643941e-01
 3.73	  -1.608551e+01	   2.618490e-01
 3.74	  -1.602036e+01	   2.593413e-01
 3.75	  -1.595583e+01	   2.568703e-01
 3.76	  -1.589192e+01	   2.544353e-01
 3.77	  -1.582861e+01	   2.520358e-01
 3.78	  -1.576590e+01	   2.496711e-01
 3.79	  -1.570378e+01	   2.473407e-01
 3.80	  -1.564223e+01	   2.450439e-01
 3.81	  -1.558125e+01	   2.427801e-01
 3.82	  -1.552084e+01	   2.405488e-01
 3.83	  -1.546097e+01	   2.383493e-01
 3.84	  -1.540166e+01	   2.361813e-01
 3.85	  -1.534288e+01	   2.340440e-01
 3.86	  -1.528463e+01	   2.319370e-01
 3.87	  -1.522691e+01	   2.298597e-01
 3.88	  -1.516970e+01	   2.278116e-01
 3.89	  -1.511300e+01	   2.257923e-01
 3.90	  -1.505680e+01	   2.238011e-01
 3.91	  -1.500110e+01	   2.218377e-01
 3.92	  -1.494588e+01	   2.199015e-01
 3.93	  -1.489115e+01	   2.179920e-01
 3.94	  -1.483688e+01	   2.161088e-01
 3.95	  -1.478309e+01	   2.142515e-01
 3.96	  -1.472976e+01	   2.124196e-01
 3.97	  -1.467688e+01	   2.106126e-01
 3.98	  -1.462445e+01	   2.088302e-01
 3.99	  -1.457246e+01	   2.070718e-01
 4.00	  -1.452091e+01	   2.053371e-01
 4.01	  -1.446979e+01	   2.036257e-01
 4.02	  -1.441909e+01	   2.019372e-01
 4.03	  -1.436882e+01	   2.002712e-01
 4.04	  -1.431896e+01	   1.986272e-01
 4.05	  -1.426950e+01	   1.970050e-01
 4.06	  -1.422045e+01	   1.954041e-01
 4.07	  -1.417180e+01	   1.938242e-01
 4.08	  -1.412354e+01	   1.922649e-01
 4.09	  -1.407567e+01	   1.907259e-01
 4.10	  -1.402817e+01	   1.892068e-01
 4.11	  -1.398106e+01	   1.877073e-01
 4.12	  -1.393432e+01	   1.862271e-01
 4.13	  -1.388795e+01	   1.847659e-01
 4.14	  -1.384193e+01	   1.833232e-01
 4.15	  -1.379628e+01	   1.818989e-01
 4.16	  -1.375098e+01	   1.804926e-01
 4.17	  -1.370603e+01	   1.791040e-01
 4.18	  -1.366143e+01	   1.777328e-01
 4.19	  -1.361717e+01	   1.763787e-01
 4.20	  -1.357324e+01	   1.750414e-01
 4.21	  -1.352964e+01	   1.737207e-01
 4.22	  -1.348638e+01	   1.724164e-01
 4.23	  -1.344344e+01	   1.711280e-01
 4.24	  -1.340081e+01	   1.698554e-01
 4.25	  -1.335851e+01	   1.685982e-01
 4.26	  -1.331651e+01	   1.673564e-01
 4.27	  -1.327483e+01	   1.661295e-01
 4.28	  -1.323345e+01	   1.649174e-01
 4.29	  -1.319237e+01	   1.637198e-01
 4.30	  -1.315159e+01	   1.625365e-01
 4.31	  -1.311110e+01	   1.613673e-01
 4.32	  -1.307090e+01	   1.602119e-01
 4.33	  -1.303099e+01	   1.590701e-01
 4.34	  -1.299136e+01	   1.579417e-01
 4.35	  -1.295202e+01	   1.568265e-01
 4.36	  -1.291295e+01	   1.557242e-01
 4.37	  -1.287416e+01	   1.546347e-01
 4.38	  -1.283563e+01	   1.535578e-01
 4.39	  -1.279738e+01	   1.524933e-01
 4.40	  -1.275938e+01	   1.514409e-01
 4.41	  -1.272165e+01	   1.504005e-01
 4.42	  -1.268418e+01	   1.493719e-01
 4.43	  -1.264697e+01	   1.483550e-01
 4.44	  -1.261000e+01	   1.473495e-01
 4.45	  -1.257329e+01	   1.463552e-01
 4.46	  -1.253683e+01	   1.453721e-01
 4.47	  -1.250060e+01	   1.443998e-01
 4.48	  -1.246462e+01	   1.434383e-01
 4.49	  -1.242888e+01	   1.424874e-01
 4.50	  -1.239338e+01	   1.415470e-01
 4.51	  -1.235811e+01	   1.406168e-01
 4.52	  -1.232307e+01	   1.396967e-01
 4.53	  -1.228826e+01	   1.387866e-01
 4.54	  -1.225368e+01	   1.378863e-01
 4.55	  -1.221932e+01	   1.369957e-01
 4.56	  -1.218518e+01	   1.361147e-01
 4.57	  -1.215126e+01	   1.352430e-01
 4.58	  -1.211756e+01	   1.343805e-01
 4.59	  -1.208407e+01	   1.335272e-01
 4.60	  -1.205079e+01	   1.326828e-01
 4.61	  -1.201773e+01	   1.318473e-01
 4.62	  -1.198487e+01	   1.310206e-01
 4.63	  -1.195221e+01	   1.302024e-01
 4.64	  -1.191977e+01	   1.293927e-01
 4.65	  -1.188752e+01	   1.285913e-01
 4.66	  -1.185547e+01	   1.277982e-01
 4.67	  -1.182362e+01	   1.270132e-01
 4.68	  -1.179196e+01	   1.262361e-01
 4.69	  -1.176050e+01	   1.254670e-01
 4.70	  -1.172923e+01	   1.247056e-01
 4.71	  -1.169815e+01	   1.239519e-01
 4.72	  -1.166725e+01	   1.232057e-01
 4.73	  -1.163654e+01	   1.224670e-01
 4.74	  -1.160602e+01	   1.217357e-01
 4.75	  -1.157567e+01	   1.210115e-01
 4.76	  -1.154551e+01	   1.202945e-01
 4.77	  -1.151553e+01	   1.195846e-01
 4.78	  -1.148572e+01	   1.188816e-01
 4.79	  -1.145608e+01	   1.181855e-01
 4.80	  -1.142662e+01	   1.174961e-01
 4.81	  -1.139734e+01	   1.168133e-01
 4.82	  -1.136822e+01	   1.161372e-01
 4.83	  -1.133927e+01	   1.154675e-01
 4.84	  -1.131048e+01	   1.148042e-01
 4.85	  -1.128186e+01	   1.141473e-01
 4.86	  -1.125341e+01	   1.134966e-01
 4.87	  -1.122512e+01	   1.128520e-01
 4.88	  -1.119698e+01	   1.122135e-01
 4.89	  -1.116901e+01	   1.115809e-01
 4.90	  -1.114119e+01	   1.109543e-01
 4.91	  -1.111353e+01	   1.103335e-01
 4.92	  -1.108602e+01	   1.097184e-01
 4.93	  -1.105867e+01	   1.091090e-01
 4.94	  -1.103147e+01	   1.085052e-01
 4.95	  -1.100442e+01	   1.079070e-01
 4.96	  -1.097752e+01	   1.073142e-01
 4.97	  -1.095076e+01	   1.067268e-01
 4.98	  -1.092415e+01	   1.061447e-01
 4.99	  -1.089769e+01	   1.055678e-01
 5.00	  -1.087137e+01	   1.049962e-01
 5.01	  -1.084519e+01	   1.044296e-01
 5.02	  -1.081915e+01	   1.038681e-01
 5.03	  -1.079325e+01	   1.033116e-01
 5.04	  -1.076750e+01	   1.027600e-01
 5.05	  -1.074187e+01	   1.022133e-01
 5.06	  -1.071639e+01	   1.016714e-01
 5.07	  -1.069104e+01	   1.011342e-01
 5.08	  -1.066582e+01	   1.006017e-01
 5.09	  -1.064074e+01	   1.000739e-01
 5.10	  -1.061578e+01	   9.955056e-02
 5.11	  -1.059096e+01	   9.903178e-02
 5.12	  -1.056627e+01	   9.851746e-02
 5.13	  -1.054170e+01	   9.800754e-02
 5.14	  -1.051726e+01	   9.750197e-02
 5.15	  -1.049295e+01	   9.700070e-02
 5.16	  -1.046876e+01	   9.650368e-02
 5.17	  -1.044470e+01	   9.601085e-02
 5.18	  -1.042076e+01	   9.552216e-02
 5.19	  -1.039694e+01	   9.503757e-02
 5.20	  -1.037324e+01	   9.455703e-02
 5.21	  -1.034966e+01	   9.408048e-02
 5.22	  -1.032620e+01	   9.360789e-02
 5.23	  -1.030285e+01	   9.313920e-02
 5.24	  -1.027963e+01	   9.267437e-02
 5.25	  -1.025652e+01	   9.221335e-02
 5.26	  -1.023352e+01	   9.175611e-02
 5.27	  -1.021064e+01	   9.130258e-02
 5.28	  -1.018787e+01	   9.085274e-02
 5.29	  -1.016521e+01	   9.040655e-02
 5.30	  -1.014266e+01	   8.996394e-02
 5.31	  -1.012023e+01	   8.952490e-02
 5.32	  -1.009790e+01	   8.908937e-02
 5.33	  -1.007568e+01	   8.865732e-02
 5.34	  -1.005357e+01	   8.822870e-02
 5.35	  -1.003157e+01	   8.780348e-02
 5.36	  -1.000967e+01	   8.738162e-02
 5.37	  -9.987878e+00	   8.696308e-02
 5.38	  -9.966189e+00	   8.654783e-02
 5.39	  -9.944604e+00	   8.613583e-02
 5.40	  -9.923121e+00	   8.572703e-02
 5.41	  -9.901740e+00	   8.532141e-02
 5.42	  -9.880460e+00	   8.491894e-02
 5.43	  -9.859281e+00	   8.451957e-02
 5.44	  -9.838200e+00	   8.412327e-02
 5.45	  -9.817219e+00	   8.373001e-02
 5.46	  -9.796335e+00	   8.333975e-02
 5.47	  -9.775549e+00	   8.295247e-02
 5.48	  -9.754858e+00	   8.256813e-02
 5.49	  -9.734264e+00	   8.218670e-02
 5.50	  -9.713765e+00	   8.180814e-02
 5.51	  -9.693360e+00	   8.143244e-02
 5.52	  -9.673048e+00	   8.105954e-02
 5.53	  -9.652830e+00	   8.068944e-02
 5.54	  -9.632703e+00	   8.032209e-02
 5.55	  -9.612669e+00	   7.995747e-02
 5.56	  -9.592725e+00	   7.959554e-02
 5.57	  -9.572871e+00	   7.923629e-02
 5.58	  -9.553106e+00	   7.887968e-02
 5.59	  -9.533431e+00	   7.852568e-02
 5.60	  -9.513843e+00	   7.817427e-02
 5.61	  -9.494343e+00	   7.782542e-02
 5.62	  -9.474930e+00	   7.747910e-02
 5.63	  -9.455603e+00	   7.713529e-02
 5.64	  -9.436362e+00	   7.679396e-02
 5.65	  -9.417206e+00	   7.645509e-02
 5.66	  -9.398135e+00	   7.611865e-02
 5.67	  -9.379147e+00	   7.578462e-02
 5.68	  -9.360242e+00	   7.545296e-02
 5.69	  -9.341420e+00	   7.512367e-02
 5.70	  -9.322680e+00	   7.479671e-02
 5.71	  -9.304022e+00	   7.447205e-02
 5.72	  -9.285444e+00	   7.414969e-02
 5.73	  -9.266946e+00	   7.382959e-02
 5.74	  -9.248529e+00	   7.351173e-02
 5.75	  -9.230190e+00	   7.319609e-02
 5.76	  -9.211931e+00	   7.288265e-02
 5.77	  -9.193749e+00	   7.257138e-02
 5.78	  -9.175645e+00	   7.226227e-02
 5.79	  -9.157618e+00	   7.195529e-02
 5.80	  -9.139667e+00	   7.165042e-02
 5.81	  -9.121792e+00	   7.134764e-02
 5.82	  -9.103993e+00	   7.104693e-02
 5.83	  -9.086269e+00	   7.074828e-02
 5.84	  -9.068619e+00	   7.045165e-02
 5.85	  -9.051043e+00	   7.015704e-02
 5.86	  -9.033540e+00	   6.986441e-02
 5.87	  -9.016110e+00	   6.957376e-02
 5.88	  -8.998753e+00	   6.928507e-02
 5.89	  -8.981468e+00	   6.899831e-02
 5.90	  -8.964254e+00	   6.871346e-02
 5.91	  -8.947111e+00	   6.843052e-02
 5.92	  -8.930038e+00	   6.814945e-02
 5.93	  -8.913036e+00	   6.787025e-02
 5.94	  -8.896103e+00	   6.759289e-02
 5.95	  -8.879239e+00	   6.731736e-02
 5.96	  -8.862444e+00	   6.704364e-02
 5.97	  -8.845717e+00	   6.677172e-02
 5.98	  -8.829058e+00	   6.650157e-02
 5.99	  -8.812466e+00	   6.623318e-02
 6.00	  -8.795941e+00	   6.596654e-02
 6.01	  -8.779483e+00	   6.570163e-02
 6.02	  -8.763090e+00	   6.543843e-02
 6.03	  -8.746763e+00	   6.517692e-02
 6.04	  -8.730502e+00	   6.491710e-02
 6.05	  -8.714305e+00	   6.465894e-02
 6.06	  -8.698172e+00	   6.440244e-02
 6.07	  -8.682103e+00	   6.414757e-02
 6.08	  -8.666098e+00	   6.389432e-02
 6.09	  -8.650156e+00	   6.364268e-02
 6.10	  -8.634277e+00	   6.339263e-02
 6.11	  -8.618460e+00	   6.314415e-02
 6.12	  -8.602705e+00	   6.289724e-02
 6.13	  -8.587011e+00	   6.265189e-02
 6.14	  -8.571379e+00	   6.240806e-02
 6.15	  -8.555807e+00	   6.216576e-02
 6.16	  -8.540295e+00	   6.192497e-02
 6.17	  -8.524844e+00	   6.168567e-02
 6.18	  -8.509453e+00	   6.144786e-02
 6.19	  -8.494120e+00	   6.121151e-02
 6.20	  -8.478847e+00	   6.097663e-02
 6.21	  -8.463632e+00	   6.074318e-02
 6.22	  -8.448475e+00	   6.051117e-02
 6.23	  -8.433376e+00	   6.028058e-02
 6.24	  -8.418335e+00	   6.005139e-02
 6.25	  -8.403350e+00	   5.982360e-02
 6.26	  -8.388423e+00	   5.959719e-02
 6.27	  -8.373551e+00	   5.937215e-02
 6.28	  -8.358736e+00	   5.914847e-02
 6.29	  -8.343977e+00	   5.892613e-02
 6.30	  -8.329273e+00	   5.870514e-02
 6.31	  -8.314624e+00	   5.848546e-02
 6.32	  -8.300030e+00	   5.826710e-02
 6.33	  -8.285491e+00	   5.805005e-02
 6.34	  -8.271005e+00	   5.783428e-02
 6.35	  -8.256574e+00	   5.761979e-02
 6.36	  -8.242195e+00	   5.740658e-02
 6.37	  -8.227870e+00	   5.719462e-02
 6.38	  -8.213598e+00	   5.698391e-02
 6.39	  -8.199378e+00	   5.677444e-02
 6.40	  -8.185211e+00	   5.656620e-02
 6.41	  -8.171095e+00	   5.635917e-02
 6.42	  -8.157031e+00	   5.615336e-02
 6.43	  -8.143018e+00	   5.594874e-02
 6.44	  -8.129056e+00	   5.574531e-02
 6.45	  -8.115145e+00	   5.554305e-02
 6.46	  -8.101285e+00	   5.534197e-02
 6.47	  -8.087474e+00	   5.514204e-02
 6.48	  -8.073714e+00	   5.494327e-02
 6.49	  -8.060003e+00	   5.474563e-02
 6.50	  -8.046341e+00	   5.454913e-02
 6.51	  -8.032728e+00	   5.435374e-02
 6.52	  -8.019164e+00	   5.415947e-02
 6.53	  -8.005648e+00	   5.396631e-02
 6.54	  -7.992181e+00	   5.377424e-02
 6.55	  -7.978761e+00	   5.358325e-02
 6.56	  -7.965389e+00	   5.339335e-02
 6.57	  -7.952064e+00	   5.320451e-02
 6.58	  -7.938786e+00	   5.301673e-02
 6.59	  -7.925556e+00	   5.283001e-02
 6.60	  -7.912371e+00	   5.264433e-02
 6.61	  -7.899233e+00	   5.245969e-02
 6.62	  -7.886141e+00	   5.227607e-02
 6.63	  -7.873095e+00	   5.209347e-02
 6.64	  -7.860095e+00	   5.191189e-02
 6.65	  -7.847139e+00	   5.173131e-02
 6.66	  -7.834229e+00	   5.155172e-02
 6.67	  -7.821363e+00	   5.137313e-02
 6.68	  -7.808542e+00	   5.119551e-02
 6.69	  -7.795765e+00	   5.101887e-02
 6.70	  -7.783033e+00	   5.084319e-02
 6.71	  -7.770344e+00	   5.066847e-02
 6.72	  -7.757698e+00	   5.049470e-02
 6.73	  -7.745096e+00	   5.032188e-02
 6.74	  -7.732537e+00	   5.014999e-02
 6.75	  -7.720021e+00	   4.997903e-02
 6.76	  -7.707548e+00	   4.980899e-02
 6.77	  -7.695117e+00	   4.963987e-02
 6.78	  -7.682728e+00	   4.947166e-02
 6.79	  -7.670381e+00	   4.930435e-02
 6.80	  -7.658076e+00	   4.913793e-02
 6.81	  -7.645812e+00	   4.897240e-02
 6.82	  -7.633589e+00	   4.880775e-02
 6.83	  -7.621408e+00	   4.864398e-02
 6.84	  -7.609267e+00	   4.848107e-02
 6.85	  -7.597167e+00	   4.831903e-02
 6.86	  -7.585108e+00	   4.815784e-02
 6.87	  -7.573088e+00	   4.799750e-02
 6.88	  -7.561109e+00	   4.783801e-02
 6.89	  -7.549169e+00	   4.767935e-02
 6.90	  -7.537269e+00	   4.752152e-02
 6.91	  -7.525408e+00	   4.736451e-02
 6.92	  -7.513587e+00	   4.720833e-02
 6.93	  -7.501804e+00	   4.705295e-02
 6.94	  -7.490060e+00	   4.689838e-02
 6.95	  -7.478355e+00	   4.674462e-02
 6.96	  -7.466688e+00	   4.659164e-02
 6.97	  -7.455059e+00	   4.643946e-02
 6.98	  -7.443468e+00	   4.628806e-02
 6.99	  -7.431915e+00	   4.613744e-02
 7.00	  -7.420399e+00	   4.598759e-02
 7.01	  -7.408921e+00	   4.583850e-02
 7.02	  -7.397480e+00	   4.569018e-02
 7.03	  -7.386076e+00	   4.554261e-02
 7.04	  -7.374709e+00	   4.539580e-02
 7.05	  -7.363378e+00	   4.524972e-02
 7.06	  -7.352084e+00	   4.510439e-02
 7.07	  -7.340826e+00	   4.495979e-02
 7.08	  -7.329604e+00	   4.481593e-02
 7.09	  -7.318418e+00	   4.467278e-02
 7.10	  -7.307267e+00	   4.453035e-02
 7.11	  -7.296152e+00	   4.438864e-02
 7.12	  -7.285073e+00	   4.424764e-02
 7.13	  -7.274028e+00	   4.410734e-02
 7.14	  -7.263019e+00	   4.396774e-02
 7.15	  -7.252045e+00	   4.382884e-02
 7.16	  -7.241105e+00	   4.369062e-02
 7.17	  -7.230199e+00	   4.355309e-02
 7.18	  -7.219328e+00	   4.341624e-02
 7.19	  -7.208491e+00	   4.328006e-02
 7.20	  -7.197688e+00	   4.314455e-02
 7.21	  -7.186919e+00	   4.300971e-02
 7.22	  -7.176183e+00	   4.287553e-02
 7.23	  -7.165481e+00	   4.274201e-02
 7.24	  -7.154812e+00	   4.260914e-02
 7.25	  -7.144176e+00	   4.247692e-02
 7.26	  -7.133573e+00	   4.234534e-02
 7.27	  -7.123004e+00	   4.221440e-02
 7.28	  -7.112466e+00	   4.208410e-02
 7.29	  -7.101961e+00	   4.195443e-02
 7.30	  -7.091489e+00	   4.182538e-02
 7.31	  -7.081049e+00	   4.169695e-02
 7.32	  -7.070640e+00	   4.156915e-02
 7.33	  -7.060264e+00	   4.144195e-02
 7.34	  -7.049919e+00	   4.131537e-02
 7.35	  -7.039606e+00	   4.118939e-02
 7.36	  -7.029325e+00	   4.106401e-02
 7.37	  -7.019074e+00	   4.093923e-02
 7.38	  -7.008855e+00	   4.081505e-02
 7.39	  -6.998667e+00	   4.069145e-02
 7.40	  -6.988509e+00	   4.056844e-02
 7.41	  -6.978382e+00	   4.044601e-02
 7.42	  -6.968286e+00	   4.032416e-02
 7.43	  -6.958220e+00	   4.020289e-02
 7.44	  -6.948185e+00	   4.008218e-02
 7.45	  -6.938179e+00	   3.996204e-02
 7.46	  -6.928204e+00	   3.984247e-02
 7.47	  -6.918258e+00	   3.972345e-02
 7.48	  -6.908342e+00	   3.960499e-02
 7.49	  -6.898455e+00	   3.948708e-02
 7.50	  -6.888598e+00	   3.936972e-02
 7.51	  -6.878770e+00	   3.925291e-02
 7.52	  -6.868972e+00	   3.913663e-02
 7.53	  -6.859202e+00	   3.902090e-02
 7.54	  -6.849461e+00	   3.890570e-02
 7.55	  -6.839749e+00	   3.879103e-02
 7.56	  -6.830066e+00	   3.867689e-02
 7.57	  -6.820411e+00	   3.856327e-02
 7.58	  -6.810784e+00	   3.845017e-02
 7.59	  -6.801186e+00	   3.833760e-02
 7.60	  -6.791615e+00	   3.822553e-02
 7.61	  -6.782073e+00	   3.811398e-02
 7.62	  -6.772558e+00	   3.800293e-02
 7.63	  -6.763071e+00	   3.789239e-02
 7.64	  -6.753612e+00	   3.778235e-02
 7.65	  -6.744180e+00	   3.767281e-02
 7.66	  -6.734775e+00	   3.756377e-02
 7.67	  -6.725398e+00	   3.745521e-02
 7.68	  -6.716048e+00	   3.734715e-02
 7.69	  -6.706724e+00	   3.723957e-02
 7.70	  -6.697428e+00	   3.713248e-02
 7.71	  -6.688158e+00	   3.702586e-02
 7.72	  -6.678915e+00	   3.691972e-02
 7.73	  -6.669698e+00	   3.681406e-02
 7.74	  -6.660508e+00	   3.670887e-02
 7.75	  -6.651344e+00	   3.660414e-02
 7.76	  -6.642206e+00	   3.649988e-02
 7.77	  -6.633094e+00	   3.639609e-02
 7.78	  -6.624008e+00	   3.629275e-02
 7.79	  -6.614947e+00	   3.618987e-02
 7.80	  -6.605913e+00	   3.608744e-02
 7.81	  -6.596904e+00	   3.598546e-02
 7.82	  -6.587920e+00	   3.588394e-02
 7.83	  -6.578962e+00	   3.578286e-02
 7.84	  -6.570029e+00	   3.568222e-02
 7.85	  -6.561121e+00	   3.558202e-02
 7.86	  -6.552237e+00	   3.548226e-02
 7.87	  -6.543379e+00	   3.538293e-02
 7.88	  -6.534546e+00	   3.528404e-02
 7.89	  -6.525737e+00	   3.518558e-02
 7.90	  -6.516953e+00	   3.508754e-02
 7.91	  -6.508193e+00	   3.498993e-02
 7.92	  -6.499458e+00	   3.489274e-02
 7.93	  -6.490747e+00	   3.479597e-02
 7.94	  -6.482060e+00	   3.469962e-02
 7.95	  -6.473397e+00	   3.460368e-02
 7.96	  -6.464758e+00	   3.450816e-02
 7.97	  -6.456143e+00	   3.441304e-02
 7.98	  -6.447552e+00	   3.431833e-02
 7.99	  -6.438984e+00	   3.422403e-02
 8.00	  -6.430440e+00	   3.413012e-02
 8.01	  -6.421919e+00	   3.403662e-02
 8.02	  -6.413421e+00	   3.394352e-02
 8.03	  -6.404947e+00	   3.385081e-02
 8.04	  -6.396496e+00	   3.375850e-02
 8.05	  -6.388068e+00	   3.366657e-02
 8.06	  -6.379663e+00	   3.357503e-02
 8.07	  -6.371280e+00	   3.348388e-02
 8.08	  -6.362921e+00	   3.339312e-02
 8.09	  -6.354584e+00	   3.330273e-02
 8.10	  -6.346269e+00	   3.321273e-02
 8.11	  -6.337977e+00	   3.312310e-02
 8.12	  -6.329708e+00	   3.303385e-02
 8.13	  -6.321460e+00	   3.294497e-02
 8.14	  -6.313235e+00	   3.285646e-02
 8.15	  -6.305032e+00	   3.276832e-02
 8.16	  -6.296851e+00	   3.268055e-02
 8.17	  -6.288692e+00	   3.259314e-02
 8.18	  -6.280554e+00	   3.250609e-02
 8.19	  -6.272439e+00	   3.241941e-02
 8.20	  -6.264345e+00	   3.233308e-02
 8.21	  -6.256272e+00	   3.224711e-02
 8.22	  -6.248221e+00	   3.216149e-02
 8.23	  -6.240191e+00	   3.207622e-02
 8.24	  -6.232183e+00	   3.199131e-02
 8.25	  -6.224196e+00	   3.190674e-02
 8.26	  -6.216229e+00	   3.182252e-02
 8.27	  -6.208284e+00	   3.173865e-02
 8.28	  -6.200360e+00	   3.165511e-02
 8.29	  -6.192457e+00	   3.157192e-02
 8.30	  -6.184574e+00	   3.148906e-02
 8.31	  -6.176712e+00	   3.140654e-02
 8.32	  -6.168871e+00	   3.132436e-02
 8.33	  -6.161050e+00	   3.124251e-02
 8.34	  -6.153250e+00	   3.116099e-02
 8.35	  -6.145469e+00	   3.107980e-02
 8.36	  -6.137710e+00	   3.099893e-02
 8.37	  -6.129970e+00	   3.091840e-02
 8.38	  -6.122250e+00	   3.083818e-02
 8.39	  -6.114551e+00	   3.075829e-02
 8.40	  -6.106871e+00	   3.067872e-02
 8.41	  -6.099211e+00	   3.059946e-02
 8.42	  -6.091571e+00	   3.052052e-02
 8.43	  -6.083951e+00	   3.044190e-02
 8.44	  -6.076350e+00	   3.036359e-02
 8.45	  -6.068769e+00	   3.028559e-02
 8.46	  -6.061208e+00	   3.020791e-02
 8.47	  -6.053665e+00	   3.013053e-02
 8.48	  -6.046142e+00	   3.005345e-02
 8.49	  -6.038639e+00	   2.997668e-02
 8.50	  -6.031154e+00	   2.990022e-02
 8.51	  -6.023688e+00	   2.982405e-02
 8.52	  -6.016242e+00	   2.974819e-02
 8.53	  -6.008814e+00	   2.967262e-02
 8.54	  -6.001406e+00	   2.959735e-02
 8.55	  -5.994016e+00	   2.952237e-02
 8.56	  -5.986644e+00	   2.944769e-02
 8.57	  -5.979292e+00	   2.937330e-02
 8.58	  -5.971958e+00	   2.929920e-02
 8.59	  -5.964642e+00	   2.922539e-02
 8.60	  -5.957345e+00	   2.915186e-02
 8.61	  -5.950066e+00	   2.907862e-02
 8.62	  -5.942806e+00	   2.900567e-02
 8.63	  -5.935563e+00	   2.893300e-02
 8.64	  -5.928339e+00	   2.886061e-02
 8.65	  -5.921133e+00	   2.878849e-02
 8.66	  -5.913945e+00	   2.871666e-02
 8.67	  -5.906775e+00	   2.864510e-02
 8.68	  -5.899622e+00	   2.857382e-02
 8.69	  -5.892488e+00	   2.850281e-02
 8.70	  -5.885371e+00	   2.843208e-02
 8.71	  -5.878272e+00	   2.836161e-02
 8.72	  -5.871190e+00	   2.829141e-02
 8.73	  -5.864126e+00	   2.822149e-02
 8.74	  -5.857079e+00	   2.815182e-02
 8.75	  -5.850050e+00	   2.808243e-02
 8.76	  -5.843038e+00	   2.801329e-02
 8.77	  -5.836043e+00	   2.794442e-02
 8.78	  -5.829066e+00	   2.787581e-02
 8.79	  -5.822105e+00	   2.780746e-02
 8.80	  -5.815162e+00	   2.773937e-02
 8.81	  -5.808236e+00	   2.767154e-02
 8.82	  -5.801326e+00	   2.760396e-02
 8.83	  -5.794434e+00	   2.753664e-02
 8.84	  -5.787558e+00	   2.746956e-02
 8.85	  -5.780699e+00	   2.740274e-02
 8.86	  -5.773857e+00	   2.733618e-02
 8.87	  -5.767031e+00	   2.726986e-02
 8.88	  -5.760222e+00	   2.720378e-02
 8.89	  -5.753429e+00	   2.713796e-02
 8.90	  -5.746653e+00	   2.707238e-02
 8.91	  -5.739893e+00	   2.700704e-02
 8.92	  -5.733149e+00	   2.694195e-02
 8.93	  -5.726422e+00	   2.687710e-02
 8.94	  -5.719710e+00	   2.681248e-02
 8.95	  -5.713015e+00	   2.674811e-02
 8.96	  -5.706336e+00	   2.668398e-02
 8.97	  -5.699673e+00	   2.662008e-02
 8.98	  -5.693026e+00	   2.655642e-02
 8.99	  -5.686395e+00	   2.649299e-02
 9.00	  -5.679780e+00	   2.642979e-02
 9.01	  -5.673180e+00	   2.636683e-02
 9.02	  -5.666596e+00	   2.630410e-02
 9.03	  -5.660028e+00	   2.624160e-02
 9.04	  -5.653476e+00	   2.617932e-02
 9.05	  -5.646939e+00	   2.611728e-02
 9.06	  -5.640417e+00	   2.605546e-02
 9.07	  -5.633911e+00	   2.599386e-02
 9.08	  -5.627420e+00	   2.593249e-02
 9.09	  -5.620944e+00	   2.587134e-02
 9.10	  -5.614484e+00	   2.581042e-02
 9.11	  -5.608039e+00	   2.574971e-02
 9.12	  -5.601609e+00	   2.568922e-02
 9.13	  -5.595195e+00	   2.562896e-02
 9.14	  -5.588795e+00	   2.556891e-02
 9.15	  -5.582410e+00	   2.550907e-02
 9.16	  -5.576040e+00	   2.544945e-02
 9.17	  -5.569685e+00	   2.539005e-02
 9.18	  -5.563345e+00	   2.533086e-02
 9.19	  -5.557020e+00	   2.527188e-02
 9.20	  -5.550709e+00	   2.521311e-02
 9.21	  -5.544413e+00	   2.515455e-02
 9.22	  -5.538132e+00	   2.509620e-02
 9.23	  -5.531865e+00	   2.503806e-02
 9.24	  -5.525613e+00	   2.498013e-02
 9.25	  -5.519375e+00	   2.492240e-02
 9.26	  -5.513152e+00	   2.486487e-02
 9.27	  -5.506943e+00	   2.480755e-02
 9.28	  -5.500748e+00	   2.475044e-02
 9.29	  -5.494568e+00	   2.469352e-02
 9.30	  -5.488401e+00	   2.463681e-02
 9.31	  -5.482249e+00	   2.458030e-02
 9.32	  -5.476111e+00	   2.452398e-02
 9.33	  -5.469987e+00	   2.446787e-02
 9.34	  -5.463877e+00	   2.441195e-02
 9.35	  -5.457781e+00	   2.435622e-02
 9.36	  -5.451699e+00	   2.430070e-02
 9.37	  -5.445631e+00	   2.424536e-02
 9.38	  -5.439576e+00	   2.419022e-02
 9.39	  -5.433536e+00	   2.413528e-02
 9.40	  -5.427509e+00	   2.408052e-02
 9.41	  -5.421495e+00	   2.402596e-02
 9.42	  -5.415496e+00	   2.397158e-02
 9.43	  -5.409510e+00	   2.391739e-02
 9.44	  -5.403537e+00	   2.386340e-02
 9.45	  -5.397578e+00	   2.380958e-02
 9.46	  -5.391632e+00	   2.375596e-02
 9.47	  -5.385700e+00	   2.370252e-02
 9.48	  -5.379781e+00	   2.364926e-02
 9.49	  -5.373875e+00	   2.359619e-02
 9.50	  -5.367983e+00	   2.354330e-02
 9.51	  -5.362104e+00	   2.349060e-02
 9.52	  -5.356237e+00	   2.343807e-02
 9.53	  -5.350384e+00	   2.338572e-02
 9.54	  -5.344545e+00	   2.333356e-02
 9.55	  -5.338718e+00	   2.328157e-02
 9.56	  -5.332904e+00	   2.322976e-02
 9.57	  -5.327103e+00	   2.317812e-02
 9.58	  -5.321315e+00	   2.312666e-02
 9.59	  -5.315539e+00	   2.307538e-02
 9.60	  -5.309777e+00	   2.302427e-02
 9.61	  -5.304027e+00	   2.297334e-02
 9.62	  -5.298290e+00	   2.292258e-02
 9.63	  -5.292566e+00	   2.287199e-02
 9.64	  -5.286854e+00	   2.282157e-02
 9.65	  -5.281155e+00	   2.277132e-02
 9.66	  -5.275469e+00	   2.272124e-02
 9.67	  -5.269795e+00	   2.267133e-02
 9.68	  -5.264133e+00	   2.262159e-02
 9.69	  -5.258484e+00	   2.257201e-02
 9.70	  -5.252847e+00	   2.252260e-02
 9.71	  -5.247222e+00	   2.247336e-02
 9.72	  -5.241610e+00	   2.242428e-02
 9.73	  -5.236010e+00	   2.237537e-02
 9.74	  -5.230423e+00	   2.232662e-02
 9.75	  -5.224847e+00	   2.227803e-02
 9.76	  -5.219283e+00	   2.222960e-02
 9.77	  -5.213732e+00	   2.218134e-02
 9.78	  -5.208193e+00	   2.213324e-02
 9.79	  -5.202665e+00	   2.208529e-02
 9.80	  -5.197150e+00	   2.203751e-02
 9.81	  -5.191647e+00	   2.198988e-02
 9.82	  -5.186155e+00	   2.194241e-02
 9.83	  -5.180676e+00	   2.189510e-02
 9.84	  -5.175208e+00	   2.184794e-02
 9.85	  -5.169752e+00	   2.180094e-02
 9.86	  -5.164307e+00	   2.175410e-02
 9.87	  -5.158874e+00	   2.170740e-02
 9.88	  -5.153453e+00	   2.166087e-02
 9.89	  -5.148044e+00	   2.161448e-02
 9.90	  -5.142646e+00	   2.156825e-02
 9.91	  -5.137260e+00	   2.152217e-02
 9.92	  -5.131885e+00	   2.147623e-02
 9.93	  -5.126522e+00	   2.143045e-02
 9.94	  -5.121170e+00	   2.138482e-02
 9.95	  -5.115829e+00	   2.133934e-02
 9.96	  -5.110500e+00	   2.129400e-02
 9.97	  -5.105182e+00	   2.124881e-02
 9.98	  -5.099876e+00	   2.120377e-02
 9.99	  -5.094580e+00	   2.115888e-02
10.00	  -5.089296e+00	   2.111413e-02
10.01	  -5.084023e+00	   2.106952e-02
10.02	  -5.078762e+00	   2.102506e-02
10.03	  -5.073511e+00	   2.098075e-02
10.04	  -5.068271e+00	   2.093657e-02
10.05	  -5.063042e+00	   2.089254e-02
10.06	  -5.057825e+00	   2.084865e-02
10.07	  -5.052618e+00	   2.080490e-02
10.08	  -5.047422e+00	   2.076129e-02
10.09	  -5.042238e+00	   2.071782e-02
10.10	  -5.037063e+00	   2.067449e-02
10.11	  -5.031900e+00	   2.063130e-02
10.12	  -5.026748e+00	   2.058825e-02
10.13	  -5.021606e+00	   2.054533e-02
10.14	  -5.016475e+00	   2.050255e-02
10.15	  -5.011355e+00	   2.045991e-02
10.16	  -5.006245e+00	   2.041740e-02
10.17	  -5.001146e+00	   2.037503e-02
10.18	  -4.996058e+00	   2.033279e-02
10.19	  -4.990980e+00	   2.029069e-02
10.20	  -4.985912e+00	   2.024872e-02
10.21	  -4.980855e+00	   2.020688e-02
10.22	  -4.975809e+00	   2.016517e-02
10.23	  -4.970773e+00	   2.012360e-02
10.24	  -4.965747e+00	   2.008215e-02
10.25	  -4.960732e+00	   2.004084e-02
10.26	  -4.955727e+00	   1.999966e-02
10.27	  -4.950732e+00	   1.995860e-02
10.28	  -4.945747e+00	   1.991768e-02
10.29	  -4.940773e+00	   1.987688e-02
10.30	  -4.935809e+00	   1.983621e-02
10.31	  -4.930855e+00	   1.979567e-02
10.32	  -4.925911e+00	   1.975525e-02
10.33	  -4.920977e+00	   1.971496e-02
10.34	  -4.916053e+00	   1.967480e-02
10.35	  -4.911140e+00	   1.963476e-02
10.36	  -4.906236e+00	   1.959485e-02
10.37	  -4.901342e+00	   1.955505e-02
10.38	  -4.896459e+00	   1.951539e-02
10.39	  -4.891585e+00	   1.947584e-02
10.40	  -4.886721e+00	   1.943642e-02
10.41	  -4.881866e+00	   1.939712e-02
10.42	  -4.877022e+00	   1.935794e-02
10.43	  -4.872187e+00	   1.931888e-02
10.44	  -4.867363e+00	   1.927995e-02
10.45	  -4.862547e+00	   1.924113e-02
10.46	  -4.857742e+00	   1.920243e-02
10.47	  -4.852946e+00	   1.916385e-02
10.48	  -4.848160e+00	   1.912539e-02
10.49	  -4.843384e+00	   1.908705e-02
10.50	  -4.838617e+00	   1.904882e-02
10.51	  -4.833859e+00	   1.901071e-02
10.52	  -4.829111e+00	   1.897272e-02
10.53	  -4.824373e+00	   1.893484e-02
10.54	  -4.819644e+00	   1.889708e-02
10.55	  -4.814924e+00	   1.885943e-02
10.56	  -4.810214e+00	   1.882190e-02
10.57	  -4.805513e+00	   1.878448e-02
10.58	  -4.800822e+00	   1.874718e-02
10.59	  -4.796140e+00	   1.870998e-02
10.60	  -4.791467e+00	   1.867291e-02
10.61	  -4.786803e+00	   1.863594e-02
10.62	  -4.782149e+00	   1.859908e-02
10.63	  -4.777504e+00	   1.856234e-02
10.64	  -4.772868e+00	   1.852571e-02
10.65	  -4.768241e+00	   1.848918e-02
10.66	  -4.763623e+00	   1.845277e-02
10.67	  -4.759014e+00	   1.841647e-02
10.68	  -4.754415e+00	   1.838027e-02
10.69	  -4.749824e+00	   1.834419e-02
10.70	  -4.745243e+00	   1.830821e-02
10.71	  -4.740670e+00	   1.827234e-02
10.72	  -4.736107e+00	   1.823657e-02
10.73	  -4.731552e+00	   1.820092e-02
10.74	  -4.727006e+00	   1.816537e-02
10.75	  -4.722469e+00	   1.812992e-02
10.76	  -4.717941e+00	   1.809458e-02
10.77	  -4.713422e+00	   1.805935e-02
10.78	  -4.708911e+00	   1.802422e-02
10.79	  -4.704410e+00	   1.798919e-02
10.80	  -4.699917e+00	   1.795427e-02
10.81	  -4.695433e+00	   1.791946e-02
10.82	  -4.690957e+00	   1.788474e-02
10.83	  -4.686490e+00	   1.785013e-02
10.84	  -4.682032e+00	   1.781562e-02
10.85	  -4.677582e+00	   1.778121e-02
10.86	  -4.673141e+00	   1.774690e-02
10.87	  -4.668709e+00	   1.771270e-02
10.88	  -4.664285e+00	   1.767859e-02
10.89	  -4.659870e+00	   1.764458e-02
10.90	  -4.655463e+00	   1.761068e-02
10.91	  -4.651064e+00	   1.757687e-02
10.92	  -4.646674e+00	   1.754316e-02
10.93	  -4.642293e+00	   1.750955e-02
10.94	  -4.637919e+00	   1.747604e-02
10.95	  -4.633555e+00	   1.744263e-02
10.96	  -4.629198e+00	   1.740931e-02
10.97	  -4.624850e+00	   1.737609e-02
10.98	  -4.620510e+00	   1.734297e-02
10.99	  -4.616179e+00	   1.730994e-02
11.00	  -4.611855e+00	   1.727701e-02
11.01	  -4.607540e+00	   1.724418e-02
11.02	  -4.603233e+00	   1.721144e-02
11.03	  -4.598934e+00	   1.717879e-02
11.04	  -4.594644e+00	   1.714624e-02
11.05	  -4.590361e+00	   1.711379e-02
11.06	  -4.586087e+00	   1.708142e-02
11.07	  -4.581820e+00	   1.704915e-02
11.08	  -4.577562e+00	   1.701697e-02
11.09	  -4.573312e+00	   1.698489e-02
11.10	  -4.569070e+00	   1.695290e-02
11.11	  -4.564835e+00	   1.692100e-02
11.12	  -4.560609e+00	   1.688919e-02
11.13	  -4.556391e+00	   1.685747e-02
11.14	  -4.552180e+00	   1.682584e-02
11.15	  -4.547978e+00	   1.679430e-02
11.16	  -4.543783e+00	   1.676286e-02
11.17	  -4.539596e+00	   1.673150e-02
11.18	  -4.535418e+00	   1.670023e-02
11.19	  -4.531246e+00	   1.666905e-02
11.20	  -4.527083e+00	   1.663796e-02
11.21	  -4.522927e+00	   1.660696e-02
11.22	  -4.518780e+00	   1.657604e-02
11.23	  -4.514639e+00	   1.654522e-02
11.24	  -4.510507e+00	   1.651448e-02
11.25	  -4.506382e+00	   1.648382e-02
11.26	  -4.502265e+00	   1.645326e-02
11.27	  -4.498155e+00	   1.642278e-02
11.28	  -4.494054e+00	   1.639238e-02
11.29	  -4.489959e+00	   1.636208e-02
11.30	  -4.485873e+00	   1.633185e-02
11.31	  -4.481793e+00	   1.630172e-02
11.32	  -4.477722e+00	   1.627166e-02
11.33	  -4.473658e+00	   1.624169e-02
11.34	  -4.469601e+00	   1.621181e-02
11.35	  -4.465552e+00	   1.618201e-02
11.36	  -4.461510e+00	   1.615229e-02
11.37	  -4.457475e+00	   1.612266e-02
11.38	  -4.453448e+00	   1.609310e-02
11.39	  -4.449429e+00	   1.606363e-02
11.40	  -4.445417e+00	   1.603425e-02
11.41	  -4.441412e+00	   1.600494e-02
11.42	  -4.437414e+00	   1.597572e-02
11.43	  -4.433424e+00	   1.594657e-02
11.44	  -4.429441e+00	   1.591751e-02
11.45	  -4.425465e+00	   1.588853e-02
11.46	  -4.421497e+00	   1.585963e-02
11.47	  -4.417535e+00	   1.583081e-02
11.48	  -4.413581e+00	   1.580207e-02
11.49	  -4.409634e+00	   1.577340e-02
11.50	  -4.405694e+00	   1.574482e-02
11.51	  -4.401762e+00	   1.571632e-02
11.52	  -4.397836e+00	   1.568789e-02
11.53	  -4.393918e+00	   1.565954e-02
11.54	  -4.390007e+00	   1.563127e-02
11.55	  -4.386102e+00	   1.560308e-02
11.56	  -4.382205e+00	   1.557497e-02
11.57	  -4.378315e+00	   1.554693e-02
11.58	  -4.374432e+00	   1.551897e-02
11.59	  -4.370555e+00	   1.549109e-02
11.60	  -4.366686e+00	   1.546328e-02
11.61	  -4.362824e+00	   1.543555e-02
11.62	  -4.358968e+00	   1.540789e-02
11.63	  -4.355120e+00	   1.538031e-02
11.64	  -4.351278e+00	   1.535280e-02
11.65	  -4.347443e+00	   1.532537e-02
11.66	  -4.343615e+00	   1.529801e-02
11.67	  -4.339794e+00	   1.527073e-02
11.68	  -4.335980e+00	   1.524352e-02
11.69	  -4.332172e+00	   1.521639e-02
11.70	  -4.328372e+00	   1.518933e-02
11.71	  -4.324578e+00	   1.516234e-02
11.72	  -4.320791e+00	   1.513542e-02
11.73	  -4.317010e+00	   1.510858e-02
11.74	  -4.313236e+00	   1.508181e-02
11.75	  -4.309469e+00	   1.505511e-02
11.76	  -4.305709e+00	   1.502848e-02
11.77	  -4.301955e+00	   1.500193e-02
11.78	  -4.298208e+00	   1.497545e-02
11.79	  -4.294467e+00	   1.494903e-02
11.80	  -4.290733e+00	   1.492269e-02
11.81	  -4.287006e+00	   1.489642e-02
11.82	  -4.283285e+00	   1.487022e-02
11.83	  -4.279571e+00	   1.484409e-02
11.84	  -4.275863e+00	   1.481803e-02
11.85	  -4.272162e+00	   1.479204e-02
11.86	  -4.268467e+00	   1.476612e-02
11.87	  -4.264779e+00	   1.474026e-02
11.88	  -4.261097e+00	   1.471448e-02
11.89	  -4.257421e+00	   1.468876e-02
11.90	  -4.253752e+00	   1.466311e-02
11.91	  -4.250090e+00	   1.463754e-02
11.92	  -4.246434e+00	   1.461202e-02
11.93	  -4.242784e+00	   1.458658e-02
11.94	  -4.239140e+00	   1.456120e-02
11.95	  -4.235503e+00	   1.453589e-02
11.96	  -4.231872e+00	   1.451065e-02
11.97	  -4.228248e+00	   1.448547e-02
11.98	  -4.224630e+00	   1.446036e-02
11.99	  -4.221018e+00	   1.443532e-02
12.00	  -4.217412e+00	   1.441034e-02
12.01	  -4.213813e+00	   1.438543e-02
12.02	  -4.210219e+00	   1.436058e-02
12.03	  -4.206632e+00	   1.433580e-02
12.04	  -4.203051e+00	   1.431109e-02
12.05	  -4.199477e+00	   1.428643e-02
12.06	  -4.195908e+00	   1.426185e-02
12.07	  -4.192346e+00	   1.423732e-02
12.08	  -4.188789e+00	   1.421287e-02
12.09	  -4.185239e+00	   1.418847e-02
12.10	  -4.181695e+00	   1.416414e-02
12.11	  -4.178157e+00	   1.413987e-02
12.12	  -4.174625e+00	   1.411567e-02
12.13	  -4.171099e+00	   1.409152e-02
12.14	  -4.167580e+00	   1.406744e-02
12.15	  -4.164066e+00	   1.404343e-02
12.16	  -4.160558e+00	   1.401947e-02
12.17	  -4.157056e+00	   1.399558e-02
12.18	  -4.153560e+00	   1.397175e-02
12.19	  -4.150070e+00	   1.394798e-02
12.20	  -4.146586e+00	   1.392427e-02
12.21	  -4.143108e+00	   1.390063e-02
12.22	  -4.139636e+00	   1.387704e-02
12.23	  -4.136169e+00	   1.385352e-02
12.24	  -4.132709e+00	   1.383005e-02
12.25	  -4.129254e+00	   1.380665e-02
12.26	  -4.125806e+00	   1.378330e-02
12.27	  -4.122363e+00	   1.376002e-02
12.28	  -4.118926e+00	   1.373680e-02
12.29	  -4.115494e+00	   1.371363e-02
12.30	  -4.112069e+00	   1.369053e-02
12.31	  -4.108649e+00	   1.366748e-02
12.32	  -4.105235e+00	   1.364449e-02
12.33	  -4.101827e+00	   1.362156e-02
12.34	  -4.098424e+00	   1.359869e-02
12.35	  -4.095027e+00	   1.357588e-02
12.36	  -4.091636e+00	   1.355313e-02
12.37	  -4.088251e+00	   1.353043e-02
12.38	  -4.084871e+00	   1.350779e-02
12.39	  -4.081497e+00	   1.348521e-02
12.40	  -4.078128e+00	   1.346269e-02
12.41	  -4.074766e+00	   1.344022e-02
12.42	  -4.071408e+00	   1.341781e-02
12.43	  -4.068057e+00	   1.339546e-02
12.44	  -4.064711e+00	   1.337316e-02
12.45	  -4.061370e+00	   1.335092e-02
12.46	  -4.058035e+00	   1.332874e-02
12.47	  -4.054706e+00	   1.330661e-02
12.48	  -4.051382e+00	   1.328454e-02
12.49	  -4.048063e+00	   1.326252e-02
12.50	  -4.044751e+00	   1.324056e-02
12.51	  -4.041443e+00	   1.321866e-02
12.52	  -4.038141e+00	   1.319681e-02
12.53	  -4.034845e+00	   1.317501e-02
12.54	  -4.031554e+00	   1.315327e-02
12.55	  -4.028268e+00	   1.313158e-02
12.56	  -4.024988e+00	   1.310995e-02
12.57	  -4.021713e+00	   1.308837e-02
12.58	  -4.018444e+00	   1.306684e-02
12.59	  -4.015180e+00	   1.304537e-02
12.60	  -4.011921e+00	   1.302396e-02
12.61	  -4.008668e+00	   1.300259e-02
12.62	  -4.005420e+00	   1.298128e-02
12.63	  -4.002177e+00	   1.296002e-02
12.64	  -3.998940e+00	   1.293882e-02
12.65	  -3.995708e+00	   1.291766e-02
12.66	  -3.992481e+00	   1.289656e-02
12.67	  -3.989259e+00	   1.287552e-02
12.68	  -3.986043e+00	   1.285452e-02
12.69	  -3.982832e+00	   1.283358e-02
12.70	  -3.979626e+00	   1.281268e-02
12.71	  -3.976426e+00	   1.279184e-02
12.72	  -3.973230e+00	   1.277105e-02
12.73	  -3.970040e+00	   1.275032e-02
12.74	  -3.966855e+00	   1.272963e-02
12.75	  -3.963675e+00	   1.270899e-02
12.76	  -3.960501e+00	   1.268841e-02
12.77	  -3.957331e+00	   1.266787e-02
12.78	  -3.954167e+00	   1.264739e-02
12.79	  -3.951008e+00	   1.262695e-02
12.80	  -3.947853e+00	   1.260657e-02
12.81	  -3.944704e+00	   1.258624e-02
12.82	  -3.941560e+00	   1.256595e-02
12.83	  -3.938421e+00	   1.254572e-02
12.84	  -3.935287e+00	   1.252553e-02
12.85	  -3.932158e+00	   1.250540e-02
12.86	  -3.929035e+00	   1.248531e-02
12.87	  -3.925916e+00	   1.246527e-02
12.88	  -3.922802e+00	   1.244528e-02
12.89	  -3.919693e+00	   1.242534e-02
12.90	  -3.916589e+00	   1.240545e-02
12.91	  -3.913490e+00	   1.238561e-02
12.92	  -3.910397e+00	   1.236581e-02
12.93	  -3.907308e+00	   1.234606e-02
12.94	  -3.904224e+00	   1.232636e-02
12.95	  -3.901144e+00	   1.230671e-02
12.96	  -3.898070e+00	   1.228710e-02
12.97	  -3.895001e+00	   1.226755e-02
12.98	  -3.891936e+00	   1.224804e-02
12.99	  -3.888877e+00	   1.222857e-02
13.00	  -3.885822e+00	   1.220916e-02
13.01	  -3.882772e+00	   1.218979e-02
13.02	  -3.879727e+00	   1.217046e-02
13.03	  -3.876687e+00	   1.215119e-02
13.04	  -3.873652e+00	   1.213196e-02
13.05	  -3.870621e+00	   1.211277e-02
13.06	  -3.867595e+00	   1.209363e-02
13.07	  -3.864574e+00	   1.207454e-02
13.08	  -3.861558e+00	   1.205549e-02
13.09	  -3.858546e+00	   1.203649e-02
13.10	  -3.855540e+00	   1.201754e-02
13.11	  -3.852538e+00	   1.199863e-02
13.12	  -3.849540e+00	   1.197976e-02
13.13	  -3.846548e+00	   1.196094e-02
13.14	  -3.843560e+00	   1.194216e-02
13.15	  -3.840577e+00	   1.192343e-02
13.16	  -3.837598e+00	   1.190475e-02
13.17	  -3.834624e+00	   1.188611e-02
13.18	  -3.831655e+00	   1.186751e-02
13.19	  -3.828691e+00	   1.184895e-02
13.20	  -3.825731e+00	   1.183044e-02
13.21	  -3.822775e+00	   1.181198e-02
13.22	  -3.819825e+00	   1.179355e-02
13.23	  -3.816879e+00	   1.177518e-02
13.24	  -3.813937e+00	   1.175684e-02
13.25	  -3.811000e+00	   1.173855e-02
13.26	  -3.808068e+00	   1.172030e-02
13.27	  -3.805140e+00	   1.170209e-02
13.28	  -3.802217e+00	   1.168393e-02
13.29	  -3.799298e+00	   1.166581e-02
13.30	  -3.796384e+00	   1.164773e-02
13.31	  -3.793474e+00	   1.162970e-02
13.32	  -3.790569e+00	   1.161170e-02
13.33	  -3.787668e+00	   1.159375e-02
13.34	  -3.784772e+00	   1.157584e-02
13.35	  -3.781880e+00	   1.155798e-02
13.36	  -3.778993e+00	   1.154015e-02
13.37	  -3.776110e+00	   1.152237e-02
13.38	  -3.773232e+00	   1.150462e-02
13.39	  -3.770358e+00	   1.148692e-02
13.40	  -3.767488e+00	   1.146926e-02
13.41	  -3.764623e+00	   1.145165e-02
13.42	  -3.761763e+00	   1.143407e-02
13.43	  -3.758906e+00	   1.141653e-02
13.44	  -3.756054e+00	   1.139904e-02
13.45	  -3.753207e+00	   1.138158e-02
13.46	  -3.750364e+00	   1.136417e-02
13.47	  -3.747525e+00	   1.134679e-02
13.48	  -3.744690e+00	   1.132946e-02
13.49	  -3.741860e+00	   1.131216e-02
13.50	  -3.739034e+00	   1.129491e-02
13.51	  -3.736212e+00	   1.127770e-02
13.52	  -3.733395e+00	   1.126052e-02
13.53	  -3.730582e+00	   1.124339e-02
13.54	  -3.727774e+00	   1.122629e-02
13.55	  -3.724969e+00	   1.120924e-02
13.56	  -3.722169e+00	   1.119222e-02
13.57	  -3.719373e+00	   1.117524e-02
13.58	  -3.716581e+00	   1.115830e-02
13.59	  -3.713794e+00	   1.114140e-02
13.60	  -3.711011e+00	   1.112454e-02
13.61	  -3.708232e+00	   1.110772e-02
13.62	  -3.705457e+00	   1.109094e-02
13.63	  -3.702686e+00	   1.107419e-02
13.64	  -3.699920e+00	   1.105748e-02
13.65	  -3.697157e+00	   1.104082e-02
13.66	  -3.694399e+00	   1.102418e-02
13.67	  -3.691645e+00	   1.100759e-02
13.68	  -3.688895e+00	   1.099104e-02
13.69	  -3.686150e+00	   1.097452e-02
13.70	  -3.683408e+00	   1.095804e-02
13.71	  -3.680671e+00	   1.094160e-02
13.72	  -3.677937e+00	   1.092519e-02
13.73	  -3.675208e+00	   1.090882e-02
13.74	  -3.672483e+00	   1.089249e-02
13.75	  -3.669762e+00	   1.087620e-02
13.76	  -3.667045e+00	   1.085994e-02
13.77	  -3.664332e+00	   1.084372e-02
13.78	  -3.661623e+00	   1.082754e-02
13.79	  -3.658918e+00	   1.081139e-02
13.80	  -3.656217e+00	   1.079528e-02
13.81	  -3.653520e+00	   1.077921e-02
13.82	  -3.650828e+00	   1.076317e-02
13.83	  -3.648139e+00	   1.074717e-02
13.84	  -3.645454e+00	   1.073120e-02
13.85	  -3.642773e+00	   1.071528e-02
13.86	  -3.640096e+00	   1.069938e-02
13.87	  -3.637424e+00	   1.068352e-02
13.88	  -3.634755e+00	   1.066770e-02
13.89	  -3.632090e+00	   1.065191e-02
13.90	  -3.629429e+00	   1.063616e-02
13.91	  -3.626772e+00	   1.062045e-02
13.92	  -3.624118e+00	   1.060476e-02
13.93	  -3.621469e+00	   1.058912e-02
13.94	  -3.618824e+00	   1.057351e-02
13.95	  -3.616182e+00	   1.055793e-02
13.96	  -3.613545e+00	   1.054239e-02
13.97	  -3.610911e+00	   1.052688e-02
13.98	  -3.608281e+00	   1.051141e-02
13.99	  -3.605656e+00	   1.049597e-02
14.00	  -3.603033e+00	   1.048057e-02
14.01	  -3.600415e+00	   1.046520e-02
14.02	  -3.597801e+00	   1.044986e-02
14.03	  -3.595190e+00	   1.043456e-02
14.04	  -3.592584e+00	   1.041929e-02
14.05	  -3.589981e+00	   1.040406e-02
14.06	  -3.587382e+00	   1.038886e-02
14.07	  -3.584786e+00	   1.037369e-02
14.08	  -3.582195e+00	   1.035856e-02
14.09	  -3.579607e+00	   1.034346e-02
14.10	  -3.577023e+00	   1.032839e-02
14.11	  -3.574443e+00	   1.031336e-02
14.12	  -3.571866e+00	   1.029836e-02
14.13	  -3.569294e+00	   1.028339e-02
14.14	  -3.566725e+00	   1.026846e-02
14.15	  -3.564159e+00	   1.025356e-02
14.16	  -3.561598e+00	   1.023869e-02
14.17	  -3.559040e+00	   1.022385e-02
14.18	  -3.556486e+00	   1.020905e-02
14.19	  -3.553935e+00	   1.019428e-02
14.20	  -3.551389e+00	   1.017954e-02
14.21	  -3.548846e+00	   1.016483e-02
14.22	  -3.546306e+00	   1.015016e-02
14.23	  -3.543771e+00	   1.013552e-02
14.24	  -3.541239e+00	   1.012091e-02
14.25	  -3.538710e+00	   1.010633e-02
14.26	  -3.536185e+00	   1.009178e-02
14.27	  -3.533664e+00	   1.007727e-02
14.28	  -3.531147e+00	   1.006278e-02
14.29	  -3.528633e+00	   1.004833e-02
14.30	  -3.526123e+00	   1.003391e-02
14.31	  -3.523616e+00	   1.001952e-02
14.32	  -3.521113e+00	   1.000516e-02
14.33	  -3.518613e+00	   9.990836e-03
14.34	  -3.516117e+00	   9.976540e-03
14.35	  -3.513625e+00	   9.962275e-03
14.36	  -3.511136e+00	   9.948041e-03
14.37	  -3.508651e+00	   9.933838e-03
14.38	  -3.506169e+00	   9.919665e-03
14.39	  -3.503691e+00	   9.905523e-03
14.40	  -3.501217e+00	   9.891412e-03
14.41	  -3.498746e+00	   9.877331e-03
14.42	  -3.496278e+00	   9.863280e-03
14.43	  -3.493814e+00	   9.849260e-03
14.44	  -3.491353e+00	   9.835269e-03
14.45	  -3.488896e+00	   9.821309e-03
14.46	  -3.486443e+00	   9.807378e-03
14.47	  -3.483993e+00	   9.793478e-03
14.48	  -3.481546e+00	   9.779607e-03
14.49	  -3.479103e+00	   9.765766e-03
14.50	  -3.476663e+00	   9.751955e-03
14.51	  -3.474227e+00	   9.738173e-03
14.52	  -3.471794e+00	   9.724421e-03
14.53	  -3.469365e+00	   9.710698e-03
14.54	  -3.466939e+00	   9.697004e-03
14.55	  -3.464516e+00	   9.683340e-03
14.56	  -3.462097e+00	   9.669704e-03
14.57	  -3.459681e+00	   9.656098e-03
14.58	  -3.457269e+00	   9.642521e-03
14.59	  -3.454860e+00	   9.628972e-03
14.60	  -3.452454e+00	   9.615452e-03
14.61	  -3.450052e+00	   9.601961e-03
14.62	  -3.447653e+00	   9.588499e-03
14.63	  -3.445258e+00	   9.575065e-03
14.64	  -3.442866e+00	   9.561660e-03
14.65	  -3.440477e+00	   9.548283e-03
14.66	  -3.438092e+00	   9.534934e-03
14.67	  -3.435710e+00	   9.521613e-03
14.68	  -3.433331e+00	   9.508321e-03
14.69	  -3.430955e+00	   9.495057e-03
14.70	  -3.428583e+00	   9.481820e-03
14.71	  -3.426215e+00	   9.468612e-03
14.72	  -3.423849e+00	   9.455431e-03
14.73	  -3.421487e+00	   9.442278e-03
14.74	  -3.419128e+00	   9.429153e-03
14.75	  -3.416772e+00	   9.416056e-03
14.76	  -3.414420e+00	   9.402985e-03
14.77	  -3.412071e+00	   9.389943e-03
14.78	  -3.409725e+00	   9.376927e-03
14.79	  -3.407382e+00	   9.363939e-03
14.80	  -3.405043e+00	   9.350978e-03
14.81	  -3.402707e+00	   9.338045e-03
14.82	  -3.400374e+00	   9.325138e-03
14.83	  -3.398044e+00	   9.312258e-03
14.84	  -3.395718e+00	   9.299405e-03
14.85	  -3.393395e+00	   9.286579e-03
14.86	  -3.391074e+00	   9.273780e-03
14.87	  -3.388758e+00	   9.261007e-03
14.88	  -3.386444e+00	   9.248261e-03
14.89	  -3.384134e+00	   9.235542e-03
14.90	  -3.381826e+00	   9.222849e-03
14.91	  -3.379522e+00	   9.210182e-03
14.92	  -3.377221e+00	   9.197542e-03
14.93	  -3.374923e+00	   9.184928e-03
14.94	  -3.372629e+00	   9.172340e-03
14.95	  -3.370337e+00	   9.159778e-03
14.96	  -3.368049e+00	   9.147242e-03
14.97	  -3.365764e+00	   9.134732e-03
14.98	  -3.363481e+00	   9.122247e-03
14.99	  -3.361202e+00	   9.109789e-03
15.00	  -3.358926e+00	   9.097356e-03
15.01	  -3.356654e+00	   9.084949e-03
15.02	  -3.354384e+00	   9.072568e-03
15.03	  -3.352117e+00	   9.060212e-03
15.04	  -3.349854e+00	   9.047882e-03
15.05	  -3.347593e+00	   9.035576e-03
15.06	  -3.345336e+00	   9.023297e-03
15.07	  -3.343082e+00	   9.011042e-03
15.08	  -3.340831e+00	   8.998812e-03
15.09	  -3.338582e+00	   8.986608e-03
15.10	  -3.336337e+00	   8.974429e-03
15.11	  -3.334095e+00	   8.962274e-03
15.12	  -3.331856e+00	   8.950145e-03
15.13	  -3.329620e+00	   8.938040e-03
15.14	  -3.327387e+00	   8.925960e-03
15.15	  -3.325157e+00	   8.913905e-03
15.16	  -3.322930e+00	   8.901874e-03
15.17	  -3.320706e+00	   8.889868e-03
15.18	  -3.318485e+00	   8.877886e-03
15.19	  -3.316267e+00	   8.865929e-03
15.20	  -3.314052e+00	   8.853996e-03
15.21	  -3.311840e+00	   8.842087e-03
15.22	  -3.309631e+00	   8.830202e-03
15.23	  -3.307425e+00	   8.818342e-03
15.24	  -3.305222e+00	   8.806506e-03
15.25	  -3.303022e+00	   8.794694e-03
15.26	  -3.300825e+00	   8.782905e-03
15.27	  -3.298630e+00	   8.771141e-03
15.28	  -3.296439e+00	   8.759400e-03
15.29	  -3.294251e+00	   8.747683e-03
15.30	  -3.292065e+00	   8.735990e-03
15.31	  -3.289883e+00	   8.724320e-03
15.32	  -3.287703e+00	   8.712674e-03
15.33	  -3.285526e+00	   8.701052e-03
15.34	  -3.283353e+00	   8.689452e-03
15.35	  -3.281182e+00	   8.677877e-03
15.36	  -3.279014e+00	   8.666324e-03
15.37	  -3.276849e+00	   8.654795e-03
15.38	  -3.274686e+00	   8.643289e-03
15.39	  -3.272527e+00	   8.631806e-03
15.40	  -3.270370e+00	   8.620346e-03
15.41	  -3.268217e+00	   8.608909e-03
15.42	  -3.266066e+00	   8.597495e-03
15.43	  -3.263918e+00	   8.586104e-03
15.44	  -3.261773e+00	   8.574735e-03
15.45	  -3.259631e+00	   8.563390e-03
15.46	  -3.257491e+00	   8.552067e-03
15.47	  -3.255355e+00	   8.540767e-03
15.48	  -3.253221e+00	   8.529489e-03
15.49	  -3.251090e+00	   8.518233e-03
15.50	  -3.248962e+00	   8.507001e-03
15.51	  -3.246836e+00	   8.495790e-03
15.52	  -3.244714e+00	   8.484602e-03
15.53	  -3.242594e+00	   8.473436e-03
15.54	  -3.240477e+00	   8.462292e-03
15.55	  -3.238363e+00	   8.451171e-03
15.56	  -3.236251e+00	   8.440071e-03
15.57	  -3.234143e+00	   8.428994e-03
15.58	  -3.232037e+00	   8.417938e-03
15.59	  -3.229934e+00	   8.406905e-03
15.60	  -3.227833e+00	   8.395893e-03
15.61	  -3.225736e+00	   8.384903e-03
15.62	  -3.223641e+00	   8.373935e-03
15.63	  -3.221549e+00	   8.362988e-03
15.64	  -3.219460e+00	   8.352063e-03
15.65	  -3.217373e+00	   8.341160e-03
15.66	  -3.215289e+00	   8.330278e-03
15.67	  -3.213208e+00	   8.319418e-03
15.68	  -3.211129e+00	   8.308579e-03
15.69	  -3.209053e+00	   8.297761e-03
15.70	  -3.206980e+00	   8.286964e-03
15.71	  -3.204910e+00	   8.276189e-03
15.72	  -3.202842e+00	   8.265435e-03
15.73	  -3.200777e+00	   8.254702e-03
15.74	  -3.198715e+00	   8.243990e-03
15.75	  -3.196655e+00	   8.233299e-03
15.76	  -3.194598e+00	   8.222629e-03
15.77	  -3.192544e+00	   8.211980e-03
15.78	  -3.190492e+00	   8.201352e-03
15.79	  -3.188443e+00	   8.190744e-03
15.80	  -3.186397e+00	   8.180157e-03
15.81	  -3.184353e+00	   8.169591e-03
15.82	  -3.182312e+00	   8.159046e-03
15.83	  -3.180274e+00	   8.148521e-03
15.84	  -3.178238e+00	   8.138016e-03
15.85	  -3.176205e+00	   8.127532e-03
15.86	  -3.174174e+00	   8.117069e-03
15.87	  -3.172146e+00	   8.106625e-03
15.88	  -3.170121e+00	   8.096202e-03
15.89	  -3.168098e+00	   8.085800e-03
15.90	  -3.166078e+00	   8.075417e-03
15.91	  -3.164060e+00	   8.065055e-03
15.92	  -3.162045e+00	   8.054712e-03
15.93	  -3.160033e+00	   8.044390e-03
15.94	  -3.158023e+00	   8.034088e-03
15.95	  -3.156016e+00	   8.023805e-03
15.96	  -3.154011e+00	   8.013543e-03
15.97	  -3.152009e+00	   8.003300e-03
15.98	  -3.150010e+00	   7.993077e-03
15.99	  -3.148013e+00	   7.982873e-03
16.00	  -3.146018e+00	   7.972690e-03
16.01	  -3.144026e+00	   7.962526e-03
16.02	  -3.142037e+00	   7.952381e-03
16.03	  -3.140050e+00	   7.942257e-03
16.04	  -3.138066e+00	   7.932151e-03
16.05	  -3.136084e+00	   7.922065e-03
16.06	  -3.134105e+00	   7.911998e-03
16.07	  -3.132128e+00	   7.901951e-03
16.08	  -3.130154e+00	   7.891923e-03
16.09	  -3.128182e+00	   7.881914e-03
16.10	  -3.126213e+00	   7.871924e-03
16.11	  -3.124246e+00	   7.861954e-03
16.12	  -3.122282e+00	   7.852002e-03
16.13	  -3.120320e+00	   7.842070e-03
16.14	  -3.118361e+00	   7.832156e-03
16.15	  -3.116404e+00	   7.822262e-03
16.16	  -3.114450e+00	   7.812386e-03
16.17	  -3.112498e+00	   7.802529e-03
16.18	  -3.110548e+00	   7.792691e-03
16.19	  -3.108601e+00	   7.782871e-03
16.20	  -3.106657e+00	   7.773070e-03
16.21	  -3.104715e+00	   7.763288e-03
16.22	  -3.102775e+00	   7.753525e-03
16.23	  -3.100838e+00	   7.743780e-03
16.24	  -3.098903e+00	   7.734053e-03
16.25	  -3.096971e+00	   7.724345e-03
16.26	  -3.095041e+00	   7.714655e-03
16.27	  -3.093114e+00	   7.704984e-03
16.28	  -3.091189e+00	   7.695331e-03
16.29	  -3.089266e+00	   7.685696e-03
16.30	  -3.087346e+00	   7.676080e-03
16.31	  -3.085428e+00	   7.666481e-03
16.32	  -3.083513e+00	   7.656901e-03
16.33	  -3.081600e+00	   7.647339e-03
16.34	  -3.079689e+00	   7.637795e-03
16.35	  -3.077781e+00	   7.628268e-03
16.36	  -3.075875e+00	   7.618760e-03
16.37	  -3.073971e+00	   7.609270e-03
16.38	  -3.072070e+00	   7.599797e-03
16.39	  -3.070171e+00	   7.590342e-03
16.40	  -3.068275e+00	   7.580905e-03
16.41	  -3.066381e+00	   7.571486e-03
16.42	  -3.064489e+00	   7.562085e-03
16.43	  -3.062600e+00	   7.552701e-03
16.44	  -3.060713e+00	   7.543334e-03
16.45	  -3.058828e+00	   7.533985e-03
16.46	  -3.056946e+00	   7.524654e-03
16.47	  -3.055066e+00	   7.515340e-03
16.48	  -3.053188e+00	   7.506043e-03
16.49	  -3.051313e+00	   7.496764e-03
16.50	  -3.049440e+00	   7.487502e-03
16.51	  -3.047569e+00	   7.478257e-03
16.52	  -3.045701e+00	   7.469030e-03
16.53	  -3.043835e+00	   7.459820e-03
16.54	  -3.041971e+00	   7.450627e-03
16.55	  -3.040109e+00	   7.441451e-03
16.56	  -3.038250e+00	   7.432292e-03
16.57	  -3.036393e+00	   7.423150e-03
16.58	  -3.034539e+00	   7.414025e-03
16.59	  -3.032686e+00	   7.404917e-03
16.60	  -3.030836e+00	   7.395826e-03
16.61	  -3.028988e+00	   7.386752e-03
16.62	  -3.027143e+00	   7.377694e-03
16.63	  -3.025299e+00	   7.368653e-03
16.64	  -3.023458e+00	   7.359629e-03
16.65	  -3.021620e+00	   7.350622e-03
16.66	  -3.019783e+00	   7.341631e-03
16.67	  -3.017949e+00	   7.332657e-03
16.68	  -3.016117e+00	   7.323700e-03
16.69	  -3.014287e+00	   7.314759e-03
16.70	  -3.012459e+00	   7.305834e-03
16.71	  -3.010634e+00	   7.296926e-03
16.72	  -3.008811e+00	   7.288034e-03
16.73	  -3.006990e+00	   7.279159e-03
16.74	  -3.005171e+00	   7.270300e-03
16.75	  -3.003355e+00	   7.261457e-03
16.76	  -3.001541e+00	   7.252630e-03
16.77	  -2.999728e+00	   7.243820e-03
16.78	  -2.997919e+00	   7.235026e-03
16.79	  -2.996111e+00	   7.226247e-03
16.80	  -2.994306e+00	   7.217485e-03
16.81	  -2.992502e+00	   7.208739e-03
16.82	  -2.990701e+00	   7.200009e-03
16.83	  -2.988902e+00	   7.191295e-03
16.84	  -2.987105e+00	   7.182597e-03
16.85	  -2.985311e+00	   7.173915e-03
16.86	  -2.983519e+00	   7.165248e-03
16.87	  -2.981728e+00	   7.156597e-03
16.88	  -2.979940e+00	   7.147962e-03
16.89	  -2.978154e+00	   7.139343e-03
16.90	  -2.976371e+00	   7.130740e-03
16.91	  -2.974589e+00	   7.122152e-03
16.92	  -2.972809e+00	   7.113580e-03
16.93	  -2.971032e+00	   7.105023e-03
16.94	  -2.969257e+00	   7.096482e-03
16.95	  -2.967484e+00	   7.087956e-03
16.96	  -2.965713e+00	   7.079446e-03
16.97	  -2.963944e+00	   7.070951e-03
16.98	  -2.962178e+00	   7.062471e-03
16.99	  -2.960413e+00	   7.054007e-03
17.00	  -2.958651e+00	   7.045558e-03
17.01	  -2.956890e+00	   7.037125e-03
17.02	  -2.955132e+00	   7.028707e-03
17.03	  -2.953376e+00	   7.020303e-03
17.04	  -2.951622e+00	   7.011916e-03
17.05	  -2.949870e+00	   7.003543e-03
17.06	  -2.948120e+00	   6.995185e-03
17.07	  -2.946372e+00	   6.986842e-03
17.08	  -2.944627e+00	   6.978514e-03
17.09	  -2.942883e+00	   6.970202e-03
17.10	  -2.941142e+00	   6.961904e-03
17.11	  -2.939402e+00	   6.953621e-03
17.12	  -2.937665e+00	   6.945353e-03
17.13	  -2.935929e+00	   6.937100e-03
17.14	  -2.934196e+00	   6.928861e-03
17.15	  -2.932465e+00	   6.920638e-03
17.16	  -2.930736e+00	   6.912429e-03
17.17	  -2.929009e+00	   6.904235e-03
17.18	  -2.927284e+00	   6.896055e-03
17.19	  -2.925561e+00	   6.887890e-03
17.20	  -2.923840e+00	   6.879740e-03
17.21	  -2.922121e+00	   6.871604e-03
17.22	  -2.920404e+00	   6.863482e-03
17.23	  -2.918689e+00	   6.855376e-03
17.24	  -2.916976e+00	   6.847283e-03
17.25	  -2.915265e+00	   6.839205e-03
17.26	  -2.913557e+00	   6.831142e-03
17.27	  -2.911850e+00	   6.823092e-03
17.28	  -2.910145e+00	   6.815057e-03
17.29	  -2.908442e+00	   6.807037e-03
17.30	  -2.906742e+00	   6.799030e-03
17.31	  -2.905043e+00	   6.791038e-03
17.32	  -2.903346e+00	   6.783060e-03
17.33	  -2.901651e+00	   6.775096e-03
17.34	  -2.899959e+00	   6.767146e-03
17.35	  -2.898268e+00	   6.759210e-03
17.36	  -2.896579e+00	   6.751288e-03
17.37	  -2.894892e+00	   6.743381e-03
17.38	  -2.893207e+00	   6.735487e-03
17.39	  -2.891524e+00	   6.727607e-03
17.40	  -2.889843e+00	   6.719741e-03
17.41	  -2.888164e+00	   6.711889e-03
17.42	  -2.886487e+00	   6.704051e-03
17.43	  -2.884812e+00	   6.696226e-03
17.44	  -2.883139e+00	   6.688416e-03
17.45	  -2.881468e+00	   6.680619e-03
17.46	  -2.879799e+00	   6.672835e-03
17.47	  -2.878132e+00	   6.665066e-03
17.48	  -2.876467e+00	   6.657310e-03
17.49	  -2.874803e+00	   6.649568e-03
17.50	  -2.873142e+00	   6.641839e-03
17.51	  -2.871482e+00	   6.634124e-03
17.52	  -2.869825e+00	   6.626422e-03
17.53	  -2.868169e+00	   6.618734e-03
17.54	  -2.866515e+00	   6.611059e-03
17.55	  -2.864863e+00	   6.603398e-03
17.56	  -2.863214e+00	   6.595750e-03
17.57	  -2.861566e+00	   6.588116e-03
17.58	  -2.859920e+00	   6.580494e-03
17.59	  -2.858275e+00	   6.572887e-03
17.60	  -2.856633e+00	   6.565292e-03
17.61	  -2.854993e+00	   6.557710e-03
17.62	  -2.853354e+00	   6.550142e-03
17.63	  -2.851718e+00	   6.542587e-03
17.64	  -2.850083e+00	   6.535045e-03
17.65	  -2.848450e+00	   6.527516e-03
17.66	  -2.846819e+00	   6.520001e-03
17.67	  -2.845190e+00	   6.512498e-03
17.68	  -2.843563e+00	   6.505008e-03
17.69	  -2.841938e+00	   6.497532e-03
17.70	  -2.840314e+00	   6.490068e-03
17.71	  -2.838693e+00	   6.482617e-03
17.72	  -2.837073e+00	   6.475179e-03
17.73	  -2.835455e+00	   6.467754e-03
17.74	  -2.833839e+00	   6.460342e-03
17.75	  -2.832225e+00	   6.452943e-03
17.76	  -2.830613e+00	   6.445556e-03
17.77	  -2.829002e+00	   6.438182e-03
17.78	  -2.827393e+00	   6.430821e-03
17.79	  -2.825787e+00	   6.423473e-03
17.80	  -2.824182e+00	   6.416137e-03
17.81	  -2.822579e+00	   6.408814e-03
17.82	  -2.820977e+00	   6.401503e-03
17.83	  -2.819378e+00	   6.394205e-03
17.84	  -2.817780e+00	   6.386920e-03
17.85	  -2.816184e+00	   6.379647e-03
17.86	  -2.814590e+00	   6.372387e-03
17.87	  -2.812998e+00	   6.365139e-03
17.88	  -2.811408e+00	   6.357903e-03
17.89	  -2.809819e+00	   6.350680e-03
17.90	  -2.808232e+00	   6.343469e-03
17.91	  -2.806647e+00	   6.336271e-03
17.92	  -2.805064e+00	   6.329085e-03
17.93	  -2.803483e+00	   6.321911e-03
17.94	  -2.801903e+00	   6.314749e-03
17.95	  -2.800326e+00	   6.307600e-03
17.96	  -2.798750e+00	   6.300463e-03
17.97	  -2.797175e+00	   6.293338e-03
17.98	  -2.795603e+00	   6.286225e-03
17.99	  -2.794032e+00	   6.279124e-03
18.00	  -2.792463e+00	   6.272036e-03
18.01	  -2.790896e+00	   6.264959e-03
18.02	  -2.789331e+00	   6.257895e-03
18.03	  -2.787767e+00	   6.250842e-03
18.04	  -2.786205e+00	   6.243802e-03
18.05	  -2.784645e+00	   6.236773e-03
18.06	  -2.783087e+00	   6.229757e-03
18.07	  -2.781530e+00	   6.222752e-03
18.08	  -2.779976e+00	   6.215759e-03
18.09	  -2.778423e+00	   6.208778e-03
18.10	  -2.776871e+00	   6.201809e-03
18.11	  -2.775322e+00	   6.194851e-03
18.12	  -2.773774e+00	   6.187906e-03
18.13	  -2.772228e+00	   6.180972e-03
18.14	  -2.770683e+00	   6.174050e-03
18.15	  -2.769141e+00	   6.167139e-03
18.16	  -2.767600e+00	   6.160241e-03
18.17	  -2.766061e+00	   6.153353e-03
18.18	  -2.764523e+00	   6.146478e-03
18.19	  -2.762987e+00	   6.139614e-03
18.20	  -2.761453e+00	   6.132761e-03
18.21	  -2.759921e+00	   6.125920e-03
18.22	  -2.758390e+00	   6.119091e-03
18.23	  -2.756861e+00	   6.112273e-03
18.24	  -2.755334e+00	   6.105467e-03
18.25	  -2.753809e+00	   6.098671e-03
18.26	  -2.752285e+00	   6.091888e-03
18.27	  -2.750763e+00	   6.085115e-03
18.28	  -2.749242e+00	   6.078355e-03
18.29	  -2.747724e+00	   6.071605e-03
18.30	  -2.746206e+00	   6.064867e-03
18.31	  -2.744691e+00	   6.058140e-03
18.32	  -2.743177e+00	   6.051424e-03
18.33	  -2.741665e+00	   6.044719e-03
18.34	  -2.740155e+00	   6.038026e-03
18.35	  -2.738646e+00	   6.031344e-03
18.36	  -2.737139e+00	   6.024672e-03
18.37	  -2.735634e+00	   6.018013e-03
18.38	  -2.734130e+00	   6.011364e-03
18.39	  -2.732628e+00	   6.004726e-03
18.40	  -2.731128e+00	   5.998099e-03
18.41	  -2.729629e+00	   5.991483e-03
18.42	  -2.728132e+00	   5.984879e-03
18.43	  -2.726637e+00	   5.978285e-03
18.44	  -2.725143e+00	   5.971702e-03
18.45	  -2.723651e+00	   5.965130e-03
18.46	  -2.722161e+00	   5.958569e-03
18.47	  -2.720672e+00	   5.952019e-03
18.48	  -2.719185e+00	   5.945480e-03
18.49	  -2.717699e+00	   5.938952e-03
18.50	  -2.716215e+00	   5.932434e-03
18.51	  -2.714733e+00	   5.925927e-03
18.52	  -2.713252e+00	   5.919431e-03
18.53	  -2.711773e+00	   5.912946e-03
18.54	  -2.710296e+00	   5.906471e-03
18.55	  -2.708820e+00	   5.900007e-03
18.56	  -2.707346e+00	   5.893554e-03
18.57	  -2.705873e+00	   5.887111e-03
18.58	  -2.704402e+00	   5.880679e-03
18.59	  -2.702933e+00	   5.874258e-03
18.60	  -2.701465e+00	   5.867847e-03
18.61	  -2.699999e+00	   5.861447e-03
18.62	  -2.698534e+00	   5.855057e-03
18.63	  -2.697071e+00	   5.848677e-03
18.64	  -2.695610e+00	   5.842309e-03
18.65	  -2.694150e+00	   5.835950e-03
18.66	  -2.692692e+00	   5.829602e-03
18.67	  -2.691235e+00	   5.823265e-03
18.68	  -2.689780e+00	   5.816937e-03
18.69	  -2.688327e+00	   5.810621e-03
18.70	  -2.686875e+00	   5.804314e-03
18.71	  -2.685425e+00	   5.798018e-03
18.72	  -2.683976e+00	   5.791732e-03
18.73	  -2.682529e+00	   5.785457e-03
18.74	  -2.681083e+00	   5.779191e-03
18.75	  -2.679639e+00	   5.772936e-03
18.76	  -2.678197e+00	   5.766691e-03
18.77	  -2.676756e+00	   5.760456e-03
18.78	  -2.675317e+00	   5.754232e-03
18.79	  -2.673879e+00	   5.748017e-03
18.80	  -2.672443e+00	   5.741813e-03
18.81	  -2.671008e+00	   5.735619e-03
18.82	  -2.669575e+00	   5.729435e-03
18.83	  -2.668143e+00	   5.723260e-03
18.84	  -2.666713e+00	   5.717096e-03
18.85	  -2.665285e+00	   5.710942e-03
18.86	  -2.663858e+00	   5.704798e-03
18.87	  -2.662432e+00	   5.698664e-03
18.88	  -2.661008e+00	   5.692540e-03
18.89	  -2.659586e+00	   5.686425e-03
18.90	  -2.658165e+00	   5.680321e-03
18.91	  -2.656746e+00	   5.674226e-03
18.92	  -2.655328e+00	   5.668142e-03
18.93	  -2.653912e+00	   5.662067e-03
18.94	  -2.652497e+00	   5.656002e-03
18.95	  -2.651084e+00	   5.649947e-03
18.96	  -2.649672e+00	   5.643901e-03
18.97	  -2.648262e+00	   5.637865e-03
18.98	  -2.646853e+00	   5.631839e-03
18.99	  -2.645446e+00	   5.625823e-03
19.00	  -2.644040e+00	   5.619816e-03
19.01	  -2.642636e+00	   5.613819e-03
19.02	  -2.641233e+00	   5.607832e-03
19.03	  -2.639832e+00	   5.601854e-03
19.04	  -2.638432e+00	   5.595886e-03
19.05	  -2.637034e+00	   5.589928e-03
19.06	  -2.635637e+00	   5.583979e-03
19.07	  -2.634242e+00	   5.578039e-03
19.08	  -2.632848e+00	   5.572110e-03
19.09	  -2.631456e+00	   5.566189e-03
19.10	  -2.630065e+00	   5.560278e-03
19.11	  -2.628676e+00	   5.554377e-03
19.12	  -2.627288e+00	   5.548485e-03
19.13	  -2.625902e+00	   5.542602e-03
19.14	  -2.624517e+00	   5.536729e-03
19.15	  -2.623133e+00	   5.530865e-03
19.16	  -2.621751e+00	   5.525011e-03
19.17	  -2.620371e+00	   5.519165e-03
19.18	  -2.618992e+00	   5.513330e-03
19.19	  -2.617614e+00	   5.507503e-03
19.20	  -2.616238e+00	   5.501686e-03
19.21	  -2.614863e+00	   5.495878e-03
19.22	  -2.613490e+00	   5.490079e-03
19.23	  -2.612118e+00	   5.484289e-03
19.24	  -2.610748e+00	   5.478509e-03
19.25	  -2.609379e+00	   5.472738e-03
19.26	  -2.608011e+00	   5.466976e-03
19.27	  -2.606645e+00	   5.461223e-03
19.28	  -2.605281e+00	   5.455479e-03
19.29	  -2.603918e+00	   5.449745e-03
19.30	  -2.602556e+00	   5.444019e-03
19.31	  -2.601196e+00	   5.438302e-03
19.32	  -2.599837e+00	   5.432595e-03
19.33	  -2.598479e+00	   5.426897e-03
19.34	  -2.597123e+00	   5.421207e-03
19.35	  -2.595769e+00	   5.415527e-03
19.36	  -2.594416e+00	   5.409855e-03
19.37	  -2.593064e+00	   5.404193e-03
19.38	  -2.591713e+00	   5.398539e-03
19.39	  -2.590365e+00	   5.392894e-03
19.40	  -2.589017e+00	   5.387258e-03
19.41	  -2.587671e+00	   5.381631e-03
19.42	  -2.586326e+00	   5.376013e-03
19.43	  -2.584983e+00	   5.370404e-03
19.44	  -2.583641e+00	   5.364804e-03
19.45	  -2.582301e+00	   5.359212e-03
19.46	  -2.580961e+00	   5.353629e-03
19.47	  -2.579624e+00	   5.348055e-03
19.48	  -2.578287e+00	   5.342490e-03
19.49	  -2.576952e+00	   5.336933e-03
19.50	  -2.575619e+00	   5.331385e-03
19.51	  -2.574287e+00	   5.325846e-03
19.52	  -2.572956e+00	   5.320315e-03
19.53	  -2.571627e+00	   5.314793e-03
19.54	  -2.570299e+00	   5.309280e-03
19.55	  -2.568972e+00	   5.303775e-03
19.56	  -2.567647e+00	   5.298279e-03
19.57	  -2.566323e+00	   5.292792e-03
19.58	  -2.565000e+00	   5.287313e-03
19.59	  -2.563679e+00	   5.281843e-03
19.60	  -2.562359e+00	   5.276381e-03
19.61	  -2.561041e+00	   5.270927e-03
19.62	  -2.559724e+00	   5.265482e-03
19.63	  -2.558408e+00	   5.260046e-03
19.64	  -2.557094e+00	   5.254618e-03
19.65	  -2.555781e+00	   5.249199e-03
19.66	  -2.554469e+00	   5.243787e-03
19.67	  -2.553159e+00	   5.238385e-03
19.68	  -2.551850e+00	   5.232990e-03
19.69	  -2.550543e+00	   5.227605e-03
19.70	  -2.549236e+00	   5.222227e-03
19.71	  -2.547931e+00	   5.216858e-03
19.72	  -2.546628e+00	   5.211497e-03
19.73	  -2.545326e+00	   5.206144e-03
19.74	  -2.544025e+00	   5.200800e-03
19.75	  -2.542725e+00	   5.195464e-03
19.76	  -2.541427e+00	   5.190136e-03
19.77	  -2.540130e+00	   5.184816e-03
19.78	  -2.538835e+00	   5.179505e-03
19.79	  -2.537540e+00	   5.174201e-03
19.80	  -2.536248e+00	   5.168906e-03
19.81	  -2.534956e+00	   5.163620e-03
19.82	  -2.533666e+00	   5.158341e-03
19.83	  -2.532377e+00	   5.153070e-03
19.84	  -2.531089e+00	   5.147808e-03
19.85	  -2.529803e+00	   5.142553e-03
19.86	  -2.528518e+00	   5.137307e-03
19.87	  -2.527234e+00	   5.132069e-03
19.88	  -2.525952e+00	   5.126838e-03
19.89	  -2.524671e+00	   5.121616e-03
19.90	  -2.523391e+00	   5.116402e-03
19.91	  -2.522113e+00	   5.111196e-03
19.92	  -2.520836e+00	   5.105998e-03
19.93	  -2.519560e+00	   5.100807e-03
19.94	  -2.518285e+00	   5.095625e-03
19.95	  -2.517012e+00	   5.090451e-03
19.96	  -2.515740e+00	   5.085284e-03
19.97	  -2.514469e+00	   5.080126e-03
19.98	  -2.513200e+00	   5.074975e-03
19.99	  -2.511932e+00	   5.069832e-03
20.00	  -2.510665e+00	   5.064697e-03
