0.048555
0.047991
0.048168
0.048124
0.048155
0.047740
0.047468
0.049129
0.049293
0.047736
0.048649
0.049490
0.047791
0.046187
0.047445
0.047240
0.046951
0.047307
0.047702
0.048004
0.048236
0.048535
0.046222
0.048010
0.048401
0.046708
0.047655
0.048017
0.048504
0.048262
0.047895
0.047909
0.048309
0.048088
0.048656
0.048382
0.047013
0.048735
0.047693
0.047015
0.047706
0.048166
0.046625
0.049540
0.048754
0.048290
0.047741
0.049170
0.048307
0.050546
0.046934
0.047913
0.048555
0.047962
0.048504
0.047960
0.048473
0.046794
0.049133
0.050490
0.048796
0.047077
0.048526
0.048064
0.048054
0.049857
0.048895
0.049520
0.048703
0.047786
0.048010
0.047686
0.048519
0.047188
0.049192
0.049103
0.048007
0.047698
0.047333
0.048580
0.048673
0.048174
0.047591
0.048973
0.049860
0.048260
0.047978
0.048497
0.048218
0.049248
0.047466
0.049871
0.049008
0.047344
0.046896
0.047793
0.048482
0.047940
0.048662
0.048884
