7.331893
9.478221
9.050360
9.030977
8.896328
9.177994
8.403854
8.895348
9.837078
9.022673
8.972695
8.738738
9.816105
7.748597
9.293811
7.961665
5.677346
8.744645
6.650398
8.886642
8.739405
9.106705
9.567323
8.416847
7.379373
8.531657
9.003968
9.613019
9.103382
10.108411
9.059579
9.667864
9.779592
8.950627
8.935092
7.135063
6.637243
8.829899
8.922454
8.088861
8.939769
8.646220
8.103041
9.086345
9.777314
8.893019
6.784275
9.095036
8.995644
8.918384
9.013084
8.964730
9.992152
9.123073
9.953097
8.891192
10.062604
9.218421
9.673951
9.035992
10.003244
7.666931
9.406139
9.199839
9.365935
8.999337
8.179386
9.620782
9.725143
8.019381
9.247324
8.808668
9.577622
9.468950
8.878689
8.961784
8.849467
9.538783
9.551424
8.630626
9.007158
7.837132
8.688253
9.223253
8.990093
9.006551
9.109835
9.850780
10.141779
9.569407
9.496998
8.040468
10.296826
9.936292
9.349961
8.586233
8.775308
8.569743
8.760946
8.463943
