-0.053411
0.443905
0.248942
-0.328925
-0.135807
0.084352
0.013794
-0.560870
-0.262339
0.009666
-0.285045
-0.093202
-0.064797
-0.219827
-0.003884
-0.279137
-0.419580
-0.190452
-0.014389
0.302496
-0.368123
-0.045427
0.053778
-0.551273
0.410676
-0.135454
0.209810
-0.379497
0.063754
-0.289157
-0.131510
-0.189157
0.009704
-0.125418
-0.325821
0.148575
0.010227
-0.036554
-0.402081
-0.033103
-0.098976
-0.233204
0.257740
0.366004
-0.249268
-0.103990
0.499001
0.317826
-0.141501
-0.033564
0.494436
-0.404056
-0.010997
-0.253080
0.174931
0.343207
0.017488
-0.260352
-0.436625
-0.008814
-0.275416
-0.285932
-0.046584
-0.109148
-0.278558
-0.209942
0.149908
0.040433
-0.391429
-0.333004
0.335670
-0.271755
-0.395129
-0.179388
0.432606
0.057249
-0.238072
0.222911
0.342605
-0.222556
-0.167750
-0.080946
-0.379445
-0.066910
-0.351168
0.023806
-0.000679
-0.718350
-0.011990
-0.227695
0.149924
-0.387336
-0.081652
-0.324680
-0.427621
-0.199006
-0.051261
0.318588
-0.476383
-0.157772
