0.037320
-0.113180
0.027060
0.087660
0.031520
0.003860
0.002740
0.101720
-0.074220
0.052100
0.092580
-0.034540
0.037060
0.113500
0.102120
-0.031300
0.015620
-0.003740
0.087700
0.022340
-0.006340
-0.051680
-0.032580
-0.015020
-0.022960
-0.034380
-0.102280
0.093400
-0.041900
0.020780
0.003960
0.072620
-0.041240
0.026440
0.147760
-0.117260
0.117260
-0.076940
0.063780
-0.023300
0.041900
0.049120
-0.103060
0.191820
-0.165600
0.116500
0.075440
-0.129200
-0.025000
0.082720
0.048140
0.022340
-0.032240
0.044640
-0.073660
0.088200
0.128040
-0.163060
0.076340
0.012500
-0.038500
-0.020560
-0.006420
0.029740
