0.006624
-0.023948
-0.008220
0.008512
-0.040755
-0.045376
-0.035999
-0.023180
-0.008747
0.014795
-0.013580
-0.013106
-0.032127
-0.033462
-0.004763
0.006114
-0.013284
0.001647
-0.034887
-0.011139
0.002799
-0.011623
-0.009422
-0.026770
0.016611
-0.053254
-0.013827
0.010865
-0.004412
-0.020179
-0.006387
-0.050054
-0.022162
-0.011152
-0.003767
-0.010657
0.013131
-0.026920
-0.025868
-0.057166
-0.018047
-0.016959
-0.009968
-0.008671
-0.014336
0.005136
-0.034691
-0.012223
-0.033396
-0.003276
0.018564
-0.007285
-0.008453
-0.018143
-0.024836
-0.041803
0.008348
0.002712
0.010050
-0.020714
0.000006
-0.020459
-0.037529
-0.027253
