-2.030000
-0.645000
-0.685000
1.205000
5.270000
-0.485000
-1.715000
-0.820000
-0.500000
-1.910000
-2.725000
-1.500000
-0.380000
-1.700000
-1.640000
-0.420000
-0.485000
-0.740000
-1.615000
-1.575000
-0.500000
0.110000
-2.235000
-3.120000
-0.935000
-2.060000
-2.515000
-2.065000
-1.200000
-1.685000
-2.225000
-1.755000
-2.055000
-0.750000
-1.020000
-2.315000
-0.210000
0.040000
-1.525000
-3.200000
-1.840000
-2.710000
-1.130000
-1.135000
-1.205000
-0.705000
-1.510000
-1.400000
-0.755000
-0.790000
-0.260000
-0.275000
3.670000
0.640000
-0.985000
-1.345000
-0.920000
-0.935000
-1.520000
3.660000
12.120000
2.865000
-0.245000
-1.210000
