1.524377
1.549826
1.551584
1.557632
1.551197
1.534186
1.529168
1.555900
1.547189
1.549729
1.548473
1.575615
1.553237
1.534592
1.539144
1.533554
1.522619
1.543753
1.527752
1.554585
1.550271
1.545683
1.529156
1.560687
1.525956
1.531979
1.552597
1.539979
1.535992
1.549978
1.544790
1.531169
1.537236
1.541916
1.557202
1.550401
1.528529
1.548901
1.540762
1.519369
1.531031
1.542822
1.556054
1.559057
1.552175
1.551861
1.523195
1.543484
1.552383
1.574095
1.532509
1.550089
1.550757
1.554815
1.546063
1.556802
1.551476
1.538934
1.557997
1.559229
1.546435
1.523037
1.541962
1.535660
1.549891
1.544980
1.557925
1.556064
1.554677
1.531368
1.523388
1.549053
1.537872
1.530582
1.543653
1.562874
1.546280
1.534555
1.536805
1.562892
1.551848
1.561048
1.536735
1.523292
1.561615
1.547229
1.549435
1.546956
1.544958
1.548038
1.520410
1.534701
1.547852
1.546384
1.543641
1.534844
1.546677
1.538299
1.568828
1.556424
