0.010820
0.016080
0.008940
0.013700
0.009780
0.010620
0.007320
0.008880
0.004520
0.011180
0.006960
0.012180
0.007380
0.009080
0.006240
0.009100
0.013500
0.011460
0.015120
0.010440
0.013300
0.012460
0.010540
0.006720
0.012800
0.006940
0.006400
0.011320
0.011460
0.009440
0.005560
0.005440
0.011160
0.009380
0.016080
0.008140
0.008020
0.010760
0.006640
0.004440
0.010520
0.004960
0.010000
0.008820
0.006100
0.008760
0.008120
0.008360
0.008780
0.011240
0.011260
0.009120
0.010400
0.010700
0.008320
0.009200
0.008900
0.011000
0.011660
0.010200
0.014740
0.010360
0.017040
0.009780
