-0.002170
-0.001859
-0.002035
-0.001895
-0.001960
-0.002076
-0.001991
-0.002194
-0.002145
-0.001988
-0.002094
-0.001962
-0.001900
-0.001904
-0.001947
-0.001972
-0.001840
-0.001996
-0.002034
-0.001891
-0.001921
-0.002122
-0.001893
-0.001944
-0.002201
-0.001959
-0.002041
-0.002059
-0.002175
-0.002063
-0.001946
-0.002061
-0.002158
-0.002106
-0.002007
-0.002005
-0.001948
-0.002031
-0.002086
-0.002022
-0.001965
-0.002036
-0.001916
-0.002104
-0.002028
-0.002108
-0.002156
-0.002196
-0.002084
-0.002326
-0.002029
-0.001981
-0.002045
-0.002086
-0.002197
-0.001882
-0.002074
-0.002032
-0.002267
-0.002307
-0.002128
-0.001984
-0.002047
-0.002045
-0.002058
-0.002356
-0.002157
-0.002200
-0.002183
-0.002180
-0.002246
-0.001984
-0.002100
-0.002052
-0.002271
-0.002156
-0.002033
-0.002110
-0.001986
-0.002055
-0.002076
-0.001989
-0.002009
-0.002250
-0.002242
-0.002127
-0.002060
-0.002130
-0.001984
-0.002166
-0.002100
-0.002339
-0.002133
-0.001976
-0.002016
-0.002070
-0.002086
-0.002062
-0.002083
-0.002069
