0.010204	0.008837	0.013266	0.023185	0.004419	0.003241	0.018540	0.011957	-0.001883	0.011095	-0.000009	0.003443	0.006861	-0.014319	-0.014646	-0.002793	-0.003170	0.008822	-0.001839	-0.006542	0.021806	0.005039	0.004257	-0.010448	0.001885	0.003880	-0.007849	0.008624	0.000301	0.000560	-0.003426	0.020252	0.006038	-0.004180	0.014865	-0.007370	0.003757	-0.014856	-0.009505	0.005562	0.013559	0.003770	0.004594	0.000503	-0.012667	-0.005077	-0.000345	0.016075	0.008113	-0.010765	0.007906	0.000665	-0.002202	0.011177	0.014953	0.014640	-0.003589	0.003058	0.010083	0.015345	0.003554	0.004032	-0.001484	-0.006301
0.016728	0.025302	0.007022	0.018977	0.011703	0.001766	0.009603	0.021686	0.004325	0.022955	-0.017742	0.015910	0.006625	0.002452	0.004788	-0.013299	0.007144	0.012301	0.023230	0.003988	0.000878	0.001344	0.013242	0.006684	0.003082	0.010760	0.007881	0.017548	-0.000567	0.001496	-0.001132	-0.010429	0.009368	0.010439	0.011365	0.004814	-0.008321	0.000686	-0.000427	-0.005687	0.007079	0.009760	0.026166	0.008936	0.005565	0.002703	-0.013905	0.004689	0.008014	0.031843	0.009426	0.010769	0.006854	-0.003046	0.015396	0.012811	0.014878	0.002679	0.021406	-0.004058	0.016276	0.028978	0.002930	0.002967
0.009055	0.004299	-0.008811	0.006263	-0.004502	0.009940	-0.003556	0.021410	-0.002995	0.002643	0.010520	-0.004697	0.007863	0.019467	-0.009764	0.008006	0.011795	0.013228	-0.004248	-0.006480	0.014470	0.011577	0.009026	0.010213	0.002931	0.007756	0.007109	0.001404	0.027312	0.012561	-0.005143	0.012689	-0.000103	0.015434	0.021420	-0.000391	0.017149	0.012360	0.015540	0.024242	0.005846	-0.003230	-0.002083	-0.000743	0.003683	0.008551	0.009282	0.014640	0.007204	0.020974	0.006911	0.033461	0.012111	-0.002897	-0.005980	0.011328	0.006619	0.015919	0.011855	0.006180	0.000135	-0.007572	0.003632	0.014652
0.010854	-0.000090	0.009027	0.013837	0.000399	0.007141	0.004179	-0.004796	0.009950	0.016660	0.018282	0.020455	-0.005942	-0.002515	0.009115	0.011505	0.017793	0.048248	0.019891	0.021791	0.020982	0.013177	0.003601	0.013082	0.001354	0.005761	0.002130	0.011512	0.030818	-0.010814	0.009074	-0.009445	0.002691	0.017917	0.011677	-0.002327	-0.000857	0.011439	-0.002277	0.004857	0.007444	-0.001944	0.028669	0.013521	-0.016775	0.004620	-0.000981	0.013039	-0.003326	0.005503	0.013573	0.016508	-0.004127	0.002478	-0.001101	-0.002179	0.022528	0.012079	-0.003325	0.018327	0.030302	0.016446	-0.006359	0.000788
0.019349	0.004729	0.012300	0.016056	-0.002050	0.003537	-0.027603	-0.005543	0.001853	-0.004831	0.019932	-0.005015	0.000864	0.007153	0.015880	-0.008821	0.021142	0.007897	0.001830	0.011678	0.010551	0.001123	0.006931	0.002322	0.011594	0.013352	0.020032	-0.001772	0.027770	-0.011711	0.003113	0.010772	0.010818	0.002462	0.008516	0.002060	0.000922	0.013527	0.009765	-0.001666	0.018247	0.008066	0.015715	0.012701	-0.003869	-0.000825	0.012915	0.012923	0.007728	0.009819	0.021883	0.003422	0.011554	0.004429	0.002656	0.017815	0.016156	0.018352	0.021801	0.009455	0.015691	0.003580	0.010859	0.005413
0.009590	0.016892	0.000560	0.026689	-0.003892	-0.006443	0.016028	0.015175	0.010754	0.013413	0.004864	-0.001198	0.004159	-0.001015	0.014779	0.005757	0.001042	0.003639	0.011233	0.000102	-0.000708	0.008894	0.010785	0.002078	0.004650	0.005794	-0.011500	-0.008188	-0.001535	0.003574	0.009289	0.018846	0.015915	0.006104	0.007979	-0.004115	0.005149	0.003809	0.009817	-0.002801	0.014368	0.018835	0.005487	0.010386	0.012596	0.003781	0.008531	0.006220	0.007118	-0.000562	0.008121	0.012358	0.021523	0.017433	0.025656	-0.001452	0.015766	0.011684	0.029165	0.001079	0.001416	0.000161	-0.010162	0.000694
-0.000583	0.013096	0.011871	0.027596	0.015930	0.000952	-0.003868	0.010065	-0.009222	0.024721	0.018029	0.004941	-0.009218	0.018774	0.003032	0.015227	-0.007467	0.000843	0.009765	0.007425	0.003664	0.013837	-0.003559	0.002407	0.010406	0.010025	0.013323	-0.002085	-0.006039	0.019233	0.007903	-0.001554	0.023670	0.011705	0.022710	0.008854	0.027340	0.025080	0.003696	0.013366	0.014296	0.018232	-0.000713	0.014132	0.015624	-0.011573	-0.009066	-0.015328	0.002922	0.014781	0.021948	0.009660	0.021748	-0.008030	-0.014939	0.002389	0.010034	0.008847	-0.011429	0.006198	-0.002489	0.012985	0.011453	-0.003439
-0.000973	-0.003207	0.004511	0.016582	-0.001298	0.010625	-0.001563	-0.004287	0.001410	-0.005137	-0.002176	-0.003034	0.023312	0.007008	-0.003959	0.004457	0.006500	0.004677	0.014841	0.014776	0.003737	0.002574	0.003903	-0.017144	-0.006607	0.017532	0.021332	0.006706	0.013376	0.009884	0.034728	0.015023	0.004811	-0.002751	-0.006088	0.007539	-0.002688	-0.008089	0.000993	-0.005633	0.023675	0.011895	0.005969	0.019688	0.005484	-0.002897	0.019708	0.011480	-0.005083	0.002412	-0.003595	-0.008247	0.014880	0.025183	-0.006709	0.010867	-0.002019	0.000330	-0.001472	-0.002634	0.008618	0.000680	0.010587	0.003721
0.001353	-0.001348	-0.000289	0.015918	0.010426	-0.005229	0.002859	0.010012	-0.013323	0.009534	-0.002229	0.011965	-0.003856	-0.015216	-0.013431	0.002731	0.008223	-0.001944	0.013838	-0.009419	0.005289	-0.007681	-0.003133	0.003367	-0.002552	-0.001104	0.014296	0.001698	0.013370	-0.006369	0.007635	0.016841	-0.018471	-0.002310	0.014013	0.003417	0.008393	-0.000817	0.004551	-0.000083	0.016466	0.006721	0.010939	0.002069	-0.000704	-0.000762	0.006036	-0.000366	0.007929	0.027875	0.017420	0.005149	0.017645	0.000794	-0.016271	-0.007495	-0.014475	0.003145	0.007202	0.023782	0.013340	0.004362	0.014166	-0.018104
0.012255	0.017352	-0.007083	0.018499	0.010871	0.002879	0.012090	0.029050	0.008502	0.010161	0.000201	0.000176	0.013190	-0.001851	0.005804	0.003190	0.015790	0.011300	0.019330	0.003546	0.007485	-0.001698	0.002272	0.008995	0.015658	-0.002104	0.015967	0.022992	0.014488	0.025211	-0.001950	-0.005256	-0.007813	0.021969	0.018284	0.007730	0.009798	-0.001338	0.031680	0.006791	0.010261	0.011382	0.011865	0.009011	-0.001930	0.011340	0.027068	0.021015	0.021781	0.001945	-0.003190	0.004779	0.008382	0.018661	-0.009191	0.021806	0.006254	0.002820	-0.005626	-0.009664	0.017185	0.009344	-0.003031	-0.004924
0.003515	0.027090	0.005735	-0.005734	0.002962	0.002060	-0.020461	0.003796	0.001754	0.015398	0.024516	0.018354	0.002558	-0.004898	0.027431	0.005402	0.007336	0.007471	0.011873	0.006504	0.001075	0.000720	0.006846	-0.001187	-0.000682	0.004692	0.001458	0.019692	-0.018494	0.016798	0.016811	-0.015330	0.003232	0.000921	-0.006112	-0.002780	-0.006430	0.024635	0.016565	0.014352	0.013385	-0.008009	-0.000411	0.009587	-0.008805	0.012387	0.004412	0.002148	0.012349	0.010404	0.004676	0.017974	-0.004067	0.012616	0.009830	0.001723	0.008430	-0.002186	0.016164	0.005569	0.002481	0.015744	0.000374	-0.009251
-0.008359	0.015444	-0.003308	0.025686	-0.010358	0.022511	0.008321	0.005974	-0.001856	0.009233	0.004503	0.020402	0.007143	0.008873	0.001395	0.003966	0.010835	-0.010709	-0.005292	0.015238	0.010678	0.004945	0.007257	0.008349	0.002805	-0.003371	0.005920	-0.000205	0.010107	-0.010831	0.012753	0.009637	0.010411	0.017547	0.026963	0.017044	-0.013035	-0.009127	-0.002785	0.003261	0.010908	-0.003536	0.008029	0.001190	-0.003728	-0.011407	-0.007237	-0.009659	-0.003214	0.016508	0.001806	0.032687	0.012255	0.007333	-0.003554	0.011354	0.001034	0.011273	0.033291	0.010051	0.020337	0.002061	0.010840	0.024562
0.000721	0.029430	0.016660	0.004432	0.013626	0.016239	0.011773	-0.008795	-0.001474	0.006436	0.006791	0.014902	0.008000	-0.005882	0.008705	0.010866	0.016153	0.018145	0.018502	0.014220	0.008449	-0.009083	0.011123	0.008862	0.012085	-0.006549	-0.005918	0.018790	0.007875	0.012519	0.006293	0.005924	0.016940	0.002117	0.010281	0.003402	0.002354	0.004757	0.008944	-0.000231	0.019326	-0.004506	0.004209	0.003873	0.018284	0.009918	0.016849	-0.007734	0.008899	0.016053	0.010249	0.018155	0.004142	0.022396	0.028707	0.002405	0.001973	0.024902	0.025336	0.004384	0.005620	0.005996	-0.002132	-0.003997
-0.001382	0.003902	0.007593	0.014406	0.024693	0.001435	0.017925	0.007438	0.006532	0.012822	-0.006501	0.012925	0.010037	0.014280	0.011181	0.031296	0.003472	0.001210	0.001613	0.003298	0.004231	0.020816	0.024094	0.004424	0.000801	0.007704	-0.000285	0.014821	0.010625	-0.005103	0.022196	0.024511	0.000410	0.003164	0.013045	0.013307	0.015821	0.027605	0.008386	-0.001605	-0.004653	-0.005611	0.005944	0.025558	0.003626	0.011647	0.008573	0.017133	0.030020	0.002413	0.004156	0.019502	0.017498	0.029388	0.014722	0.005641	0.015494	0.020809	0.017569	0.015579	0.024528	0.024469	0.027343	0.016140
0.006540	0.013034	0.019660	0.003278	0.012539	0.005714	0.008240	0.019752	0.008152	0.008676	-0.006214	0.016270	0.013991	0.028782	0.003205	0.009216	0.014539	0.024325	0.009413	0.012013	0.016252	0.010719	0.003154	0.009236	0.020624	-0.002390	0.006313	0.003652	0.018735	-0.009456	-0.001805	0.010395	0.023282	0.008278	0.005635	0.023984	-0.008640	-0.016338	0.009218	0.000491	-0.000660	0.008898	0.006752	0.000510	-0.008902	0.012014	0.012945	0.004168	0.022791	-0.004102	-0.009195	-0.000819	0.006306	0.010436	0.004717	0.010663	-0.003948	0.021670	0.008105	0.018083	0.013986	0.013444	0.017798	0.013186
0.013748	0.023773	0.009876	0.017440	0.008703	0.020755	0.000706	0.024406	0.002919	-0.007839	0.003807	0.002724	0.014324	0.002019	-0.001466	-0.014163	0.001937	-0.020694	-0.007671	0.015398	0.018402	0.011897	-0.003597	0.001362	0.005652	-0.008778	0.017337	0.018614	0.008925	0.007649	0.004661	-0.016049	0.004200	-0.000249	0.000031	0.004541	0.025453	0.014973	0.001734	0.008565	0.023303	0.013342	0.006417	0.001756	0.013770	0.011279	0.015778	0.013380	0.018225	0.003543	0.020751	0.011959	0.029624	0.004077	0.023906	0.012013	0.003179	0.004531	0.005526	0.012814	0.017216	0.006137	0.012267	0.029300
0.024848	0.016393	0.008769	0.013985	0.013519	-0.003234	0.002409	-0.008012	0.011740	0.014041	0.002273	0.024009	-0.005286	-0.008526	0.006644	0.016098	0.027576	0.006560	0.020931	0.009244	0.008220	0.015850	0.013165	-0.007230	0.025851	0.020703	0.000952	0.013397	0.014096	0.007535	-0.000751	-0.001146	0.007845	0.019723	0.015551	0.004809	0.011692	-0.020571	0.015228	-0.013516	0.002785	-0.008945	-0.006045	0.016286	-0.000354	0.006906	0.006929	0.009369	0.004950	-0.006813	0.015493	0.002086	-0.008529	0.003652	0.020487	0.014584	0.004311	0.005213	0.005534	0.028019	0.013931	0.012365	0.021330	0.010960
0.005033	0.006622	0.005680	0.008727	0.014748	0.006880	0.012434	0.005162	0.005693	-0.012838	0.012276	0.011608	0.015756	-0.019131	0.025979	0.006085	0.022128	-0.002301	0.014582	-0.002340	0.005242	0.025885	0.008303	0.010648	0.020622	0.011882	0.008091	0.013078	0.033879	0.009502	0.008687	0.018680	0.021260	0.021483	0.018433	-0.000992	0.024336	-0.002670	0.010169	0.000586	0.009119	0.008087	0.011041	0.012380	0.022841	0.011618	0.004884	0.015632	0.016291	-0.004926	0.013332	0.013904	0.006616	0.021068	0.003742	0.006739	0.003948	0.006628	-0.004203	-0.006162	0.024860	0.000360	-0.001198	-0.015561
-0.001561	-0.000773	0.022969	0.018359	0.003742	0.031951	0.017938	0.003746	-0.019430	0.027584	-0.006918	-0.006971	0.017714	0.034173	0.020351	0.010336	0.013099	0.015367	0.015680	0.009970	0.010632	0.009147	0.000675	0.001894	-0.009976	0.003043	-0.006149	-0.003238	0.010053	0.019767	0.012584	-0.012158	-0.005516	0.013702	-0.001851	0.003040	0.011200	-0.001245	0.006129	-0.010283	0.000969	0.004281	-0.010950	0.009414	0.004635	0.011504	0.007941	0.017169	0.004745	0.001754	0.006169	0.011404	0.007454	0.008223	-0.001010	-0.000564	-0.007265	0.023300	-0.003501	0.000534	0.003460	0.018374	0.008626	0.017286
0.000369	0.012927	0.001999	0.031093	0.001179	0.013035	0.013735	0.010545	0.003596	0.007582	0.006181	0.009977	0.017464	0.030155	0.000829	-0.006896	0.011000	0.032855	0.003336	0.024784	0.026294	0.004971	0.013229	0.020818	0.004606	0.003637	-0.001126	-0.001035	0.001130	-0.005472	0.005119	-0.001870	0.007956	-0.008563	0.011229	0.013617	-0.013420	0.009780	0.017180	-0.008201	0.022899	0.005418	-0.002002	0.005802	0.009667	0.007979	0.012380	-0.002856	0.006213	-0.008545	0.003794	-0.001990	0.002760	0.022407	0.018778	0.012646	-0.004728	0.004465	0.020040	0.012169	0.033149	0.014775	0.013777	0.004765
0.007295	0.007973	0.014269	0.020563	0.000744	-0.006712	-0.012615	0.010142	-0.007525	-0.014896	0.009793	0.033982	0.007170	0.014011	0.004616	0.003016	0.018109	0.003526	0.012104	0.012688	0.004584	0.017858	0.004847	-0.001499	0.015465	-0.002110	0.005844	0.009399	0.018735	0.011909	0.004324	0.013166	0.022258	0.014024	0.010673	-0.005530	-0.005399	0.001487	-0.001295	0.002984	0.008207	0.009177	0.006709	0.011360	0.003105	-0.015825	-0.005469	0.002744	-0.006215	0.013092	0.023869	0.019730	0.005856	0.020308	0.005545	0.002523	0.000491	0.005410	0.005385	0.011032	0.011189	0.008071	0.014030	0.018195
0.015082	-0.004784	-0.019195	0.013458	-0.007752	0.000818	-0.009757	-0.012411	0.010205	0.012591	-0.003832	-0.019610	-0.002044	0.007201	-0.011434	0.005854	0.008124	0.012292	0.008938	-0.002664	0.018036	0.004824	0.005136	-0.003365	0.003172	-0.003543	0.003270	0.024822	-0.004287	-0.010256	0.018612	0.003264	0.000478	0.016143	0.006426	0.026692	0.012918	0.000885	0.026322	-0.001949	0.015961	0.008100	0.021602	0.024445	0.004535	-0.001904	0.010645	-0.000979	0.024379	0.009186	0.006062	0.010512	-0.005793	-0.003645	0.014716	-0.000387	-0.001160	0.013115	0.018133	0.015333	0.016872	-0.001416	-0.005471	0.018779
0.004497	0.010408	0.023848	0.017151	0.015003	0.030925	0.002158	0.015345	0.004357	0.010641	0.022975	0.015717	0.014687	0.019603	0.002486	-0.001872	-0.000386	-0.011435	0.029717	-0.000152	0.007491	0.006678	0.011260	0.014489	0.018954	0.000570	0.005112	0.010938	0.007241	0.023462	0.011764	0.014995	0.017125	0.021383	0.013716	-0.002553	0.010857	0.003883	0.003169	0.011345	0.020615	0.006733	0.011498	0.025556	0.009723	0.031674	0.011523	-0.010948	0.013773	0.012573	0.023111	0.017355	0.005553	-0.003362	0.003575	-0.003241	0.002324	0.017084	0.028146	0.014882	-0.000785	0.013921	0.022055	0.000822
0.005091	0.009946	0.000683	0.015418	0.007182	0.012053	-0.003368	-0.000208	0.011303	0.005503	0.022173	0.007158	0.009386	0.016444	-0.009525	-0.011105	-0.001389	0.020602	0.007026	0.034047	0.005558	0.010596	0.021833	0.025635	0.030205	0.019589	0.017610	0.017706	0.017459	0.002568	-0.002276	0.008428	0.006456	0.002875	0.018419	0.017944	0.009811	0.020996	-0.004891	0.003731	0.000629	-0.015180	0.004725	0.005761	0.019999	0.013683	-0.001649	0.024222	0.016678	0.010355	0.003809	-0.004291	0.003784	0.020223	0.025426	0.023067	0.001117	-0.002755	0.006942	-0.010112	0.011314	0.008654	0.005756	-0.008868
0.010769	0.003212	-0.009350	-0.021236	0.006451	0.026856	0.022687	0.001785	-0.001867	0.009672	-0.007855	0.008313	0.013997	0.019664	0.005877	0.003273	-0.001700	-0.003749	0.002693	0.010100	0.017742	0.001680	0.020843	0.002733	0.005107	-0.006102	-0.019314	0.014746	0.015880	0.003984	0.005282	0.009802	-0.011198	-0.000430	0.014365	-0.006000	0.009043	-0.006639	0.008198	0.003376	-0.010665	0.011846	-0.002326	-0.003048	0.006186	0.015406	-0.005471	0.002348	0.006567	0.012351	0.006410	0.000985	-0.001358	0.008168	-0.006101	-0.025146	0.009128	0.014069	-0.017536	-0.006768	0.013607	0.029169	0.009850	-0.002350
0.009191	0.024839	0.000764	0.000771	0.001503	-0.003829	0.006707	0.023857	0.011406	0.005146	0.000599	-0.007125	0.013456	0.004828	0.006651	0.038933	0.014385	0.000868	0.004887	0.019261	0.010997	-0.006067	0.015742	0.002909	0.028069	0.017206	0.002021	0.021417	0.009871	0.016350	0.011494	-0.000484	0.003697	0.019974	0.007635	0.003208	-0.002084	0.012527	0.027516	-0.004270	0.011666	0.019721	0.007622	0.011517	-0.005633	0.010153	0.006599	0.015943	0.019867	0.035801	0.017028	0.013389	0.008908	0.003483	0.007728	0.004673	0.010875	0.024820	0.000643	0.018853	0.021874	0.006074	-0.011029	0.000905
0.020671	0.009233	-0.002175	0.005372	0.017294	0.015351	0.005035	0.003717	0.001729	-0.000935	0.019944	0.007154	0.020632	0.025333	0.015667	0.002454	0.014724	0.007126	0.001130	0.011420	0.000142	0.020484	0.005732	0.010138	0.012786	0.003065	0.011280	0.005878	0.017304	-0.003781	0.008422	0.026766	-0.000830	0.000889	0.017081	0.011711	0.011338	0.011801	0.014637	0.017120	0.010194	0.000811	0.014252	0.027208	0.004573	-0.002584	0.017709	0.005026	-0.015596	0.013230	0.003027	0.007799	0.009610	0.010196	0.012656	0.001329	0.012257	0.006602	0.014369	0.014084	0.002208	0.019688	0.005707	0.014366
0.010521	0.026594	0.006207	0.006082	0.007315	0.003714	0.011688	-0.008749	-0.006141	-0.002311	0.015568	0.025363	0.006844	0.005074	0.004448	0.015321	0.000498	0.008786	0.019476	0.015241	0.012716	0.017542	-0.016893	0.011316	0.003246	-0.011799	0.011162	0.021970	0.008091	0.018194	0.021823	0.019701	0.024192	0.015208	0.012068	-0.006761	0.002824	0.000054	0.026861	0.005204	0.007769	0.008687	0.008158	0.022221	-0.002774	0.005219	-0.001453	-0.007682	-0.001301	0.005053	0.002031	-0.000834	-0.008464	0.004862	-0.011375	0.010765	0.006390	-0.006086	0.002476	-0.000320	0.010316	0.018367	-0.009188	0.005634
0.006263	0.016975	0.007808	-0.000262	0.000750	-0.002266	0.015708	0.007673	0.022582	0.006829	-0.003818	-0.009177	-0.014024	-0.010810	0.005959	0.011125	-0.008022	0.013267	0.003402	0.007593	0.023551	0.015847	0.004455	-0.004165	-0.014949	-0.004492	-0.000381	-0.001501	0.006506	0.005974	0.002004	-0.003717	0.007412	0.010311	-0.001789	0.018778	0.004934	0.007015	0.012808	0.005041	0.016601	0.005497	-0.001400	0.008731	-0.007324	0.005525	0.005856	0.003036	0.003383	-0.012603	-0.001345	0.006823	0.006850	-0.002240	0.017441	-0.003131	0.015248	0.011405	0.001395	0.021925	-0.002467	0.015638	0.020455	0.000870
0.020425	0.007773	0.010048	0.011842	0.004949	0.014009	0.012215	-0.010328	0.016847	-0.007060	0.015655	0.019470	-0.005142	0.000710	-0.009265	0.002169	0.008779	0.016340	0.022952	0.022010	0.003127	0.004189	-0.011652	-0.002930	0.019888	0.022545	-0.004757	0.002913	0.007394	0.008246	-0.004325	0.009205	0.004210	0.008169	0.014913	0.005350	-0.000091	0.005605	0.004861	0.000976	0.005401	0.018611	0.011701	0.002365	0.008813	0.002559	0.019503	0.010722	0.005736	0.010260	-0.010146	-0.008103	-0.007306	0.008072	0.024200	0.029660	0.012784	0.011907	-0.012076	-0.001044	-0.001172	0.001172	0.009319	0.002406
-0.010462	0.018274	-0.002865	0.012757	0.026545	-0.002957	-0.019477	0.000864	0.015588	0.026955	-0.005062	0.014252	0.002632	0.005611	0.028002	-0.008056	0.013678	0.013147	0.020100	0.010091	0.013051	0.004228	0.009634	0.002916	0.015826	0.002220	0.009445	0.009249	0.019001	0.007593	-0.010005	0.017120	-0.001721	0.000458	0.005568	0.020207	-0.011522	0.037005	0.016836	0.006483	0.006791	0.006581	0.012050	0.013562	0.009415	0.007785	0.004532	0.004007	0.003684	0.017312	0.012320	-0.020760	0.011552	0.008595	0.003973	0.001698	0.017869	0.018084	-0.000178	0.010189	0.001128	-0.006688	0.002121	0.013354
0.017248	0.016593	0.014191	0.014941	0.001526	0.011003	0.013418	0.014011	0.015831	0.015206	0.009624	0.018944	0.004446	-0.003050	0.002714	-0.001796	0.002542	0.005622	0.000829	0.002354	-0.010553	0.006294	0.005209	-0.003626	0.014096	0.011816	-0.011000	-0.001567	-0.003191	-0.003723	0.012495	0.002206	0.000757	-0.013349	0.015004	-0.005058	0.005923	0.009560	0.018785	-0.010147	-0.023915	0.002977	0.024550	0.020297	0.007083	0.001754	0.012468	-0.007396	0.007529	0.011976	0.019978	0.035469	0.010717	0.002477	0.004262	-0.013341	-0.000228	0.004952	0.003815	0.010102	0.002225	0.018625	0.009895	0.005914
0.002689	0.012608	0.014154	0.000109	-0.000223	0.002758	-0.009116	-0.003652	0.000014	0.015031	0.007126	0.009463	0.014441	0.006082	0.008100	0.004807	0.011678	0.000176	-0.016410	0.005664	0.023822	0.019370	0.017808	0.018268	0.008725	0.005646	-0.004125	0.003190	0.014398	0.018895	0.003244	0.001866	0.007221	0.011948	-0.006904	-0.017744	-0.000196	-0.006157	-0.000147	0.002307	0.004468	0.018067	0.007812	0.007711	0.008340	-0.007159	0.014523	0.005251	0.011261	-0.003515	-0.008814	0.013091	0.009121	-0.002952	-0.003990	0.016812	-0.005124	0.022477	-0.001600	0.012108	0.005343	0.011002	0.002677	0.003059
0.009373	0.001874	0.013908	0.003559	0.003657	-0.005023	-0.021551	0.004278	0.030187	0.016213	0.005198	0.005013	0.005789	0.010536	-0.007595	0.018042	0.018725	0.017254	0.013497	0.007862	0.015490	0.013242	0.003370	0.002541	0.012031	0.021113	-0.008377	-0.006759	0.009211	0.005292	0.006277	0.008989	0.007555	0.022506	-0.007677	-0.003760	0.003443	-0.010020	0.004482	0.020015	0.008401	0.005606	-0.007213	-0.001392	-0.000294	0.000573	0.017877	0.011014	-0.005433	0.008090	0.012983	0.018142	0.020828	-0.003766	-0.004384	-0.006581	0.005545	0.013331	0.017680	0.007015	0.007005	0.007101	0.000521	0.024948
-0.009824	0.012760	0.026547	0.009335	0.004330	0.002489	0.003309	0.017500	-0.015545	0.019895	-0.007467	0.004985	0.001667	0.010384	-0.011093	0.008555	0.029087	-0.004160	0.009550	0.000466	0.012115	0.008029	0.000218	0.011657	0.027392	0.004927	0.011363	-0.004514	-0.001817	0.011708	0.019511	0.011785	0.005304	0.007311	-0.000481	0.011338	0.013513	0.002735	0.001840	0.006535	0.002509	0.004101	0.026980	0.005006	-0.000459	-0.001541	0.011722	0.003536	-0.000838	0.020972	0.022324	0.000391	-0.013244	0.013951	-0.001763	0.014029	-0.012665	0.017027	-0.002389	0.012851	0.007565	-0.002059	0.005227	0.012298
0.008105	0.018893	0.026997	-0.004043	0.021560	0.006452	-0.005290	-0.007691	0.003564	0.016389	0.004236	0.022424	-0.006387	0.005515	-0.007927	0.007559	0.017041	0.002961	-0.017577	0.008872	0.013360	0.011951	0.017602	-0.004613	0.014914	0.015310	-0.014396	0.009229	0.002522	0.005070	0.008492	0.000845	-0.000292	0.006245	-0.001948	-0.004891	0.011479	-0.003790	0.011906	0.008048	-0.010374	-0.003455	0.016773	-0.003393	-0.001385	0.008186	0.013051	0.002744	0.000292	0.022036	0.027009	0.016276	0.006401	-0.002426	-0.003928	0.011003	0.011546	0.024936	0.015993	-0.006849	0.018496	-0.003087	0.003944	0.008168
0.029523	0.043126	0.016818	0.010661	0.014449	0.016084	0.003487	0.023779	0.009568	0.016679	0.015201	0.015531	0.016236	0.001645	-0.001481	-0.004950	0.015863	0.018221	0.016865	0.025733	0.010952	0.013543	-0.003630	0.002092	0.017891	0.015312	0.004657	0.008438	-0.006630	0.003280	0.013518	0.012430	0.011964	0.009063	0.010111	-0.000424	0.012903	0.011930	0.011933	0.000262	-0.012644	0.011887	0.001333	-0.002174	0.010699	0.002192	0.016058	0.010496	0.010303	-0.006792	0.017626	0.009484	0.002712	0.008540	-0.012209	0.008558	-0.002879	-0.003821	-0.006431	0.017640	0.004667	0.023107	0.004020	-0.009768
-0.005543	0.020860	0.005505	0.003285	0.008245	0.011467	0.017530	0.019650	-0.001113	-0.007161	-0.001334	0.009068	-0.004104	-0.002946	0.006685	0.003340	0.005771	-0.002812	0.004035	-0.002900	0.016621	0.015728	-0.012264	-0.006342	-0.008969	-0.004566	0.000931	-0.007735	-0.002173	-0.003157	0.003955	0.003251	-0.001073	0.006323	0.003856	0.003352	0.021223	0.019456	-0.006359	0.010639	0.014054	-0.007825	0.013671	0.020513	-0.005234	-0.002540	0.014465	0.008799	0.010897	0.010446	0.011089	-0.004851	0.017422	0.018356	0.004226	0.005737	-0.009395	0.013029	0.012926	0.006403	0.021589	0.006454	0.015291	-0.003642
0.006523	0.007769	0.007068	0.004594	0.005926	0.015893	0.001296	-0.009202	0.022451	0.018923	-0.008827	0.013030	0.002066	0.009274	0.007914	0.005253	0.003139	-0.000485	-0.002116	-0.000622	0.007851	0.001677	0.014958	0.020662	0.004213	0.007592	0.009495	0.013282	0.010328	0.015112	0.011314	-0.002971	0.016307	0.015922	0.004205	0.008692	0.014140	0.007175	0.018036	0.028758	-0.000009	-0.008997	0.010167	0.013854	0.003884	0.020161	-0.005658	0.012699	-0.000580	0.022418	0.027321	0.000449	0.001170	0.016942	0.001072	0.005049	0.006242	-0.009944	0.006451	-0.000765	0.004327	0.022834	-0.001862	0.012884
0.004720	0.008812	0.016322	0.013386	0.010947	0.015292	0.002215	0.001297	-0.006413	0.000280	0.035338	0.021963	-0.007556	-0.007460	0.007559	0.008738	0.015565	0.007383	0.011055	0.012183	0.007017	-0.014784	0.004090	-0.001804	0.014352	0.034825	0.010883	0.006160	0.017229	0.009846	0.008667	0.011746	0.029746	0.000520	0.013704	-0.002067	0.009212	-0.003126	0.002381	0.002616	0.019136	0.012959	-0.006521	0.004874	-0.003413	-0.008609	0.001448	0.001581	0.030549	0.010985	-0.006508	0.000598	0.014768	0.025400	-0.010267	-0.010594	0.025772	0.013084	-0.000592	0.010936	-0.016922	0.007727	0.013207	0.015768
-0.001668	0.011114	-0.001478	0.010528	-0.001518	0.002738	-0.001975	0.013592	0.013756	0.004757	0.004481	-0.005896	0.001226	0.006272	0.030014	-0.001543	0.026680	0.018032	0.012061	0.023958	0.011648	0.011065	0.008666	0.020188	0.020725	0.000195	-0.008138	0.004530	-0.000584	0.006414	0.017359	0.003149	0.006238	0.007243	0.014841	-0.016744	-0.002113	0.007952	0.016794	-0.002249	-0.011903	0.008039	-0.001816	-0.007986	-0.003530	0.002531	-0.001014	-0.017604	0.013737	0.019301	0.013614	-0.004344	0.004410	0.007887	0.011494	0.012520	-0.000022	0.009491	0.013051	0.021873	0.016686	0.015582	0.012717	0.021492
0.011650	0.002834	0.021848	0.017957	0.003911	0.003061	0.008352	0.010550	0.007859	0.011735	0.023008	0.020769	0.008475	0.014620	-0.005260	0.009044	0.026956	0.007446	0.002183	0.002427	-0.001884	-0.000179	0.001628	-0.007073	0.010068	0.014019	-0.002334	0.022129	0.013108	0.015287	-0.001710	0.012899	-0.003052	0.015358	0.011864	0.011835	-0.005150	-0.001942	0.010289	-0.005412	0.010082	-0.010422	0.011819	-0.006600	0.008711	0.009496	-0.000506	0.010048	0.006889	-0.000575	-0.005021	-0.014165	0.008060	-0.007759	0.005204	0.003238	0.012066	0.004442	0.004045	0.013415	0.012465	0.009998	0.014015	-0.007599
0.016874	0.015995	-0.001360	0.007054	0.008742	0.008172	0.014226	0.024772	0.018710	-0.004043	0.010982	0.022320	0.011950	0.020689	0.028232	0.020831	0.017287	0.017527	0.010655	0.008300	0.008540	0.024781	0.003878	0.025263	0.017020	-0.006613	0.007994	-0.008305	0.016947	0.017663	0.002349	0.011446	0.028157	0.004538	0.003496	0.024006	0.027773	0.009691	0.019226	0.020352	0.001734	-0.000800	0.019182	0.026679	0.013181	0.000031	0.027102	0.002323	0.001960	0.010347	0.023409	0.018054	0.013111	0.013838	0.008115	0.012879	-0.015206	0.006239	0.010826	-0.002297	0.015261	0.009912	0.029329	0.024307
0.003021	0.007605	0.004750	0.003643	0.007998	-0.001764	-0.005644	0.012389	0.009221	-0.001116	0.011449	0.000868	0.006026	0.011748	0.002864	0.009324	0.002722	0.003548	0.005931	-0.001342	0.004978	-0.009436	-0.001952	0.000360	0.003830	0.000609	0.002631	0.010706	0.014460	-0.002390	-0.009864	-0.008152	-0.000133	0.001650	-0.000587	-0.008560	0.000108	0.005913	0.008001	-0.004266	0.001622	-0.006590	0.003023	-0.005114	0.006368	-0.014477	0.000188	0.006626	0.008055	0.032310	0.010428	-0.003872	0.004849	-0.012183	0.003036	-0.001425	0.015198	0.003467	0.005539	0.000314	0.025223	0.004820	0.027659	0.015607
0.009965	0.014421	0.011050	-0.009845	0.004323	0.015058	0.003736	-0.009025	0.005148	0.025273	0.018590	0.008190	0.015593	0.003682	-0.012500	-0.005147	0.023943	0.006128	0.007315	0.005161	0.028700	0.024884	0.028260	0.004359	0.009379	-0.010302	0.017953	-0.002334	0.009962	-0.002905	-0.000946	-0.002657	-0.000538	-0.000503	0.005196	0.013585	-0.004596	0.007978	0.015854	-0.001820	-0.000566	0.000457	0.016603	0.007772	-0.001927	0.008780	-0.004510	0.010034	0.006630	0.000692	-0.003490	-0.004292	0.009829	0.019075	-0.000552	0.009880	-0.014773	0.000369	0.004458	-0.004585	-0.001921	0.001439	0.011015	0.002534
-0.015310	-0.013522	-0.002109	0.008302	-0.020777	-0.000104	0.002376	0.020403	0.001172	0.008174	0.002772	-0.014368	0.009796	0.007607	0.011021	0.045434	-0.009934	0.021841	0.004722	0.007796	0.006996	0.003566	0.001535	0.011283	-0.006433	0.012667	0.001037	-0.002633	0.003856	0.018555	0.000425	0.009924	0.000605	0.015940	0.017147	0.023589	0.004914	0.013842	0.007969	0.017379	0.001516	0.010953	0.005660	0.005959	0.005439	0.009848	0.006276	0.008816	0.021569	0.017433	0.014511	0.001710	-0.001397	0.016789	0.015412	0.021964	0.000227	0.004105	-0.008985	0.000841	0.016332	0.004372	0.016256	0.004959
0.007646	-0.001546	0.005400	-0.019949	0.004198	-0.008873	0.018193	0.012826	0.007810	0.019118	-0.004472	0.023311	0.015764	0.004225	0.016603	-0.003524	-0.000998	0.000352	0.000811	-0.003908	0.020236	0.006831	0.010622	-0.000208	-0.010446	0.003923	-0.015263	0.004312	-0.004728	0.026883	0.015271	0.006288	0.016520	-0.002267	0.013765	0.007579	0.008781	0.022866	0.016031	0.008011	-0.009480	-0.008290	0.003996	0.007048	-0.004830	0.030442	0.022959	0.011149	0.002690	0.001737	-0.004236	0.007198	0.007787	-0.004836	0.008846	0.002794	-0.014025	-0.002594	0.002710	0.023041	0.013956	-0.006728	0.011225	-0.010808
0.015536	0.003301	0.005973	0.021085	-0.005837	-0.009448	-0.001559	0.016356	-0.012959	-0.023739	-0.001504	0.012820	0.015235	0.000274	-0.001625	0.014504	-0.012007	-0.000565	0.009341	0.011655	0.003504	0.005997	-0.019504	-0.004590	0.010544	-0.005587	0.003977	0.012524	0.003931	0.005493	-0.007692	-0.000077	0.012868	0.008275	0.003089	0.007384	0.010572	-0.014041	0.014823	-0.000310	0.010145	0.013080	-0.008985	-0.002396	-0.000083	-0.003648	0.021180	-0.003433	-0.000336	0.007687	-0.004921	0.001827	0.009022	0.002515	0.003113	0.000014	-0.007607	0.010150	0.023614	0.008341	0.010507	0.012571	-0.001840	0.021623
0.011007	0.025357	0.000240	0.026110	0.014721	0.013377	0.008330	0.005193	0.018470	0.008236	-0.016422	-0.002646	0.004768	0.010799	0.004963	0.019655	-0.006846	0.006685	-0.010565	0.014695	0.008749	0.013236	0.001700	0.019651	0.019491	0.010790	0.002864	0.014281	0.002194	0.014786	0.021437	0.018378	0.000408	0.009646	-0.002411	0.012199	0.010381	-0.011473	-0.003978	0.002742	0.003810	-0.009115	0.008045	0.008655	0.002720	-0.002431	0.015358	0.022381	0.000975	0.000217	0.010941	0.001974	0.003229	0.014298	-0.011565	0.019252	0.007989	0.004457	0.005928	0.005828	-0.005881	0.023511	0.011487	0.012310
0.015423	-0.001403	0.006567	0.003542	0.011677	-0.016942	0.001862	0.000026	0.006027	0.009421	-0.004722	-0.002841	0.000311	-0.005305	0.011082	0.002273	-0.020993	-0.000328	-0.005113	-0.013392	-0.007099	0.005721	0.017855	0.006486	-0.000978	0.005260	-0.003019	-0.003039	-0.008356	-0.013601	-0.000898	0.003632	0.002599	-0.000015	-0.001010	0.009735	-0.007691	0.011305	-0.005786	-0.005975	-0.009746	-0.002907	0.013559	0.010980	0.014523	0.011139	-0.006282	-0.000377	-0.002287	0.015936	-0.005391	0.012909	0.016118	0.023380	0.000545	0.011340	0.027894	0.000009	-0.010221	-0.013460	0.014769	-0.011996	0.004372	0.010579
0.010860	0.015859	0.011731	0.022711	-0.000046	0.000933	-0.000723	0.016281	0.015169	0.012848	0.016875	-0.001150	0.022609	0.024055	0.015490	0.025727	-0.005710	0.000515	0.001773	0.016144	0.002215	0.017133	0.023309	0.014706	0.009263	-0.005340	-0.004147	0.022390	0.017868	0.006402	0.001015	-0.013411	-0.002024	0.026245	-0.002750	0.010495	0.017836	-0.004565	0.008220	0.011694	0.009251	0.031110	-0.009768	0.017319	0.005672	0.014773	0.010958	-0.001625	0.006823	-0.011667	0.012620	0.012478	0.015739	0.019410	0.009645	0.007087	-0.000251	0.002332	0.021325	0.023454	0.008558	0.009421	0.002569	0.018448
0.014155	0.028441	-0.002307	0.006751	0.011845	0.014353	0.003666	-0.001494	0.013900	0.014690	-0.004434	0.021144	0.018163	0.009815	0.005283	0.010153	0.001186	0.004998	-0.013130	0.013891	-0.003899	0.022842	0.004149	0.002721	0.002122	0.001661	0.015842	-0.014548	0.020089	0.010363	-0.007343	-0.005937	0.022480	-0.001377	-0.000936	0.016304	0.010372	-0.001669	0.006302	-0.005091	0.022076	0.014710	0.011701	0.010955	0.022257	0.005951	-0.004387	0.012000	0.028225	-0.002159	0.002265	0.010784	0.008303	-0.000407	0.016635	0.030487	0.009827	-0.000628	-0.008419	0.009485	0.021395	0.014565	0.011019	0.002681
-0.005107	0.017135	0.016267	-0.002252	0.024850	0.013939	0.017712	-0.007591	-0.009756	0.007726	0.011399	0.027079	0.014611	0.005789	-0.005929	0.013671	-0.000990	0.022461	0.007885	0.024417	0.016595	0.004929	-0.000019	-0.000619	0.008810	0.003779	-0.002863	0.005107	0.006910	-0.014146	0.006534	-0.006610	-0.006720	-0.012626	-0.011440	-0.009702	-0.000519	0.025600	-0.000719	0.002716	0.008366	0.001593	0.002165	-0.006542	0.019722	0.025143	-0.009730	-0.005699	0.002349	-0.004821	0.009885	-0.000184	0.030571	0.021965	0.008378	0.014656	0.014508	0.001299	-0.000583	0.008285	0.020538	0.010647	-0.005320	-0.002506
0.008070	0.011375	0.025977	-0.004749	0.011826	0.020302	0.027780	0.004597	0.011116	0.015132	0.008018	0.007845	0.011041	-0.016563	0.011856	0.007494	0.010344	0.028185	0.003252	0.004382	0.029409	-0.001373	0.001571	0.005050	0.017067	0.008189	-0.007107	0.003885	0.003648	0.006388	0.009688	0.011655	-0.006977	0.018559	0.016125	0.022850	0.012605	0.017692	0.010913	0.017679	0.012365	0.003762	0.030964	0.019417	0.010026	-0.006709	-0.007338	0.007454	0.005887	0.000906	0.011126	0.023832	0.012624	-0.005431	0.000950	-0.002794	0.003074	0.004232	0.003292	-0.005107	0.007685	0.000643	-0.018910	0.023805
0.017987	0.003776	0.004726	-0.002528	0.023386	0.027278	0.009790	0.017322	0.007790	-0.007092	-0.001922	0.006884	0.001855	0.004964	0.005568	0.006870	0.008829	-0.006549	-0.001265	-0.006236	0.015538	-0.011397	0.020316	0.020708	0.003284	-0.023779	-0.002049	0.005303	-0.001598	0.001158	0.021169	0.014792	-0.002348	-0.011292	0.004244	0.003395	0.011284	0.002016	0.013469	0.023132	0.013959	0.000697	0.002397	0.003075	0.017355	0.000880	0.006866	0.005829	-0.000009	-0.008393	0.007617	0.005929	0.012127	0.004341	0.017420	-0.003266	0.021559	-0.010264	0.010523	0.010410	0.002567	0.013377	0.022346	-0.013348
0.011500	-0.014879	-0.002035	0.026765	0.003754	-0.003803	0.007107	0.028629	-0.011708	-0.004739	0.018575	0.027971	0.005655	-0.004069	0.027278	0.023052	0.015786	-0.000572	0.009288	0.007639	0.012246	0.021630	0.016170	-0.003199	0.022329	0.009128	0.012709	0.023283	-0.000614	0.006312	-0.002111	-0.009593	0.012238	0.031685	-0.007519	0.007304	0.012850	0.008182	0.004597	-0.008667	0.009871	-0.004005	-0.016875	0.017642	0.016061	0.006858	0.008828	0.015290	0.007058	0.014695	0.004468	0.020439	0.013866	0.010704	-0.006043	0.008843	-0.001538	0.000482	-0.001445	-0.000384	0.031991	0.023633	0.029814	-0.002847
0.008335	-0.003590	-0.000688	-0.000162	0.018107	0.004228	0.016888	0.013455	0.025785	-0.006833	0.017084	0.019685	-0.002126	0.015863	0.008428	0.005805	0.002835	0.000760	0.028838	0.010177	0.016632	0.000274	-0.000195	0.016330	-0.005065	0.000022	0.006986	0.010345	0.006904	0.009769	0.010546	0.011928	-0.002475	0.004272	0.021581	0.015932	-0.008820	0.008665	-0.013108	0.003165	0.023659	-0.005831	-0.001117	0.013526	-0.012033	-0.002567	0.010186	-0.001184	0.003289	0.012892	0.010621	0.009112	0.001603	0.008779	0.004573	0.009659	0.000980	0.004612	-0.002324	0.005511	0.000582	-0.003530	0.012021	0.008970
0.015379	0.005713	0.011920	0.017790	0.013021	-0.000926	0.006544	0.010074	0.006019	-0.013515	0.006775	0.031247	0.004652	0.000782	0.010980	0.010627	0.021564	-0.004179	0.016586	0.015898	0.009381	0.012208	0.020643	0.016215	-0.001712	0.012061	0.006071	0.011699	0.011029	0.007410	0.020172	0.007436	-0.002860	0.004085	0.014075	0.022127	0.015013	0.001828	0.033570	0.008326	0.019737	0.002576	0.013300	0.018792	0.020652	0.018789	0.016862	0.003335	-0.000167	0.009688	0.018196	0.008438	0.020175	0.023497	-0.003539	-0.003567	0.005640	0.011810	0.004835	0.022934	0.015930	0.008943	-0.005864	-0.007364
0.009189	-0.011774	0.014306	0.007152	0.038722	0.031385	0.004370	0.005841	0.014284	0.020149	-0.012690	-0.012207	-0.000277	0.014124	0.010645	0.017852	-0.004152	-0.017187	0.012419	-0.004288	-0.013537	0.009314	0.016275	0.005906	0.001548	-0.000121	-0.002807	-0.009161	-0.001086	0.010016	0.008273	0.006042	-0.003527	0.002042	-0.014937	0.003851	0.017878	-0.005778	0.001419	0.006010	0.019133	-0.001980	-0.004856	-0.014776	0.006758	0.026234	0.009144	0.006436	0.010198	0.004087	-0.002282	0.012071	0.008663	0.007264	-0.003868	0.018076	0.013201	0.000888	0.015947	0.001732	0.003043	0.001070	-0.007020	0.010402
-0.014764	-0.007151	-0.017590	0.004670	0.005117	0.002250	-0.007714	-0.009265	0.004298	-0.001316	0.003598	-0.003158	0.005348	0.017324	0.007363	-0.001439	0.006853	0.001424	0.005749	0.001052	0.004741	0.008167	-0.006433	-0.008877	-0.009877	-0.014644	-0.010373	0.005979	-0.002211	0.009131	-0.000129	-0.019955	0.008453	0.010207	-0.003363	0.006204	-0.004633	0.005335	-0.010349	-0.017474	0.001644	0.000396	-0.000779	-0.006954	-0.000562	0.006959	0.002861	0.004076	-0.002736	0.014608	-0.006555	0.009419	0.019455	0.011768	0.002370	-0.001630	0.011705	-0.010221	-0.006112	0.001994	0.021639	0.010731	-0.001735	0.000817
-0.000257	0.002704	0.015790	-0.002648	0.022365	0.015477	0.016390	0.001133	0.000014	-0.008069	-0.001126	0.012934	0.019006	-0.003426	0.000147	0.001905	-0.006080	0.008754	0.000556	0.006274	0.004975	-0.000502	0.004177	0.001336	0.002216	-0.004017	0.007043	0.024322	0.010057	0.014677	-0.010170	0.003672	-0.005711	-0.008712	0.001117	0.018141	0.015834	0.009179	-0.012105	-0.000209	0.008386	0.003465	-0.012969	-0.003313	0.002228	0.007672	-0.018014	0.002059	0.008163	0.016487	0.014207	0.011641	-0.003094	-0.013215	0.000175	0.014294	0.018768	0.016071	0.013685	0.010247	0.003325	0.007218	0.026134	-0.001623
0.023299	0.008741	0.018570	-0.004968	0.010748	-0.000265	-0.007806	0.008152	0.016637	-0.001130	-0.009635	0.005259	0.004865	0.011215	0.014668	0.007768	0.029194	0.010017	0.005017	-0.007593	0.006565	0.005630	0.017068	0.013929	-0.000607	0.007139	0.011974	0.023239	0.017623	0.015166	0.006350	0.009105	0.017171	-0.005152	0.006446	0.000286	0.010838	0.018359	0.000727	-0.019087	0.005745	0.013577	0.011809	0.009561	0.001021	-0.006962	0.010424	-0.002717	0.026592	0.014127	0.002559	0.001423	0.004872	0.004623	0.015595	0.008478	0.000953	0.027148	0.009649	0.013730	0.003552	0.010473	0.012459	-0.011329
0.027216	0.024690	0.003801	-0.002039	0.011989	0.009379	0.011112	0.009051	0.009741	0.022758	0.010428	-0.001563	0.020864	0.024323	0.035473	-0.004166	0.009383	-0.011616	0.012052	0.002389	0.026841	0.000447	-0.009828	-0.000314	-0.012642	0.007840	-0.015714	0.005742	-0.012854	0.001924	0.016663	0.005632	-0.004902	0.005418	0.007459	0.008071	-0.008465	0.010596	-0.022274	-0.005590	0.000872	0.008145	0.004479	-0.007945	-0.005600	0.004904	0.001379	-0.002508	-0.000080	0.012438	0.002239	0.006377	0.027006	-0.007150	-0.013467	0.010352	-0.000927	0.005189	-0.000328	0.004146	0.027256	0.015418	0.016564	-0.007251
-0.004455	-0.020495	-0.003699	0.019415	0.014083	0.006008	0.005670	-0.000342	0.008358	0.011572	-0.012664	0.012022	0.015684	0.003520	0.011773	0.033949	0.010306	0.010919	0.001621	0.009199	0.014256	0.009865	-0.003124	0.009224	0.023214	0.010580	0.015151	0.006916	0.015392	0.009664	-0.005256	0.009059	-0.003898	0.000750	0.011614	0.008337	-0.005716	0.015570	0.010041	-0.003604	-0.009671	-0.000554	0.001488	0.005573	-0.000419	-0.013900	0.001508	0.000211	0.009363	-0.000246	0.020800	-0.011299	0.017831	0.006172	0.013874	0.006303	0.015457	0.001297	-0.004092	0.020096	0.010592	0.011492	0.022225	-0.002502
0.013837	0.004337	0.006166	0.009210	-0.007818	-0.001061	0.019785	0.016603	0.005358	0.009292	0.003342	0.021152	0.003727	0.007846	0.016228	-0.000048	0.024588	-0.005474	0.025195	0.005581	0.005939	-0.012705	0.001559	-0.002397	0.004344	0.004955	0.015789	0.011856	0.011336	-0.004844	-0.003802	0.021656	0.000925	0.023955	0.010419	0.008726	0.018372	0.020745	0.005429	0.000644	0.005478	0.006043	0.015251	0.008230	0.013300	0.023517	0.010819	0.008068	-0.010854	-0.020894	0.010127	0.005977	0.003065	0.010182	0.004788	0.015527	0.007000	-0.000307	0.016206	0.005058	0.013724	0.002533	0.004178	0.008064
0.007470	0.011970	0.000529	-0.013877	-0.002102	0.011904	0.001645	0.004385	0.013239	-0.000462	-0.011048	0.002324	-0.003093	-0.005136	-0.000408	0.009604	0.008806	0.010292	0.025543	0.002908	0.008137	0.000036	-0.003186	-0.000178	0.003907	0.007768	0.025498	0.000522	0.002201	0.001582	0.005366	0.005151	0.016539	-0.018340	-0.015948	-0.001836	0.012943	-0.011321	-0.026064	0.005429	0.005085	-0.010198	-0.008452	-0.007693	0.002834	-0.004677	0.005806	-0.024165	-0.004088	-0.007991	0.000200	-0.003396	0.009503	-0.012528	0.003703	0.009087	0.022939	0.001273	0.006586	-0.015811	-0.016887	0.012848	0.010511	0.018604
-0.004405	0.014749	0.025702	0.013310	0.010021	0.006211	-0.008637	0.019095	-0.000825	0.012162	-0.009240	-0.003107	0.019343	0.004179	0.018454	0.007579	-0.006937	0.015509	0.004399	0.014481	0.009051	-0.007048	0.010496	0.028046	0.013246	0.006363	0.015473	0.010489	0.009601	-0.004819	0.007783	0.016791	0.000410	0.021684	0.009046	-0.002341	0.015569	0.004268	0.013521	0.001014	0.004912	0.007452	0.006004	-0.014814	-0.007583	0.013129	0.004365	-0.000523	-0.008403	-0.007163	-0.014020	0.002965	-0.001610	-0.003364	0.003597	0.007839	0.025249	-0.006364	0.018419	0.016347	0.000844	0.007779	0.005576	0.008751
0.018881	0.014998	0.009283	0.000883	-0.010971	0.001844	0.014720	-0.008982	-0.007118	0.005241	-0.006719	-0.002539	-0.001879	-0.009386	-0.007221	0.009384	-0.006871	-0.011209	0.000191	0.012960	0.005234	0.001712	0.004724	-0.013555	0.010983	0.006876	0.000038	0.015936	-0.003611	0.016861	0.004963	0.000284	0.008143	0.005450	0.020647	-0.005023	-0.002413	0.016916	0.000887	0.012275	0.021957	0.000333	0.011431	-0.005961	0.010360	0.008355	0.011074	0.000762	-0.010488	0.008684	-0.014152	-0.000082	0.013570	0.008870	0.024051	0.015803	-0.001038	0.006794	0.003228	-0.012163	-0.003683	-0.000332	-0.010384	0.004083
0.004065	-0.007116	0.009725	0.015232	0.008542	0.004331	0.011697	0.013161	0.005899	-0.002685	0.006231	0.019438	0.000625	0.026838	0.000985	0.007192	0.002031	0.007843	-0.009350	0.000615	-0.003126	0.010544	0.017298	0.011987	-0.014849	0.023508	0.006460	-0.001813	0.007539	0.007833	-0.000499	0.006846	0.000861	0.002263	0.001355	-0.010139	0.004854	0.012233	0.012634	0.012943	0.010748	-0.001472	0.011421	-0.009452	-0.006967	-0.004353	0.017218	0.016136	0.011296	0.016118	-0.002156	0.007299	0.002967	0.012458	0.004681	0.004793	0.012246	0.015770	0.000697	0.005042	-0.003028	-0.016909	0.010754	0.012178
0.008861	-0.009574	0.002015	-0.012763	0.018466	-0.003098	0.017165	0.015809	-0.006578	-0.006933	0.005714	-0.001326	0.006935	0.001240	-0.014171	-0.016177	0.009115	0.000106	0.003510	0.014129	0.018752	0.003647	0.001902	0.008624	-0.004761	0.006637	0.009503	0.014263	-0.010425	-0.002218	-0.003830	0.005419	0.011931	0.020662	0.005381	0.002924	0.017758	0.012103	0.019421	0.008624	-0.004315	-0.011602	-0.009187	0.013073	0.018504	0.026201	0.017190	0.016898	0.000405	-0.005602	0.014759	0.012147	0.009582	0.013560	0.009979	0.019967	0.020245	0.012596	0.015815	0.011701	0.005977	0.015516	-0.001783	0.018429
-0.004554	0.010055	-0.003883	0.011789	0.003859	-0.009795	0.007280	-0.000120	0.012738	0.007042	0.005633	-0.003567	-0.002376	-0.000479	0.012597	0.022061	0.002047	0.015812	-0.012756	-0.006493	-0.002953	-0.009077	-0.009800	0.009701	0.006319	0.007775	0.009880	0.009425	0.012278	0.004335	-0.007529	0.013395	-0.000103	-0.002457	0.007770	-0.001385	0.003465	0.010032	0.007054	-0.005287	0.002335	0.013636	0.013291	0.027903	0.017948	0.017807	-0.007328	0.011051	0.004009	0.001824	0.009542	0.017775	0.012263	-0.000013	0.010423	-0.002238	0.006048	0.003400	0.004448	0.014361	0.000409	0.023807	-0.008414	-0.001782
0.012589	0.017381	0.007827	0.009048	0.010109	0.005210	0.019879	0.016743	0.013991	-0.000782	0.004109	0.005594	-0.003350	0.009864	0.000966	0.012763	0.001142	0.023464	0.001102	0.010807	0.017584	0.002685	0.014847	-0.004637	0.022526	0.007331	-0.000795	0.007164	0.016346	-0.000247	-0.002797	0.003747	-0.001023	0.026180	0.006985	0.016195	0.008129	-0.004151	0.005484	0.011610	0.007144	0.015438	0.016954	0.016692	-0.000253	-0.005314	-0.000157	0.007529	0.011081	-0.013317	0.008299	0.009322	0.004267	0.019327	0.010317	0.019325	0.006396	0.018460	0.025440	0.020439	-0.000646	0.005745	0.008537	0.013654
0.012380	-0.000861	0.004748	-0.010074	0.019714	0.002490	0.004858	0.001992	0.014192	-0.021097	0.001212	0.005004	0.002349	0.022631	-0.004250	0.012126	0.011856	0.018297	0.001765	-0.002171	0.018736	0.010703	-0.011697	-0.002372	0.010966	0.012821	-0.003836	-0.020643	0.011667	-0.006463	-0.019892	-0.024987	0.013573	0.007943	0.007709	0.017792	0.012820	0.022041	-0.008850	0.001655	-0.008150	-0.001569	0.003021	0.012109	0.006376	0.013113	0.012965	0.024343	0.000311	-0.004425	0.007523	-0.000137	0.020210	0.004540	-0.000341	0.000642	0.011328	0.004356	0.001165	0.021059	0.003086	0.007477	0.013786	-0.009304
0.012541	0.000730	0.014424	-0.000556	0.012966	0.018537	0.015097	0.010192	0.000833	0.001392	0.018253	0.001253	-0.003256	0.013710	-0.003353	-0.004099	-0.005083	0.002163	0.008767	0.009737	0.016396	0.012675	0.005000	0.003195	0.014974	0.017891	0.007544	0.003332	-0.001438	-0.007474	0.011040	0.012593	0.015194	0.008701	0.024449	0.003568	0.016325	0.007097	0.001564	0.011710	0.012898	0.007780	0.007957	0.007483	0.028499	0.017580	0.013580	0.007287	0.016789	0.012039	0.007298	0.004036	0.004310	-0.023371	0.006541	0.002846	0.023813	0.009288	-0.003614	0.005135	-0.001751	0.011456	0.013704	0.016901
-0.000277	0.008535	-0.007757	0.011598	0.009462	0.009451	0.004709	0.009696	0.018219	0.002988	0.003250	-0.004600	-0.004864	0.006450	0.014409	0.004472	0.006670	0.002083	0.001770	0.007581	-0.008199	0.018118	0.000144	0.012429	-0.002911	0.011981	0.010478	0.008835	-0.003641	0.006652	-0.009353	0.001449	0.017244	0.015534	0.008018	-0.006469	0.008637	0.004293	-0.020072	0.009882	0.007923	0.015529	-0.006747	-0.028492	0.002780	0.005001	-0.014378	-0.005337	0.031947	0.004343	0.012494	-0.004012	-0.016222	0.000584	-0.001246	0.001767	0.005060	0.009051	0.004468	-0.007722	0.009561	-0.014078	-0.011312	0.011593
0.013549	0.009333	-0.007850	-0.001185	0.000884	-0.011530	-0.003584	0.012279	0.018676	0.003329	0.010742	-0.012656	0.008643	-0.003754	0.006178	0.004675	0.022469	-0.000176	0.014464	0.003930	0.006147	0.002610	-0.001483	0.006579	0.008072	0.006856	0.004723	0.015898	0.016696	-0.004231	0.012303	-0.006339	0.012777	0.012436	-0.008606	0.007118	0.002247	-0.000866	0.017447	-0.003353	0.000288	0.004839	0.011043	0.006185	0.015953	0.010160	-0.013929	-0.000555	0.000934	0.009790	-0.016309	0.030522	0.013339	0.008744	0.016344	0.027592	0.015503	0.016886	0.007133	0.004990	0.003900	-0.002119	0.002525	-0.005226
0.007670	-0.006410	0.007495	0.007912	0.007394	0.002973	0.036789	0.023242	-0.005481	0.008426	-0.002179	-0.002939	-0.008481	0.010260	0.000361	0.016992	0.020906	0.021616	0.000394	0.010749	0.013187	0.002520	-0.000743	0.022992	0.010407	0.010605	-0.004581	-0.004369	0.001105	0.002568	-0.007618	0.005299	-0.008748	-0.003940	0.013710	0.010071	0.000633	-0.004966	-0.006108	-0.001278	0.014471	0.011473	0.000236	-0.005711	0.006386	-0.002958	0.001261	0.018476	0.016250	0.008806	-0.005508	0.008090	0.017499	0.004456	0.020017	0.021651	0.023478	0.011225	0.013998	0.020823	0.015216	0.003635	0.008695	0.012606
-0.004166	0.010230	0.016666	-0.012707	0.021520	0.020063	0.001736	0.010565	0.005891	0.020787	0.015029	-0.005895	0.012106	0.005944	0.004855	-0.001163	0.029469	0.020280	0.002266	-0.006756	0.004598	0.013135	0.010290	0.020392	0.018855	0.016697	0.008385	-0.006537	0.005247	0.017841	0.005301	0.013679	0.005862	-0.001463	0.009147	0.008402	-0.001896	0.002321	-0.004306	0.014421	0.005263	0.018195	0.022012	0.004222	-0.008701	-0.017429	-0.011425	-0.008935	0.019391	0.009934	0.011062	-0.015722	-0.007596	0.014797	0.006480	0.004884	0.012477	0.024297	0.006378	0.005730	0.010817	0.030678	-0.008647	0.012780
0.005827	0.014259	0.000633	0.008999	0.016660	0.037464	0.013740	-0.002447	-0.000561	0.001381	-0.012819	0.005162	0.013915	-0.002147	0.015469	0.009215	0.001158	0.006122	0.024770	0.015825	0.009693	0.005283	0.007942	-0.000338	-0.011420	0.023690	0.007828	0.013254	0.008204	-0.000918	0.001613	-0.010654	0.029292	-0.002672	0.001137	0.004309	0.019590	0.007220	-0.004463	0.017427	0.017175	0.008900	0.014848	0.031954	0.028593	0.002365	0.020929	0.011328	0.009936	-0.010777	0.005660	0.001683	0.017385	0.017963	-0.014278	0.004348	0.016513	0.006666	0.014453	0.011925	0.014846	0.007303	-0.003323	-0.005657
0.013699	0.008886	0.005172	0.006517	0.006465	0.017973	0.001428	-0.006382	0.012718	0.004238	0.005308	0.023822	0.007627	0.010711	-0.006719	0.004312	0.016207	-0.008785	0.008754	0.008663	0.011179	0.020754	0.011746	0.021263	-0.000319	0.004479	0.003264	-0.003831	0.018102	0.032705	0.007098	0.011333	0.006916	-0.002511	-0.010378	-0.003057	-0.006800	0.025626	0.006593	0.001227	0.016069	-0.008732	-0.003874	0.005408	0.013855	0.011748	0.010123	0.008213	0.010548	0.006240	-0.004761	0.005073	-0.003323	0.008621	0.001588	0.032381	0.007133	-0.006346	0.004545	0.012562	0.025435	0.003001	-0.005464	0.014427
-0.008398	0.003429	0.004077	0.009112	0.014393	0.000886	0.002082	0.004303	0.006006	0.007436	0.009036	0.016730	0.010229	0.010759	-0.010781	0.005099	0.014685	0.013908	0.001833	0.000460	0.003661	0.013831	0.017083	0.002240	0.017241	0.006463	0.002573	0.004243	0.015439	0.013120	0.027971	-0.001841	0.010852	-0.000539	0.000375	0.005655	0.009337	0.036758	0.005984	-0.007555	0.007429	-0.019285	0.002245	0.005042	0.012748	0.016533	0.002042	0.003403	-0.004763	-0.008362	0.006129	-0.007853	0.001200	-0.001401	0.010908	0.023136	-0.008050	-0.012820	0.003895	0.006005	0.010691	0.002712	0.007461	0.009601
0.016638	-0.010412	0.001840	0.011037	0.001576	0.024375	-0.000503	0.005589	0.011359	-0.001305	-0.015445	0.003806	0.018033	0.005938	-0.002320	0.016073	0.005896	0.000382	0.008504	0.015267	0.034433	0.019284	0.019515	0.003023	-0.001532	0.004440	0.004515	-0.002010	0.009203	0.012842	0.010151	0.010519	0.009423	0.001588	0.003844	-0.004424	0.023855	0.010336	0.006743	-0.003219	0.036347	-0.005909	0.002228	0.011787	0.012725	0.017936	0.025988	0.013776	-0.004006	0.002954	0.010968	0.027676	-0.003690	0.020169	0.008976	0.013911	0.005084	-0.001144	0.015003	0.015663	0.019824	0.010403	0.002499	-0.009473
0.015533	0.013868	-0.003237	0.001945	0.000169	-0.010309	-0.003473	-0.004405	0.002079	-0.000906	-0.010817	0.026188	0.017011	-0.001498	0.007883	0.011761	0.022357	0.000421	0.017753	0.003814	-0.003631	0.013962	0.021011	0.033353	-0.001463	0.012877	0.003321	0.017235	-0.005712	-0.006400	-0.002783	0.008714	0.002962	0.015683	0.022611	0.015207	0.021502	0.009406	-0.005352	0.017471	0.002105	0.014145	0.024650	0.012455	-0.010563	-0.004437	0.018107	0.004826	0.006682	0.015796	0.016598	0.010151	0.002198	0.001851	0.012744	0.012136	0.005964	0.020456	0.006806	-0.001935	-0.000723	-0.004115	0.006285	0.017968
-0.001897	0.010538	-0.001210	0.003140	-0.010495	0.002591	0.003197	0.010510	0.003811	-0.006269	0.012808	0.008322	0.005114	0.003934	-0.002693	0.005987	0.010153	-0.012700	0.000943	0.004246	0.009858	0.017576	-0.002878	-0.001995	0.001454	-0.004158	-0.000283	0.011985	-0.004123	0.009028	-0.014567	-0.003245	0.004596	0.022237	0.004842	-0.017696	-0.017804	0.003990	0.007290	0.006285	0.008056	0.015211	0.000116	0.010155	-0.016637	-0.008524	-0.013437	0.000875	0.004775	0.008705	0.005530	-0.005036	-0.000292	-0.010164	0.016096	0.003372	0.000855	0.021672	-0.006275	-0.007528	-0.006130	0.003705	0.014201	0.013054
0.033221	-0.011347	0.010685	0.000535	-0.002370	-0.002465	-0.003754	0.023837	0.014069	0.006757	0.015864	-0.008098	-0.010414	-0.018336	-0.005679	0.009327	0.009922	0.007893	-0.004019	0.013138	0.009054	0.010950	-0.014123	0.008438	-0.002633	0.000776	0.008322	0.007636	-0.002389	0.003747	-0.012588	0.014973	0.004460	0.016472	0.003250	-0.001214	-0.003498	0.012905	-0.002695	0.008918	0.001070	-0.016325	-0.001767	-0.008308	0.000688	-0.008784	0.012293	0.003183	0.003096	0.012403	0.015446	0.004487	-0.004165	-0.012794	-0.003935	-0.000568	0.008001	0.003710	0.012849	-0.000985	0.006609	0.016683	0.012668	0.006411
0.000649	0.000407	-0.004397	0.004159	0.016087	0.005432	-0.006097	0.021752	0.007501	-0.008301	-0.002814	0.008954	0.023066	-0.002264	0.015250	0.020057	0.001553	0.002058	-0.002803	0.005388	0.009853	0.016134	0.019769	-0.000099	-0.012299	0.002805	0.007495	0.011165	0.006477	0.009584	0.020701	0.009841	0.003652	0.002420	0.008691	0.022409	0.004239	0.007025	0.004480	0.015618	0.026509	0.008005	0.007321	0.007871	-0.017431	0.012668	0.008119	0.010205	-0.002121	0.001796	0.002247	0.017104	0.004601	0.028322	0.010499	-0.007537	0.003039	-0.001267	-0.014277	0.021989	0.017342	0.015078	0.009913	-0.007968
0.002186	0.017460	-0.004308	-0.017206	0.003331	0.006852	0.007651	0.012904	0.010242	0.010305	0.015315	-0.007947	0.009393	0.011916	-0.007649	-0.008914	0.002680	0.000585	0.015893	0.000516	0.000280	0.001941	0.017714	0.007770	0.007142	0.003303	0.017412	0.002270	0.021973	0.010853	0.007324	0.030561	-0.003467	0.002391	0.000195	0.017438	0.025612	0.025937	0.019943	0.004080	0.002722	-0.012654	0.025013	0.012074	0.002568	0.019953	-0.001563	0.009432	0.003917	0.011299	0.005655	-0.007111	0.007517	0.019512	0.007262	0.014203	-0.002572	0.007522	0.000507	0.011719	0.009821	0.017927	0.022020	0.014074
0.009288	-0.000791	0.004546	0.002882	0.004163	0.003075	-0.005596	-0.013382	-0.002330	0.006268	-0.009689	0.007105	0.026107	0.019039	0.020529	0.008889	0.019318	-0.001062	-0.000376	-0.020255	0.021285	0.024325	0.002884	0.004196	0.001992	0.008485	0.014509	-0.009229	0.012405	0.005795	0.005719	0.009177	0.004439	0.006488	0.010299	0.017981	0.011831	0.008696	-0.007627	-0.001425	0.014478	0.004708	0.014639	0.025947	0.015385	0.005477	-0.002356	-0.020551	0.003402	0.003228	0.012365	0.006999	0.001625	-0.012084	-0.007635	0.007642	0.023496	0.007286	0.011263	0.016258	0.001777	0.008253	0.000096	0.013855
0.009323	0.010711	-0.001444	0.017205	0.028143	-0.002663	0.003373	0.009584	0.015393	0.001166	-0.023619	0.020834	0.013321	-0.010561	-0.001684	0.021441	0.024800	0.016734	0.006788	0.008185	0.008350	0.017083	-0.001847	-0.001858	0.018859	0.006377	0.018794	0.002273	0.006289	-0.001169	0.004142	-0.008384	0.002565	-0.005655	0.016476	0.012400	-0.010423	0.020683	0.030507	0.003467	0.000337	0.028164	-0.006247	0.005554	0.005181	0.019552	0.012096	-0.000857	-0.006188	0.001809	-0.004514	0.004453	-0.000333	-0.006155	0.018035	0.000959	-0.006233	0.004185	0.004809	-0.010266	0.011415	-0.002410	0.027150	0.011736
0.001479	0.000169	0.004727	0.013863	0.006715	0.004395	0.004553	-0.001084	-0.002273	-0.013820	0.012796	0.010789	-0.001443	0.023830	0.004493	-0.007320	0.015445	0.011166	0.012327	0.002569	0.011579	0.004684	0.008429	-0.014817	0.004254	0.020889	-0.002029	0.001456	0.002775	-0.008316	-0.019537	-0.001573	0.007728	0.007156	0.007921	0.006359	0.013883	0.002351	-0.003601	-0.001355	0.010687	0.015944	-0.000459	0.006367	0.006296	-0.006211	0.002802	-0.011220	-0.013366	0.007133	0.002258	0.007258	0.005931	-0.004573	0.001903	-0.008580	0.016925	-0.006580	0.003572	-0.003186	0.013119	0.002575	0.003622	0.013343
0.007554	0.015079	-0.003032	-0.006029	0.005830	0.001704	0.010133	0.005769	0.004550	-0.008310	0.021943	0.005714	0.010517	-0.002311	0.007976	-0.006900	0.014399	0.003162	0.009636	0.014271	-0.004274	-0.002254	0.009939	0.024429	0.006750	0.009908	0.005291	0.027656	-0.007232	0.004797	-0.012465	-0.019633	0.010258	0.009243	0.008126	0.009466	0.037045	0.004927	0.007139	-0.003626	0.011114	0.002187	0.004022	0.025992	0.018158	0.005676	-0.018755	0.000326	0.032217	0.006285	0.019995	0.023888	0.010553	-0.002802	-0.021380	0.011642	0.000031	0.010304	-0.003398	0.004734	0.008728	0.009414	-0.002240	0.017902
-0.004024	-0.007612	0.003372	0.006021	0.005853	0.020466	0.001557	0.001249	-0.009108	0.011101	0.003831	0.000791	-0.013554	0.018453	-0.008195	-0.003482	0.006492	-0.008494	-0.009843	-0.016210	0.012385	0.002827	0.031365	-0.007470	-0.006773	-0.004716	0.003486	-0.000308	0.011525	-0.004183	-0.011956	-0.018600	-0.021135	-0.004512	0.003019	-0.002545	0.016871	0.016768	-0.001758	-0.018683	-0.002703	-0.006012	-0.003471	-0.004814	-0.004602	0.000110	-0.003796	0.003806	0.004978	-0.003587	0.015758	-0.006898	-0.011884	0.008776	-0.004234	0.006536	-0.019674	0.017105	0.011731	-0.011029	-0.008508	0.021785	0.001553	-0.004524
-0.014854	0.006460	0.004226	0.013593	-0.010046	-0.012648	0.007675	0.015100	-0.011656	0.015046	0.005631	0.016818	0.001615	-0.021371	0.002084	0.014215	-0.000950	0.003180	0.006191	-0.021452	0.021462	-0.003252	0.010384	0.003007	0.020420	0.009989	0.001533	-0.002528	0.012521	-0.013485	0.009089	-0.005036	0.022105	0.011025	0.014770	0.005192	-0.012858	-0.005023	0.012292	0.005864	0.020270	0.007488	-0.002962	-0.001791	0.001308	-0.018214	0.020057	0.009443	0.017372	-0.006967	0.019211	0.027924	-0.007413	0.010167	0.004138	-0.008891	0.010948	0.015778	0.002902	0.017410	-0.010257	-0.010887	0.009239	0.005928
0.003101	0.019741	0.014241	0.018270	0.008339	0.014457	0.004373	0.027315	0.000472	0.029181	0.007818	-0.002633	0.020232	0.009063	0.014960	0.019016	0.014906	0.004853	0.020321	0.008776	0.015352	-0.011072	0.013004	0.003323	0.027760	0.012428	0.009437	0.013990	0.000426	0.022921	0.026812	0.013331	0.023790	0.004266	0.004093	0.008292	0.011506	0.004659	0.013958	0.008297	-0.002762	0.007513	0.013296	0.009727	0.016774	-0.004531	0.009659	-0.007344	-0.007933	-0.001828	-0.002699	0.001614	0.005550	0.016343	0.002031	-0.011283	0.017146	0.000952	0.007124	0.011947	0.012531	0.020567	0.015399	-0.000755
0.030532	0.013975	0.006861	0.016775	0.007664	0.010839	0.029580	0.006873	0.004579	0.009477	0.014506	-0.005878	-0.012871	-0.000194	-0.009331	0.002635	0.016408	0.000429	-0.002971	0.008805	0.015874	-0.008984	0.015324	0.016312	0.020525	0.018580	0.028075	0.008076	0.009886	0.003164	0.006969	0.024164	-0.001873	0.002126	0.028405	0.019940	0.005217	0.016120	0.012191	0.021588	0.010740	0.015641	0.035494	0.017181	0.006927	0.013798	0.004344	0.028868	0.007961	0.005385	0.002996	0.018973	0.013661	0.002794	0.010202	-0.006257	0.011288	0.014961	0.024194	0.000484	-0.003953	-0.001480	-0.002372	0.019225
0.022839	0.014233	0.019390	0.011889	0.006013	0.001799	0.000459	-0.007507	0.007667	0.008038	0.013108	0.009036	0.003429	-0.001925	0.004300	0.012014	-0.001812	0.008929	0.013749	0.000514	0.002493	0.008358	-0.003204	0.007301	-0.000289	0.015283	0.027277	0.000908	0.012322	-0.001568	0.013696	-0.007465	0.010756	-0.000954	0.007283	-0.003321	0.014505	-0.001020	0.012013	0.000045	0.006015	0.002868	-0.001674	0.007778	0.020488	-0.000921	0.017440	0.019108	-0.003412	-0.009770	0.008286	0.002321	0.025093	0.007955	-0.003166	-0.005562	0.017587	0.002663	0.007948	0.016653	0.006241	0.007041	0.008872	0.012171
0.010603	0.007273	0.007767	0.004571	-0.008050	0.009793	0.024196	-0.002268	-0.004566	-0.002061	0.011219	0.012086	0.004222	-0.002037	0.005378	-0.010524	0.009626	0.015027	-0.004052	-0.006970	0.022572	0.002010	0.017292	0.003925	0.006594	0.007805	-0.003921	0.009069	0.004240	-0.006510	0.006668	0.003649	0.005697	-0.004802	0.025902	0.018160	0.015974	0.003390	-0.010052	0.021319	0.003982	-0.005080	0.010226	0.019544	0.005161	0.017660	0.014804	-0.005369	-0.003125	0.012682	-0.018236	0.004462	-0.008835	0.002011	0.002430	0.000363	-0.000520	-0.002077	0.029012	0.024686	-0.003201	0.021377	0.006132	0.006433
0.005201	0.002735	0.016146	0.012702	0.004104	-0.006152	-0.003893	-0.009420	0.005235	-0.005721	0.001418	0.022520	0.018234	0.006453	0.004048	0.023133	0.013522	0.000670	-0.006168	0.012572	0.017957	0.002282	0.009452	0.003132	0.005162	-0.021726	0.001631	0.018578	0.003024	0.006889	-0.002684	0.008600	0.002771	-0.003177	0.022732	0.017529	0.003220	0.011936	0.010758	0.008738	-0.011076	0.009598	0.000069	0.005308	0.032158	0.011040	0.001835	-0.018030	0.016284	-0.008065	-0.003675	0.004205	0.024251	0.017756	0.003414	0.007905	0.000920	0.007590	0.008309	0.017636	0.020893	0.013400	0.006369	0.013021
0.007890	0.000111	0.004099	0.009944	0.014842	0.003436	-0.007155	0.007087	0.007633	0.009910	0.014546	0.019181	0.001241	-0.000159	-0.006779	0.013009	0.023514	0.004487	0.007016	0.023018	0.014468	0.010369	-0.003877	0.013815	-0.000544	-0.006797	0.000682	0.003854	0.005894	-0.007259	0.013966	0.018304	-0.011453	0.015300	0.003329	0.016098	0.007360	0.006451	0.004704	0.015487	-0.004075	0.009323	0.017927	0.016594	0.027040	0.001418	0.014952	0.004348	0.017809	0.007704	0.005804	0.019612	0.002221	-0.007261	-0.000919	0.012509	0.021946	0.010670	0.019719	-0.004747	0.004403	0.003271	0.007680	0.008165
0.011130	0.005868	0.006745	0.008369	-0.003326	0.003318	0.003641	0.002911	0.002864	0.005933	-0.000750	0.019916	-0.005328	-0.001495	0.029178	-0.006096	-0.004694	0.011844	-0.012143	0.004848	0.029988	-0.007670	-0.015104	-0.013116	0.015097	0.014413	-0.000251	0.015720	0.024410	0.024514	-0.000149	-0.018685	-0.001762	0.002450	0.007831	0.005868	0.019068	0.019870	0.003097	0.012258	0.010165	0.005256	0.015074	0.008231	0.024615	-0.007443	-0.001614	0.003906	0.008412	0.018646	0.007921	-0.006041	0.015455	0.012021	-0.015017	0.003593	-0.010809	0.000148	-0.002453	0.013026	0.010463	-0.004673	0.014164	-0.010003
