-0.378800
-0.460200
-0.484500
-0.295800
-0.334500
-0.110100
-0.328100
-0.368400
-0.509900
-0.252300
-0.218500
-0.226200
-0.350800
-0.239800
-0.223300
-0.105000
-0.396600
-0.093700
-0.111700
-0.462200
-0.164800
0.174200
-0.044100
-0.443400
-0.352800
-0.220300
-0.358400
-0.680400
-0.394000
-0.039800
-0.177700
-0.483300
-0.321900
-0.543200
-0.425100
-0.837800
-0.437800
-0.026200
-0.226600
-0.336400
-0.348400
-0.233800
-0.290400
-0.546400
-0.353200
-0.101300
-0.021200
-0.030700
-0.227400
-0.304500
-0.598300
-0.731000
-0.419200
-0.252000
-0.069000
-0.034400
-0.472800
-0.654400
-0.451100
-0.439900
-0.376000
-0.484800
-0.196400
-0.365100
