6.982757
7.978118
6.901610
6.681559
6.578097
7.647778
7.949049
6.750566
7.960130
7.088976
6.977876
6.546097
7.769194
7.991814
7.832091
6.666089
6.434743
6.817271
8.206580
6.665504
7.188343
7.689033
8.176651
6.542685
6.532681
7.640886
6.672137
8.009320
7.268708
7.392121
6.995727
7.905605
7.493627
7.975151
7.621577
7.615586
7.003061
6.813241
8.056730
8.097881
6.827934
7.959785
6.576809
7.018907
7.574615
6.744503
6.406626
7.168168
6.701120
6.754048
6.774515
6.662482
7.088637
7.087826
7.991005
6.958035
7.532706
8.070111
7.980170
6.861462
7.934482
7.000067
7.085176
7.887198
8.004455
7.616954
6.695279
7.982549
7.721424
7.779789
6.970616
7.032870
7.681169
8.120594
6.760840
6.664342
8.069753
7.439441
6.854181
6.896095
6.939957
7.505553
7.765479
7.781718
6.707166
6.826597
7.001229
7.569995
7.327845
8.021543
8.097453
7.122045
7.082239
7.829486
7.708171
7.484251
7.675981
8.066274
6.596611
6.712528
