8.954687
10.468485
9.389006
9.113644
8.227224
10.180042
10.426493
9.240386
10.514515
9.588014
9.464079
7.504457
10.305661
10.494254
10.335553
7.827443
5.646895
9.207801
10.757415
9.092844
9.719541
10.261666
10.704799
7.955249
8.397476
8.186510
9.132253
10.560441
8.707171
9.907110
9.532537
10.365235
10.008221
10.530600
10.168208
7.315106
9.212246
9.315882
10.598077
10.645276
9.143842
9.949104
7.839465
9.474613
10.100159
9.243607
6.229430
9.705891
9.127183
7.965293
9.109987
9.077594
9.559168
9.549328
10.532581
9.429196
10.053036
10.619002
10.515275
9.299339
10.477844
8.223986
6.491707
10.355113
10.531511
10.145935
6.651063
10.516740
10.255028
9.936729
6.831388
7.350457
9.995680
10.661840
9.231046
8.867240
10.609517
9.905110
7.255316
8.416213
9.446363
10.024888
10.342445
9.680463
9.153486
9.366153
9.232228
10.110892
9.849215
10.512010
10.524427
9.306264
8.337348
10.370414
10.179330
9.994414
10.210888
10.597754
7.960692
8.407366
