0.398950
0.390650
0.546200
0.349200
0.398350
0.220050
0.377750
0.348300
0.499650
0.357150
0.274150
0.304750
0.377700
0.333050
0.336150
0.173850
0.407200
0.205600
0.218450
0.393350
0.229650
0.117150
0.316300
0.427250
0.342850
0.286400
0.271900
0.377200
0.295450
0.217750
0.430250
0.548500
0.391750
0.493650
0.176600
0.396750
0.302500
0.211850
0.509400
0.457300
0.491050
0.267850
0.083650
0.247050
0.257600
0.191050
0.327050
0.330400
0.269900
0.217700
0.299950
0.479100
0.281650
0.280250
0.227500
0.312300
0.518050
0.537550
0.356550
0.360950
0.308450
0.387900
0.216550
0.277800
