0.136760
-0.013942
0.047563
0.015567
0.047929
0.161165
0.032716
0.189770
0.127485
0.052127
0.164057
0.054916
0.080507
-0.048010
-0.028299
-0.062992
0.034071
0.065871
0.053386
-0.007424
0.058530
0.078601
-0.017372
0.047456
0.162759
-0.020293
0.040768
0.074093
0.161907
0.101063
0.081304
0.137921
0.177743
0.103494
0.095113
0.132552
0.147760
0.089001
0.078357
0.047553
0.113476
0.077075
-0.031645
0.136209
0.129612
0.043543
0.161750
0.146043
0.063751
0.183769
0.050838
0.073400
0.049189
0.020875
0.072654
0.099165
0.101622
0.007162
0.127569
0.183347
0.074315
0.065607
0.101098
0.128208
0.130512
0.153281
0.092830
0.184413
0.156898
0.113586
0.161019
0.024129
0.174527
0.101375
0.126114
0.120333
0.115638
0.033870
0.064692
0.065993
0.117044
0.021865
-0.038649
0.151537
0.110648
0.090310
0.079910
0.133912
0.109246
0.148268
0.094261
0.194605
0.092312
-0.011020
-0.091886
0.139594
0.137662
0.092371
0.077657
0.123478
