2.400000
-2.080000
1.640000
-2.400000
2.120000
-1.760000
1.440000
-1.840000
-1.840000
1.760000
-1.600000
1.400000
-1.120000
2.400000
-1.560000
2.280000
1.960000
-2.120000
1.880000
-1.080000
2.040000
-3.040000
1.520000
-2.560000
-0.880000
0.560000
-1.880000
2.840000
-2.480000
2.600000
-1.600000
2.080000
-0.240000
-0.360000
1.880000
-2.480000
2.480000
-2.400000
1.600000
-2.000000
0.120000
1.040000
-1.400000
1.880000
-1.400000
1.600000
-1.640000
1.280000
-0.880000
0.960000
0.120000
-0.720000
0.920000
-0.320000
0.080000
0.400000
0.720000
-0.760000
1.160000
-1.280000
1.360000
-1.160000
0.800000
-0.880000
