-1.227591
-1.226076
-1.246480
-1.250888
-1.275269
-1.205111
-7.473536
-1.241864
-1.236886
-1.260274
-1.211795
-1.246373
-1.338925
-1.281686
-7.195965
-1.262612
-1.251788
-1.281794
-1.267778
-1.286247
-1.261008
-1.160591
-7.494347
-1.231205
-1.246874
-1.233025
-1.236348
-1.245502
-1.249247
-1.224774
-1.399755
-1.246387
-1.695682
-1.246146
-6.558963
-1.281123
-6.611836
-1.265147
-1.260452
-6.715441
-1.245807
-1.239450
-6.011982
-1.206553
-1.271542
-1.239569
-6.440717
-1.170560
-1.255633
-1.203825
-1.214022
-6.226072
-1.270828
-1.245545
-1.249056
-1.234312
-1.239104
-1.290248
-1.257764
-1.172459
-1.287033
-6.416375
-6.534065
-1.311993
-7.033174
-1.273051
-1.204769
-1.214768
-1.370194
-1.330667
-1.221545
-1.249040
-1.293037
-1.232814
-1.262000
-1.248448
-1.262422
-6.456127
-6.386975
-6.533175
-1.243703
-1.281065
-1.278541
-1.207668
-1.233474
-1.217955
-1.251993
-1.265412
-1.259999
-1.199958
-1.252722
-1.231374
-1.240014
-1.281069
-1.293975
-1.292714
-1.218912
-6.686342
-6.539451
-1.256554
