0.413200
1.044800
0.200400
-0.320000
1.673600
0.246800
-0.859800
-0.382200
0.198000
0.784800
-0.502000
0.581800
1.058800
1.166800
1.014400
0.748800
-0.612600
0.695000
0.800000
-0.158000
0.549200
0.934200
1.493400
1.072800
0.061400
0.679800
1.399000
-0.913600
-0.202600
-0.080200
0.507600
0.518200
0.771200
-1.364800
0.441600
0.959200
-0.060600
-0.434200
0.380000
0.328800
1.473000
0.590200
-0.431400
0.988800
-0.054200
0.256600
0.001000
0.974200
0.066400
-0.329000
-0.170800
1.063400
0.757200
-0.956400
0.301600
1.603600
0.434000
-0.474200
1.014800
-0.359200
1.029400
0.947400
0.690800
1.156800
