0.437735
-0.101468
1.476539
-0.368385
-1.097477
-0.796274
-0.883210
0.305735
0.585270
-2.495331
0.634853
-0.770734
-2.647402
-2.042547
-2.806449
-0.736844
-2.312084
-0.184214
-0.284590
-1.756316
-0.211706
-0.617992
-2.487107
-2.909569
0.283120
-2.983984
-2.644536
-1.345225
1.047061
-0.966353
-0.558439
-0.466192
2.078665
0.083674
0.341244
0.120008
-2.042136
0.301439
-2.997054
-0.895582
0.563457
1.717155
-2.353800
1.099682
-0.813800
-0.127237
0.767682
1.205070
-1.134063
1.078987
-2.760316
-2.152621
-1.392070
-0.646556
-0.876528
-1.204512
0.590393
-2.289217
0.179369
1.599335
0.068867
-1.410271
1.014569
-0.833982
-0.562688
0.915803
0.534911
1.402738
0.439081
-0.444968
0.844407
-1.893904
1.101467
-2.357316
1.264959
1.603771
-0.832142
0.661494
-2.292839
-1.190622
0.565602
-0.933937
-0.412993
1.468175
-0.165572
-2.606153
-2.045304
-1.579235
0.667470
1.278976
1.340828
1.047556
-0.001907
-2.070583
-2.714502
1.111578
0.496136
0.001556
-0.796281
1.102912
