-2.627983
-2.420938
22.640433
20.438886
-1.924502
22.640855
0.808524
18.693927
23.677989
20.853459
-3.487280
-2.758507
23.646328
0.984457
-0.201723
-1.802991
-4.503328
-0.794996
-4.581123
17.426014
2.969852
5.421144
4.618543
-4.120044
-1.520034
-2.866402
12.797507
19.213517
-0.224919
21.966115
3.759587
22.218845
23.535999
7.532727
6.079738
-4.835961
-4.309866
-3.664260
-0.253282
-1.574703
9.492978
0.150603
1.784624
19.592214
5.078296
21.261335
-1.975744
22.632337
19.089995
-3.575922
-0.908302
18.855455
12.670824
6.164484
22.212053
16.053785
23.988288
18.887379
23.318330
17.418716
7.914376
-3.205394
-4.219280
-4.529488
-2.399917
21.571220
-1.153894
-1.617054
23.495186
-3.472103
14.057498
-4.105278
-2.277539
12.599669
0.264373
13.910295
3.851542
-0.183172
8.154541
-3.540575
15.179918
-4.366105
-2.417588
21.993457
22.547333
22.583946
8.038835
23.639700
22.316687
23.232255
-4.844771
0.468480
24.276997
23.807378
-1.985095
-1.891544
-3.426279
0.520112
-3.749471
4.900147
