0.787955
0.806382
0.811586
0.817073
0.815327
0.799681
0.795700
0.815468
0.805210
0.809528
0.809863
0.829683
0.809339
0.795649
0.801679
0.804527
0.781989
0.807418
0.791899
0.815471
0.809444
0.805482
0.794178
0.821175
0.785741
0.795794
0.814767
0.801620
0.801392
0.808760
0.807642
0.797512
0.801759
0.802886
0.810967
0.803228
0.798294
0.810750
0.800940
0.787383
0.801965
0.800340
0.816737
0.815212
0.809935
0.812958
0.782996
0.806444
0.814156
0.824529
0.802126
0.813018
0.810262
0.811962
0.805017
0.813568
0.809170
0.799818
0.810920
0.816680
0.805583
0.787584
0.803863
0.800205
0.805248
0.806573
0.817336
0.810285
0.810457
0.792594
0.793400
0.809071
0.801921
0.795942
0.808725
0.820156
0.803661
0.800569
0.801938
0.816751
0.811636
0.814289
0.798613
0.792520
0.819174
0.810048
0.809446
0.806838
0.806376
0.804529
0.790596
0.794204
0.808070
0.805403
0.803076
0.800873
0.806625
0.799536
0.823267
0.814732
