0.135000
-0.513000
0.585000
-0.369000
0.216000
-0.108000
0.558000
-0.684000
0.180000
0.090000
-0.513000
-0.423000
0.180000
0.459000
-0.549000
1.071000
-0.333000
0.252000
0.081000
0.432000
0.171000
-0.279000
0.576000
-1.134000
0.045000
-0.648000
0.378000
-0.027000
-0.018000
-0.153000
0.090000
0.342000
-0.405000
0.774000
-0.675000
0.621000
-0.342000
0.189000
-0.558000
0.027000
0.036000
-0.225000
0.531000
-0.693000
0.828000
-0.927000
0.135000
-0.270000
-0.801000
0.576000
-0.873000
0.981000
-1.224000
1.089000
-0.594000
0.423000
0.216000
-0.495000
0.297000
-0.891000
0.882000
-0.693000
0.243000
-0.342000
