-2.774379
-1.603286
-1.614004
-1.573302
-1.567554
-1.650993
-1.617998
-1.618023
-3.904984
-1.638906
-1.722288
-1.565337
-3.065070
-3.068953
-3.828599
-1.603588
-1.619678
-1.645837
-1.610765
-1.581553
-1.580557
-1.761600
-1.697193
-1.569940
-3.087393
-1.624109
-1.571664
-1.636698
-3.125359
-1.588607
-1.580749
-1.643152
-1.627070
-1.660111
-3.840884
-1.604220
-4.021134
-4.145857
-2.703018
-1.623318
-1.646853
-1.670011
-3.621368
-3.760460
-1.588830
-1.643003
-3.465907
-3.168665
-1.633391
-1.771671
-1.649187
-1.585617
-1.589916
-1.580178
-3.113042
-1.581024
-1.587070
-4.131870
-1.636324
-2.978543
-2.914217
-2.021503
-1.633705
-1.603489
-3.947996
-3.411136
-1.618072
-3.211555
-1.602069
-3.754153
-3.296816
-1.643321
-3.906205
-1.596515
-3.325925
-1.599606
-1.593838
-1.583893
-3.049703
-3.457715
-1.591108
-1.604384
-2.177690
-3.033171
-1.638152
-1.659633
-1.608714
-1.597382
-1.582774
-2.889813
-2.777868
-2.994565
-1.595910
-2.934665
-2.978692
-1.593277
-3.499706
-3.833268
-3.772823
-1.670449
