-0.908088
-1.271430
-3.768414
1.847683
-1.757603
34.351407
-1.294447
34.059726
1.385702
-0.100163
1.018661
-3.160397
3.300781
1.377337
14.585715
-1.074615
-1.344157
-9.633640
0.504932
2.266957
33.883798
34.446088
-3.098835
3.584615
-1.287147
-1.317375
2.498059
2.451270
26.496643
7.535382
7.659952
2.231873
3.049747
16.686798
1.665082
-1.402604
-0.305940
0.459856
-1.338707
-1.334308
34.284082
-1.350092
2.360282
-0.277513
35.725375
-4.248828
-1.390182
4.469633
34.273372
8.178615
-1.162195
33.707272
14.835273
13.827316
-1.264996
13.827881
13.731335
-1.078799
-1.145576
34.041986
14.452687
-1.250034
-1.257511
-9.935514
6.030113
20.179056
-0.638010
0.175980
-1.127028
-1.237721
1.230437
21.941917
-1.391501
34.355844
29.546291
34.416525
-0.875175
1.926333
-1.202325
3.958924
33.756418
15.286761
3.369361
-0.061371
33.295787
34.361655
6.462728
33.326386
1.589988
-1.289600
-1.347224
13.365161
-0.440857
-1.300220
-1.350160
33.946408
1.737438
14.567408
34.525588
0.283443
