8.917666
10.057185
8.972700
8.705092
8.446047
9.769966
10.032552
8.809464
10.074284
9.182056
9.063666
7.998674
9.868334
10.084387
9.914909
8.685910
6.914514
8.906309
10.333897
8.690362
9.285191
9.837427
10.285115
8.181038
8.101743
9.437643
8.714874
10.127130
9.223102
9.473494
9.111294
9.941774
9.567937
10.094784
9.734655
8.820719
9.045469
8.886484
10.170374
10.233541
8.868901
9.883412
8.344665
9.043552
9.648977
8.823164
7.335459
9.272265
8.725009
8.358776
8.748635
8.708630
9.156225
9.168723
10.091088
9.031198
9.610104
10.190570
10.076388
8.887777
10.032564
8.822513
7.893896
9.936716
10.107691
9.673382
8.431004
10.077723
9.794418
9.726781
7.960769
9.008219
9.711186
10.233459
8.839396
8.598794
10.176382
9.489079
8.281254
8.818458
9.021140
9.588293
9.944038
9.813842
8.728292
8.934181
8.997400
9.671237
9.420050
10.100357
10.143874
9.146539
9.099769
9.935672
9.773045
9.570995
9.765003
10.178603
8.166203
8.615557
