0.436400
0.263200
0.225200
0.281200
0.357600
0.368000
0.208200
0.293000
0.239200
0.293600
0.247800
0.334800
0.375800
0.351200
0.371600
0.451400
0.216600
0.243400
0.410400
0.204000
0.366000
0.419600
0.511400
0.266800
0.317400
0.340600
0.356400
0.219000
0.321400
0.251000
0.369800
0.288400
0.409800
0.228000
0.319400
0.286600
0.302600
0.172400
0.274400
0.321600
0.399400
0.339800
0.235800
0.316200
0.303000
0.201600
0.252800
0.362400
0.324800
0.222400
0.318800
0.321400
0.324000
0.228400
0.322800
0.388000
0.279800
0.194400
0.266200
0.286400
0.405000
0.327200
0.362200
0.302800
