0.405088
-0.287373
0.237557
-0.000309
-0.193399
0.054391
0.184683
0.398863
0.453314
-1.080427
0.395625
0.014384
-1.032069
-1.164106
-1.135090
-0.329434
-0.387435
-0.525960
0.142816
-0.597023
-0.074588
0.361308
-1.241547
-0.765033
0.446245
-1.048627
-1.108902
0.036453
0.429884
0.063699
0.008719
0.393514
0.399166
0.214428
0.325670
0.316733
-0.685417
0.385045
-0.925844
-0.047315
0.165936
0.280600
-1.096098
0.426464
0.394855
0.231591
0.451657
0.416276
-0.607061
0.519269
-1.203353
-0.984036
0.172496
-0.340564
0.156375
-1.127809
0.381166
-1.201945
0.358694
0.511453
0.356219
-0.873008
0.296625
0.266478
0.003947
0.511902
0.205750
0.419433
0.386421
0.275232
0.506414
-1.209506
0.481102
-0.808559
0.492236
0.411149
0.071970
-0.094265
-0.729028
-0.098785
0.345147
-0.978235
0.157651
0.434086
0.426578
-0.068713
-0.161605
0.078629
0.324413
0.436830
0.311013
0.480955
0.408366
-1.132631
-1.157190
0.317273
0.366446
0.160073
-0.586668
0.386987
