0.030358
0.030050
-0.034419
-0.116228
-0.109123
0.005494
-0.012441
-0.129013
-0.029305
-0.009439
-0.069509
-0.093009
-0.025281
-0.035045
-0.006739
-0.115837
-0.003480
-0.047244
0.007669
-0.040972
-0.042478
-0.040228
-0.011847
-0.138814
0.048945
-0.017150
-0.018615
-0.022001
-0.017595
-0.051135
-0.042840
-0.025640
-0.017337
-0.054114
-0.104096
0.013165
-0.002736
-0.036600
-0.030037
0.011990
-0.087457
-0.024415
-0.005976
-0.007636
-0.071995
-0.071345
0.150588
0.040314
-0.080576
-0.077784
0.075723
-0.108096
-0.026527
-0.091981
0.034956
-0.017576
-0.039142
-0.038101
-0.092039
-0.038617
-0.024913
-0.016954
0.029415
-0.044094
-0.044034
-0.054323
-0.047264
-0.032541
-0.087759
-0.003648
0.117112
-0.063649
-0.096396
-0.038709
0.005177
-0.061758
-0.038903
0.025701
0.034182
-0.102189
-0.035423
-0.042928
-0.023068
0.047740
-0.098420
-0.011973
-0.030304
-0.127055
0.000651
-0.016205
0.073734
-0.033692
-0.028763
-0.054830
-0.106335
-0.040125
-0.015070
0.045422
-0.083209
-0.023924
