0.000540
0.031530
0.015840
0.033270
0.023400
0.020760
0.033180
0.022230
0.030300
0.012630
0.028770
0.005310
0.026730
0.045330
0.025290
0.025200
0.027360
0.010980
0.034320
0.024300
0.048450
-0.006180
0.019230
0.009390
0.006150
0.041790
-0.012750
0.059730
-0.035820
0.052230
0.002100
0.030690
0.039510
-0.011280
0.072060
-0.036120
0.082140
-0.026400
0.053490
-0.003390
-0.014730
0.068970
-0.029610
0.071610
-0.047340
0.081420
-0.018990
0.032520
0.039690
-0.010710
0.057000
-0.001980
0.053070
-0.009300
0.059280
-0.000960
0.010110
0.027870
-0.002670
0.049800
-0.011190
0.051900
0.000360
0.047910
