8.598968
10.407766
9.359901
9.092713
8.081738
9.990645
10.227182
9.201652
10.465581
9.519664
9.401262
7.311381
10.257048
10.225106
10.323172
7.715527
5.894409
9.195453
10.552416
9.080666
9.673846
10.103926
10.612692
8.141858
8.323866
9.087024
9.111353
10.460000
9.480615
9.883975
9.429742
10.273286
9.960095
10.407990
10.184347
6.909338
8.878923
9.273649
10.513609
10.387813
8.818782
8.982183
7.759035
9.443253
10.066671
9.217025
6.255850
9.587147
9.133034
7.562224
9.240777
9.055679
9.530663
9.449501
10.472521
9.383107
10.076675
10.545652
10.474028
9.278761
10.413788
7.971711
7.385204
10.235402
10.446736
10.001396
6.997343
10.461139
10.302907
9.833829
6.600278
7.930572
10.039072
10.561694
9.202601
8.977046
10.536071
9.875598
6.472456
8.945509
9.402287
9.986834
10.143596
8.556984
9.157158
9.316089
8.997406
10.015181
9.770992
10.408968
10.378281
9.073041
9.503163
10.296774
10.032112
9.804584
10.077316
10.502155
7.988130
8.168296
