8.213761
9.456142
8.431574
8.167376
8.009951
8.987331
9.367337
8.245468
9.486711
8.601758
8.484173
7.939625
9.301548
9.266106
9.389541
8.120368
7.310098
8.311306
9.566461
8.155334
8.712391
9.105342
9.640540
7.978561
7.428752
9.000974
8.154914
9.478464
8.685505
8.951548
8.480571
9.323899
8.999429
9.425775
9.199339
8.412579
8.377159
8.321503
9.535783
9.409575
8.288461
9.320947
7.990234
8.541742
9.114109
8.273834
7.219571
8.605304
8.197236
8.223771
8.275493
8.161820
8.642133
8.573388
9.501770
8.478415
9.149652
9.563006
9.501574
8.375799
9.450932
7.717296
8.482107
9.327604
9.473156
9.007286
8.148265
9.489475
9.350547
9.094012
8.063923
8.555401
9.189178
9.588476
8.281296
8.135035
9.558219
8.936909
8.087696
8.446189
8.471642
9.039203
9.126987
9.045430
8.211597
8.354288
8.451854
9.036403
8.819574
9.464016
9.558379
8.148558
8.588506
9.326024
9.094445
8.836464
9.108223
9.535811
7.992414
8.152885
