-1.432400
-8.274900
-12.095000
-2.333200
-1.067000
-0.245100
-1.348100
-1.612100
-2.730800
-11.511100
-21.766700
-2.217900
-1.100100
0.287800
-2.262000
-6.456800
-4.009700
-5.910600
-4.815100
-1.826200
-0.701500
-0.602200
-2.339500
-16.158400
-0.128900
-1.396600
0.267100
-0.122600
-0.371400
0.380900
1.287600
-0.395400
0.402300
0.850600
-0.220600
0.081600
-0.364900
-1.180000
0.512700
1.397100
0.940300
0.025100
-0.925700
-0.124100
0.067200
0.340100
-1.788900
-0.870600
-0.550000
-1.520800
0.200300
0.199700
1.722300
0.540400
-0.731400
-1.220000
-0.488400
-0.479800
-1.590800
-0.993300
1.552900
1.230300
0.284300
0.595000
