4.608729
0.911161
1.713457
4.175889
0.843386
1.478827
3.287655
3.423164
4.600958
0.683916
3.462673
2.469074
2.063763
2.950333
4.131087
3.173893
2.605734
3.034881
1.118191
4.510485
4.774822
1.488145
3.692660
4.731215
0.826263
0.534631
0.884217
0.789328
4.037468
0.661126
0.957796
2.401629
12.222721
0.999182
0.724238
4.606373
-0.160061
1.578268
0.532815
4.170577
3.271886
0.598478
-0.801364
0.848873
2.371639
1.540126
2.807618
1.587537
1.872635
1.627824
3.462737
1.774731
1.216763
2.952469
1.280861
0.702431
1.115405
1.780541
2.461976
0.717375
1.761778
0.896478
1.392972
0.649644
1.034857
1.578731
0.893009
0.890252
3.045420
1.384899
3.932485
1.799342
0.965725
2.826490
1.127748
1.194869
3.789936
1.048934
2.363766
2.849645
1.524642
0.206971
1.860695
0.923572
3.358701
1.821766
0.951880
0.957724
2.767580
1.723235
4.366426
1.407611
1.489303
1.142354
0.933409
0.813831
3.159902
3.138022
4.028204
0.988221
