0.111908
0.112496
0.112889
0.113235
0.113090
0.111717
0.111201
0.114142
0.113654
0.112368
0.113243
0.115540
0.112452
0.110004
0.111548
0.111426
0.110095
0.111731
0.111323
0.112978
0.112873
0.112924
0.109905
0.113375
0.111702
0.110513
0.112628
0.112163
0.112555
0.112837
0.112380
0.111726
0.112371
0.112312
0.113503
0.112745
0.110825
0.113382
0.111824
0.110231
0.111738
0.112272
0.111728
0.114537
0.113424
0.113105
0.110860
0.113570
0.113217
0.116237
0.111017
0.112710
0.113211
0.112812
0.112855
0.112889
0.113091
0.110825
0.113977
0.115540
0.113179
0.110363
0.112764
0.112097
0.112505
0.114278
0.114048
0.114273
0.113403
0.111434
0.111548
0.112294
0.112557
0.110924
0.113642
0.114407
0.112317
0.111730
0.111405
0.113730
0.113397
0.113217
0.111552
0.112505
0.115119
0.112864
0.112620
0.112977
0.112618
0.113608
0.110831
0.113609
0.113493
0.111764
0.111154
0.111800
0.112877
0.111927
0.114235
0.113789
