0.123660
-0.206940
0.072120
0.187170
0.006900
-0.010200
-0.035160
0.288060
-0.122670
0.111240
0.173100
-0.058740
0.091590
0.182400
0.173970
-0.084870
0.042570
0.044250
0.105180
0.075630
-0.017250
-0.119160
-0.031920
0.013530
-0.032970
-0.082800
-0.117780
0.160740
-0.039930
0.055650
0.065010
0.149610
-0.102120
0.050070
0.233820
-0.120480
0.156300
-0.092460
0.121770
-0.014850
0.093720
0.027960
-0.071550
0.262350
-0.230910
0.129900
0.213120
-0.249480
-0.029070
0.105720
0.033810
0.057960
-0.084330
0.136110
-0.193020
0.219900
0.180900
-0.172620
0.124680
0.024720
-0.051930
-0.054660
0.072900
0.056880
