-0.095167
0.590271
0.481993
-0.429434
-0.216160
0.103288
0.027441
-0.765894
-0.390436
0.013598
-0.418697
-0.077199
-0.125335
-0.227317
-0.125009
-0.348992
-0.526225
-0.275080
-0.009782
0.401196
-0.511200
0.004180
0.103152
-0.771986
0.594024
-0.171071
0.212065
-0.451604
-0.009591
-0.424498
-0.229105
-0.257604
-0.106549
-0.200693
-0.511119
0.145546
0.020708
-0.175387
-0.552980
-0.089679
-0.151376
-0.346810
0.215780
0.413428
-0.342058
-0.249199
0.592684
0.350515
-0.170541
-0.213065
0.661907
-0.480616
-0.019658
-0.394746
0.052285
0.483224
0.028495
-0.348937
-0.584137
0.079170
-0.315022
-0.426187
-0.073240
-0.312212
-0.515569
-0.416588
0.233428
0.042592
-0.543689
-0.486353
0.314429
-0.432324
-0.518613
-0.242502
0.564941
0.031791
-0.351951
0.233833
0.402552
-0.375832
-0.327866
-0.076921
-0.534519
-0.066109
-0.469135
-0.139555
-0.050289
-0.945368
-0.074052
-0.275074
0.440608
-0.547689
-0.116395
-0.389147
-0.541912
-0.295122
-0.064356
0.385541
-0.709595
-0.318902
