8.954845
10.214507
9.159088
8.882379
8.536124
9.891844
10.114946
9.007134
10.272779
9.333435
9.235403
7.683007
10.028649
10.205896
10.081729
8.465962
6.468113
9.012785
10.440178
8.874931
9.462825
9.975921
10.422296
8.228535
8.167178
9.598701
8.900636
10.286638
9.348574
9.645765
9.252342
10.122763
9.793958
10.251972
9.967661
8.086821
9.074286
9.080229
10.329248
10.304405
8.913065
9.658814
8.119934
9.264064
9.856279
9.007963
6.946313
9.455472
8.931720
8.475530
9.004997
8.855004
9.304080
9.249189
10.279966
9.173858
9.831475
10.341677
10.270633
9.110513
10.230940
8.665395
8.078097
10.090335
10.267598
9.939084
7.960678
10.270450
10.061613
9.835495
7.512242
8.478145
9.876437
10.374253
9.029140
8.792077
10.346413
9.670659
7.084485
8.763886
9.199565
9.742178
10.029557
9.681536
8.950760
9.116636
8.959076
9.842752
9.568842
10.226568
10.260525
8.988674
9.333336
10.096117
9.895155
9.677586
9.933824
10.331154
8.197534
8.550152
