0.026984
-0.012109
-0.018228
-0.027031
-0.017008
-0.010963
-0.015076
0.004984
0.039104
-0.025116
0.004823
-0.007713
-0.021570
-0.049367
-0.028325
-0.025452
-0.023861
-0.037099
-0.009161
-0.029990
-0.014935
0.003533
-0.040257
-0.027643
0.014998
-0.038130
-0.035834
-0.018739
0.007045
-0.006245
-0.017498
-0.000579
-0.001237
-0.014374
-0.009294
-0.004793
-0.034265
0.017052
-0.023871
-0.017745
-0.013244
-0.012133
-0.052681
0.029358
0.001525
-0.007518
0.001826
0.021615
-0.024637
0.041515
-0.032469
-0.017339
0.014957
-0.029912
-0.012134
-0.023778
-0.008847
-0.041801
0.012513
0.057136
0.012845
-0.018530
0.011806
-0.009081
-0.019795
0.043637
-0.014912
0.028691
0.000892
-0.011525
0.007941
-0.023512
0.013778
-0.018562
0.031339
-0.001279
-0.011512
-0.019428
-0.022619
-0.019598
-0.002786
-0.030093
-0.023713
0.038210
0.025387
-0.017870
-0.022831
-0.008596
-0.009923
0.025678
-0.007174
0.054871
0.024272
-0.039948
-0.043478
-0.008891
-0.004545
-0.015332
-0.018356
0.013318
