-0.030934
-0.020358
-0.035578
-0.026178
-0.035648
-0.023904
-0.032110
-0.031840
-0.046678
-0.016988
-0.018658
-0.028092
-0.043148
-0.036142
-0.029270
-0.021032
-0.037682
-0.014114
-0.008720
-0.035744
-0.026834
-0.015732
-0.027572
-0.048544
-0.033246
-0.027252
-0.028232
-0.036920
-0.032716
-0.025990
-0.034882
-0.053952
-0.025272
-0.037302
-0.018596
-0.047144
-0.033470
-0.017674
-0.045248
-0.036824
-0.030094
-0.014556
-0.013158
-0.032116
-0.027924
-0.017360
-0.027020
-0.017040
-0.008416
-0.003290
-0.019122
-0.036008
-0.016978
-0.023850
-0.013426
-0.016844
-0.033716
-0.032756
-0.019714
-0.027484
-0.021050
-0.036656
-0.003700
-0.018216
