0.001761
0.001237
0.001289
0.001179
0.001251
0.001274
0.001214
0.001632
0.001845
0.001114
0.001529
0.001550
0.001120
0.000625
0.001114
0.001034
0.001097
0.000993
0.001321
0.001165
0.001325
0.001508
0.000679
0.001086
0.001695
0.000854
0.001009
0.001345
0.001590
0.001352
0.001222
0.001389
0.001506
0.001356
0.001435
0.001429
0.001016
0.001557
0.001202
0.001145
0.001266
0.001409
0.000539
0.001807
0.001539
0.001318
0.001460
0.001791
0.001307
0.002066
0.000913
0.001168
0.001465
0.001148
0.001509
0.001136
0.001431
0.000842
0.001640
0.002208
0.001625
0.001145
0.001555
0.001395
0.001272
0.002080
0.001497
0.001837
0.001511
0.001352
0.001503
0.001096
0.001608
0.001093
0.001810
0.001557
0.001292
0.001243
0.001089
0.001349
0.001505
0.001186
0.001204
0.001912
0.001890
0.001360
0.001212
0.001471
0.001380
0.001817
0.001310
0.002230
0.001704
0.000984
0.000830
0.001300
0.001499
0.001351
0.001297
0.001561
