0.338901
0.346339
0.348908
0.351554
0.350953
0.343281
0.341381
0.351556
0.346709
0.347684
0.348487
0.358776
0.347519
0.340346
0.343833
0.345320
0.335337
0.346495
0.339974
0.350765
0.347988
0.346279
0.339790
0.353618
0.337866
0.340772
0.350301
0.344302
0.344484
0.347586
0.346963
0.342436
0.344541
0.344860
0.348937
0.345178
0.342253
0.349038
0.343706
0.337443
0.344423
0.343705
0.350565
0.351489
0.348480
0.349699
0.336242
0.347294
0.350397
0.356558
0.343924
0.349524
0.348530
0.348926
0.346119
0.349706
0.347968
0.342546
0.349197
0.352779
0.346547
0.337581
0.345708
0.343726
0.345837
0.347864
0.352253
0.349132
0.348657
0.340177
0.340635
0.347394
0.344615
0.341158
0.348418
0.353616
0.345077
0.343702
0.344065
0.351536
0.349267
0.350116
0.342677
0.341083
0.353763
0.348351
0.347789
0.346954
0.346542
0.346336
0.339109
0.342385
0.347834
0.345560
0.344047
0.343845
0.346759
0.343201
0.354847
0.350864
