0.036500
0.035000
0.030900
0.035500
0.030600
0.031400
0.029600
0.031300
0.032200
0.035400
0.032100
0.032600
0.033300
0.032200
0.032800
0.036400
0.031700
0.030800
0.032300
0.032400
0.036800
0.037500
0.037700
0.029800
0.033700
0.028500
0.033200
0.032800
0.037600
0.033300
0.032700
0.027700
0.032800
0.031200
0.033200
0.033600
0.034900
0.030100
0.029800
0.028400
0.033300
0.034000
0.031300
0.032300
0.030300
0.033500
0.028100
0.031300
0.031700
0.035100
0.035700
0.031600
0.032900
0.031900
0.032600
0.031200
0.032700
0.034100
0.033200
0.031900
0.036200
0.034400
0.035300
0.032500
