-0.027401
-0.029080
-0.029271
-0.029331
-0.029211
-0.029137
-0.029092
-0.028696
-0.026821
-0.029458
-0.028678
-0.028922
-0.029363
-0.030443
-0.029402
-0.029409
-0.029222
-0.029613
-0.029011
-0.029470
-0.029115
-0.028654
-0.029836
-0.029523
-0.027864
-0.029733
-0.029622
-0.029228
-0.028433
-0.029193
-0.029231
-0.028797
-0.028718
-0.029138
-0.029137
-0.028856
-0.029536
-0.028454
-0.029326
-0.029351
-0.029129
-0.029143
-0.030868
-0.027332
-0.028603
-0.029181
-0.028779
-0.027831
-0.029306
-0.025935
-0.029272
-0.029144
-0.028475
-0.029552
-0.029016
-0.029275
-0.029125
-0.030025
-0.028404
-0.024192
-0.028316
-0.029176
-0.028296
-0.029066
-0.029402
-0.025791
-0.029180
-0.027407
-0.028963
-0.029351
-0.028574
-0.029320
-0.028301
-0.029365
-0.027194
-0.028816
-0.029256
-0.029311
-0.029424
-0.029304
-0.028893
-0.029508
-0.029342
-0.026147
-0.027543
-0.029175
-0.029384
-0.028870
-0.029083
-0.027541
-0.029014
-0.023560
-0.027835
-0.029670
-0.030001
-0.029096
-0.028994
-0.029069
-0.029310
-0.028352
-0.026026
-0.029146
-0.029303
-0.028602
-0.028380
-0.028792
-0.028141
-0.028103
-0.029586
-0.029885
-0.029152
-0.028051
-0.029372
-0.029139
-0.029205
-0.029289
-0.028313
-0.029020
-0.026288
-0.028284
-0.029482
-0.029726
-0.029271
-0.029365
-0.029583
-0.028825
-0.028603
-0.029306
-0.029025
-0.029517
-0.029180
-0.029064
-0.029008
-0.029382
-0.028936
-0.029484
-0.029369
-0.028923
-0.027313
-0.028867
-0.029345
-0.029231
-0.029567
-0.028708
-0.026838
-0.028875
-0.029228
-0.028764
-0.029385
-0.028708
-0.029206
-0.028205
-0.028639
-0.027940
-0.029840
-0.028553
-0.029312
-0.028297
-0.026577
-0.029106
-0.029342
-0.029129
-0.029232
-0.028937
-0.028118
-0.029079
-0.029034
-0.026927
-0.029445
-0.028315
-0.026707
-0.029198
-0.029021
-0.028956
-0.029015
-0.029199
-0.029169
-0.029439
-0.025393
-0.029404
-0.029661
-0.029469
-0.028858
-0.029283
-0.028976
-0.027847
-0.029327
-0.028478
-0.029758
-0.029422
-0.029243
-0.029103
-0.028857
-0.029222
-0.028637
-0.028563
-0.028384
-0.029229
-0.029317
-0.029434
-0.028899
-0.028219
-0.028951
-0.029641
-0.029801
-0.029129
-0.029438
-0.029387
-0.028496
-0.029121
-0.029330
-0.029370
-0.029165
-0.030178
-0.028784
-0.028639
-0.029731
-0.028774
-0.029187
-0.028772
-0.027666
-0.029315
-0.029984
-0.027925
-0.029516
-0.028341
-0.029196
-0.027370
-0.029672
-0.029195
-0.029163
-0.029283
-0.029163
-0.029332
-0.029260
-0.027702
-0.028777
-0.029636
-0.029417
-0.025883
-0.029149
-0.029502
-0.029022
-0.026966
-0.028019
-0.028521
-0.029029
-0.030275
-0.029170
-0.029358
-0.029053
-0.029399
-0.028231
-0.029397
-0.028445
-0.027834
-0.028657
-0.029642
-0.029027
-0.029219
-0.029342
-0.028973
-0.029463
-0.029064
-0.029592
-0.028987
-0.029169
-0.029030
-0.029645
-0.029365
-0.029790
-0.028827
-0.027553
-0.029769
-0.029291
-0.029533
-0.029362
-0.028893
-0.028344
-0.026852
-0.029365
-0.028866
-0.029175
-0.030061
-0.029393
-0.028523
-0.029713
-0.028078
-0.029240
-0.029048
-0.028706
-0.028842
-0.028131
-0.029669
-0.029187
-0.025078
-0.029186
-0.029559
-0.027331
-0.029784
-0.029199
-0.029310
-0.029402
-0.028334
-0.028713
-0.028954
-0.029671
-0.029143
-0.029494
-0.029780
-0.028384
-0.027698
-0.029179
-0.028236
-0.029219
-0.029167
-0.027631
-0.029044
-0.029078
-0.027243
-0.029097
-0.028793
-0.029509
-0.028614
-0.028136
-0.028791
-0.027792
-0.029396
-0.029449
-0.029398
-0.028863
-0.029006
-0.028724
-0.029450
-0.029009
-0.029189
-0.028906
-0.029318
-0.029043
-0.030031
-0.028451
-0.029360
-0.029473
-0.029117
-0.028965
-0.028679
-0.027021
-0.026028
-0.027790
-0.025585
-0.029155
-0.028578
-0.029387
-0.027921
-0.027883
-0.028777
-0.029248
-0.029945
-0.028651
-0.028978
-0.028466
-0.028612
-0.029026
-0.029194
-0.029179
-0.028970
-0.031542
-0.029096
-0.027788
-0.028733
-0.029149
-0.028023
-0.029198
-0.026468
-0.029282
-0.029131
-0.028224
-0.030905
-0.025235
-0.028997
-0.028479
-0.029022
-0.029091
-0.029107
-0.029162
-0.026946
-0.028326
-0.028910
-0.029180
-0.029026
-0.029141
-0.028841
-0.029116
-0.025707
-0.029576
-0.029196
-0.027692
-0.029061
-0.029555
-0.029473
-0.029438
-0.029206
-0.029297
-0.028445
-0.029448
-0.028824
-0.031882
-0.029080
-0.026917
-0.029270
-0.029316
-0.029578
-0.029289
-0.029381
-0.028843
-0.029211
-0.028910
-0.029021
-0.029348
-0.029080
-0.029268
-0.028430
-0.027013
-0.028843
-0.025738
-0.028693
-0.029150
-0.028828
-0.028787
-0.029455
-0.029191
-0.029512
-0.027754
-0.029334
-0.029524
-0.029064
-0.029248
-0.029383
-0.029025
-0.027965
-0.028155
-0.028761
-0.028721
-0.029058
-0.028993
-0.028369
-0.028963
-0.029085
-0.027400
-0.027605
-0.028327
-0.027042
-0.027698
-0.028397
-0.028337
-0.029533
-0.029187
-0.029587
-0.028627
-0.028929
-0.029139
-0.027587
-0.029347
-0.029342
-0.028932
-0.028515
-0.029358
-0.029270
-0.028082
-0.029100
-0.028811
-0.029556
-0.028484
-0.029241
-0.029669
-0.028931
-0.029332
-0.029326
-0.029845
-0.028748
-0.028242
-0.028930
-0.029508
-0.029277
-0.028332
-0.028725
-0.029414
-0.029514
-0.028498
-0.029334
-0.028567
-0.029459
-0.027572
-0.026578
-0.028880
-0.029158
-0.029049
-0.029096
-0.029600
-0.026639
-0.026752
-0.027710
-0.026853
-0.029037
-0.029090
-0.028616
-0.029523
-0.028765
-0.028583
-0.029148
-0.029304
-0.029722
-0.029108
-0.027866
-0.029174
-0.029102
-0.029562
-0.029379
-0.028856
-0.029939
-0.029876
-0.028873
-0.029004
-0.029509
-0.028576
-0.029573
-0.028454
-0.029087
-0.028581
-0.029010
-0.029148
-0.028317
-0.029358
-0.028748
-0.027611
-0.028333
-0.028968
-0.028324
-0.027608
-0.029364
-0.027342
-0.029154
-0.029502
-0.029017
-0.028724
-0.027042
-0.029055
-0.028989
-0.027676
-0.026579
-0.028176
-0.028602
-0.025911
-0.028962
-0.029616
-0.029489
-0.028771
-0.027743
-0.029367
-0.029218
-0.030039
-0.028930
-0.029524
-0.029196
-0.029189
-0.029280
-0.028515
-0.028566
-0.028629
-0.029859
-0.029348
-0.029135
-0.029220
-0.029354
-0.029185
-0.029104
-0.028475
-0.027135
-0.028346
-0.029273
-0.029086
-0.028988
-0.028274
-0.029299
-0.028497
-0.029281
-0.028750
-0.027994
-0.028944
-0.028700
-0.026703
-0.029451
-0.026296
-0.026529
-0.027452
-0.029116
-0.029368
-0.029430
-0.028711
-0.028036
-0.029046
-0.029898
-0.029149
-0.028963
-0.028994
-0.029767
-0.029330
-0.029806
-0.028123
-0.027913
-0.029162
-0.029413
-0.029274
-0.029193
-0.029130
-0.028281
-0.029364
-0.027771
-0.029344
-0.029614
-0.029174
-0.029657
-0.030110
-0.029036
-0.030106
-0.029203
-0.029586
-0.028130
-0.028879
-0.028752
-0.028700
-0.029518
-0.029974
-0.029077
-0.029760
-0.028959
-0.028501
-0.029475
-0.029201
-0.029040
-0.028982
-0.029173
-0.029200
-0.027439
-0.029053
-0.029239
-0.029396
-0.029503
-0.029308
-0.028422
-0.029461
-0.029669
-0.029506
-0.027985
-0.028522
-0.029070
-0.029050
-0.029467
-0.028814
-0.029569
-0.028529
-0.029191
-0.029031
-0.029388
-0.029930
-0.028417
-0.028576
-0.028470
-0.030287
-0.028451
-0.029340
-0.028644
-0.028950
-0.029198
-0.029269
-0.029249
-0.027932
-0.029371
-0.029061
-0.029330
-0.029513
-0.028718
-0.028560
-0.028549
-0.028727
-0.028941
-0.029532
-0.030022
-0.029332
-0.029501
-0.028838
-0.028381
-0.028498
-0.030748
-0.029432
-0.028390
-0.029125
-0.028901
-0.028601
-0.029683
-0.028757
-0.028426
-0.028808
-0.029107
-0.030240
-0.029258
-0.029161
-0.026539
-0.029916
-0.028403
-0.029082
-0.026039
-0.028226
-0.029599
-0.029207
-0.029524
-0.029554
-0.029162
-0.028472
-0.028767
-0.029291
-0.028189
-0.029263
-0.029208
-0.028590
-0.029264
-0.029032
-0.029069
-0.029776
-0.026656
-0.028879
-0.028455
-0.028490
-0.029214
-0.029298
-0.028329
-0.027844
-0.025735
-0.025408
-0.029292
-0.027967
-0.029219
-0.029576
-0.029429
-0.029773
-0.029262
-0.028712
-0.029690
-0.028934
-0.022350
-0.029230
-0.029633
-0.030290
-0.029493
-0.026566
-0.026619
-0.028561
-0.029195
-0.028285
-0.029200
-0.029253
-0.030151
-0.027651
-0.029581
-0.027865
-0.029806
-0.029369
-0.029165
-0.029544
-0.027952
-0.029929
-0.029261
-0.028639
-0.029594
-0.029602
-0.029036
-0.028154
-0.028647
-0.029016
-0.028354
-0.029350
-0.029320
-0.029129
-0.028613
-0.028796
-0.029266
-0.028970
-0.028989
-0.029442
-0.029524
-0.028380
-0.027541
-0.028731
-0.029742
-0.029274
-0.029492
-0.028294
-0.029469
-0.028591
-0.029070
-0.029178
-0.029180
-0.028751
-0.029264
-0.029960
-0.028942
-0.029110
-0.026464
-0.028000
-0.029146
-0.029188
-0.028894
-0.028267
-0.029485
-0.029189
-0.029397
-0.029236
-0.029064
-0.029067
-0.029595
-0.029668
-0.026399
-0.028694
-0.028871
-0.029251
-0.029179
-0.029775
-0.028702
-0.029259
-0.028867
-0.029187
-0.028820
-0.029506
-0.029348
-0.029146
-0.029095
-0.029274
-0.028542
-0.028314
-0.026624
-0.028453
-0.027488
-0.029176
-0.030476
-0.028943
-0.029405
-0.029343
-0.029316
-0.028799
-0.029272
-0.029244
-0.028873
-0.029801
-0.029533
-0.028089
-0.029810
-0.029376
-0.030293
-0.029572
-0.028643
-0.027167
-0.026793
-0.028069
-0.027019
-0.027228
-0.027622
-0.029077
-0.027720
-0.029880
-0.029423
-0.026062
-0.029241
-0.029363
-0.027356
-0.029252
-0.027558
-0.029215
-0.029298
-0.027786
-0.029359
-0.029230
-0.029108
-0.028067
-0.029177
-0.028632
-0.029449
-0.029169
-0.028346
-0.029264
-0.027748
-0.028447
-0.029190
-0.029962
-0.029394
-0.028493
-0.029601
-0.025924
-0.029598
-0.027348
-0.028310
-0.029548
-0.028979
-0.029495
-0.029681
-0.028999
-0.029314
-0.025238
-0.029228
-0.029141
-0.028928
-0.029175
-0.027496
-0.029777
-0.029435
-0.029157
-0.029453
-0.028888
-0.027648
-0.027907
-0.029766
-0.028301
-0.028519
-0.029382
-0.028825
-0.029119
-0.029416
-0.029082
-0.028951
-0.027842
-0.029137
-0.028153
-0.029526
-0.029612
-0.028635
-0.029574
-0.029647
-0.030087
-0.029678
-0.029041
-0.028613
-0.029438
-0.028617
-0.029445
-0.030540
-0.028627
-0.028503
-0.030315
-0.026740
-0.025934
-0.029154
-0.029167
-0.029424
-0.029196
-0.029433
-0.029113
-0.029585
-0.029812
-0.027947
-0.028818
-0.027713
-0.027846
-0.029313
-0.029161
-0.029303
-0.029873
-0.028905
-0.028516
-0.030066
-0.029092
-0.028922
-0.029308
-0.029139
-0.029142
-0.029659
-0.029424
-0.028922
-0.028927
-0.028978
-0.028395
-0.029388
-0.028936
-0.027800
-0.029718
-0.029294
-0.028902
-0.029201
-0.029990
-0.028860
-0.026685
-0.028850
-0.028999
-0.028511
-0.029383
-0.025788
-0.029672
-0.028330
-0.029641
-0.029594
-0.029207
-0.029164
