0.193244
-0.628617
0.288020
-1.793372
-1.149488
-0.179951
-0.818230
0.487337
-0.026731
-0.911988
0.185902
-1.049211
-0.092851
-0.332663
-0.638340
-0.770016
-0.636974
-1.336078
-1.402027
-2.302259
-1.073829
-0.347743
-0.910930
-1.416358
-0.266209
-1.547690
-1.148789
-0.436196
-0.008985
-0.496603
-0.070553
-0.396872
0.396523
-0.230598
0.054634
-0.090134
-1.396318
-0.181349
0.383769
-0.391930
-1.129047
0.320164
-0.208569
0.574593
-0.558925
-1.341423
0.359550
0.197837
-0.296041
0.304396
-1.913619
-0.564770
-1.158427
-0.589361
-0.934617
-0.307896
0.412064
-1.153209
-0.345260
0.450960
-1.050874
0.274075
-0.409065
-0.248285
-0.132627
-0.217661
0.316120
-0.162271
-0.240205
-0.482699
0.183554
0.013852
0.052795
-0.610310
0.011759
-0.141447
-1.526106
-0.634033
-0.934242
-1.604294
0.074544
-0.208956
-0.425234
-0.558536
-0.707604
-1.378035
-1.146055
-0.187104
-0.234293
0.418746
-0.726958
-0.353038
-0.451747
-2.482595
-1.722421
0.318765
0.331072
-0.678685
0.398859
-0.256666
