0.591000
0.435000
0.341000
0.532000
0.483000
0.493000
0.349000
0.435000
0.540000
0.485000
0.414000
0.482000
0.485000
0.468000
0.491000
0.665000
0.584000
0.417000
0.457000
0.462000
0.452000
0.472000
0.594000
0.609000
0.597000
0.513000
0.561000
0.566000
0.523000
0.425000
0.396000
0.473000
0.507000
0.652000
0.573000
0.549000
0.540000
0.461000
0.421000
0.361000
0.594000
0.515000
0.558000
0.556000
0.530000
0.489000
0.503000
0.519000
0.428000
0.384000
0.420000
0.345000
0.473000
0.422000
0.440000
0.534000
0.465000
0.434000
0.379000
0.442000
0.502000
0.554000
0.455000
0.468000
