5.285907
5.561709
4.978990
4.877678
4.811294
5.328790
5.512284
4.915927
5.544241
5.044793
4.998249
4.824858
5.342529
5.664574
5.374921
4.834182
4.986519
4.932218
5.754649
4.866278
5.073388
5.378082
5.692618
4.797588
5.045970
5.531349
4.862862
5.554248
5.159224
5.138025
4.997838
5.435028
5.180777
5.520579
5.360499
5.528252
4.989274
4.941443
5.636735
5.698724
4.901864
5.679714
4.828638
5.033493
5.213014
4.902186
4.958564
5.074634
4.884859
4.953310
4.906578
4.854132
5.041524
5.061015
5.523107
5.010965
5.200130
5.603543
5.565964
4.969656
5.468468
5.288534
5.118579
5.419913
5.631623
5.227921
4.892233
5.558169
5.309466
5.561370
5.183592
5.039913
5.270641
5.626384
4.897377
4.878093
5.644906
5.147287
4.959147
5.001039
4.991624
5.197556
5.522892
5.581116
4.897940
4.932243
5.032570
5.221452
5.108311
5.664296
5.628098
5.339956
5.039551
5.384612
5.484240
5.163149
5.268118
5.617431
4.864604
4.915182
