0.774107
0.792424
0.797750
0.803241
0.801590
0.785591
0.781690
0.801949
0.791678
0.795618
0.796179
0.816278
0.795471
0.781290
0.787701
0.790479
0.767693
0.793551
0.777868
0.801715
0.795719
0.791636
0.779769
0.807395
0.771841
0.781449
0.800745
0.787598
0.787502
0.794969
0.793750
0.783601
0.788041
0.788921
0.797420
0.789468
0.784304
0.797144
0.786840
0.773259
0.788059
0.786365
0.802761
0.801730
0.796236
0.799296
0.769094
0.792752
0.800285
0.811325
0.787891
0.799208
0.796472
0.798010
0.791212
0.799777
0.795449
0.785664
0.797241
0.803343
0.791891
0.773614
0.790184
0.786300
0.791335
0.793068
0.803570
0.796644
0.796838
0.778576
0.779237
0.795061
0.788126
0.781752
0.795290
0.806611
0.789709
0.786721
0.788079
0.803141
0.797912
0.800513
0.784699
0.778728
0.805840
0.796305
0.795508
0.793032
0.792561
0.790856
0.776626
0.780741
0.794600
0.791423
0.788709
0.786881
0.792772
0.785680
0.809728
0.801264
