-2.361400
-3.846550
-29.407250
-2.411750
-0.696650
-2.128650
-2.573000
-3.077800
-3.447200
-28.969700
-292.474950
-5.922600
-3.611500
-1.525600
-4.619150
-21.505450
-7.409050
-4.334600
-7.070950
-2.603750
-1.030300
-1.958450
-16.761550
-290.375350
-7.653800
-2.133300
-1.656250
-1.711600
-1.726800
-2.362750
-10.318000
-36.473900
-5.334550
-1.913500
-1.338700
-1.768100
-3.315950
-1.525000
-1.828650
-6.163900
-1.561300
-2.420250
-2.094650
-2.088000
-3.515300
-2.195350
-2.607500
-1.657300
-2.204600
-2.801050
-2.067600
-4.248350
-1.918150
-2.903150
-2.425100
-2.635300
-3.329750
-1.999650
-4.186550
-2.773100
-1.418750
-0.688850
-0.964900
-1.592450
