2.829950
1.589562
1.945496
1.294444
1.585205
2.082228
1.402874
3.240863
3.248659
1.698836
1.663466
2.254448
1.948359
1.698160
1.471765
2.543691
1.387278
2.780879
1.664475
1.920400
3.600307
1.534728
2.417267
1.647625
2.101400
1.480735
1.300212
1.411374
2.076821
1.639824
1.621500
2.409454
1.714270
1.585441
1.407606
2.570625
-3.658275
2.459631
2.383040
1.078259
2.615745
1.636781
-6.661357
1.579237
1.640738
2.432979
1.601110
2.461964
1.771098
1.985232
3.037650
1.664330
1.593634
2.345125
1.429645
2.683184
1.294813
1.643474
2.037916
1.578108
1.600249
1.480939
1.631095
2.304505
1.097506
2.169492
1.774788
1.480978
1.703000
5.940457
5.132893
1.327899
1.309518
1.656321
1.480850
1.483121
1.332521
1.705167
2.359467
2.831190
1.388773
2.354982
1.482039
1.294677
1.526436
2.207754
1.667394
1.503547
2.291850
3.009819
1.862687
1.674733
1.480325
1.305045
1.480526
1.578774
1.403204
1.494017
1.606447
2.465023
