4.438232
2.840828
12.574712
10.382628
11.759670
12.841813
2.735699
12.598875
9.775092
7.585573
10.602517
11.642687
10.479107
11.927879
12.511288
3.703009
2.517295
12.105305
9.227897
10.627731
12.417745
12.937444
11.632084
10.903740
2.766936
2.682599
10.516590
9.698671
12.430485
11.279796
12.220094
11.518150
11.153954
12.537169
10.039934
2.238589
6.675769
8.887153
2.579698
2.585541
12.795124
2.587186
9.994535
6.261050
12.752314
12.167271
2.329317
11.722003
12.761268
12.395772
3.281758
12.274315
12.496558
12.124985
2.866446
12.260234
10.280335
3.846264
3.362448
12.586169
11.870422
2.923450
2.894780
11.869842
11.812100
12.213764
5.172050
9.101806
3.543849
3.096800
11.946760
12.338519
2.299218
12.851433
12.340497
12.895649
4.569517
10.171430
3.386186
11.186215
12.380251
12.326147
11.807170
8.482333
11.997436
12.840559
12.484174
12.044774
11.037265
2.779790
2.476338
9.997095
5.800248
2.730327
2.505687
12.529081
9.692532
11.495741
12.993436
7.848730
