-0.022287
-0.177258
-0.081718
0.050807
-0.301991
-0.359314
-0.195612
-0.145151
-0.100030
0.052904
0.010766
0.021634
-0.198129
-0.281031
0.005941
-0.093340
-0.018593
0.053938
-0.158324
-0.009041
0.018205
0.030587
0.014322
-0.064059
0.056700
-0.386014
-0.086277
0.037925
-0.035662
-0.014612
0.021549
-0.300768
-0.076822
0.052483
0.053913
-0.112908
0.052397
-0.094131
-0.136196
-0.351603
-0.140803
-0.112921
0.051719
0.051184
-0.017678
0.022655
-0.141894
0.005170
-0.209401
-0.025694
0.048565
-0.035108
-0.050827
-0.059088
-0.165695
-0.224080
-0.048231
0.048720
-0.037300
-0.118565
0.030572
-0.058085
-0.241182
-0.259785
