0.012000
-0.560000
0.614000
0.154000
0.126000
-0.166000
0.390000
-0.088000
0.592000
0.046000
-0.018000
-0.276000
0.270000
0.922000
0.010000
0.752000
-0.756000
1.080000
-0.100000
0.402000
-0.320000
0.078000
0.088000
-0.406000
1.292000
-1.312000
1.200000
-0.200000
0.472000
0.300000
0.608000
-0.486000
-1.058000
1.842000
-1.828000
0.936000
-0.030000
0.278000
-0.500000
1.030000
0.052000
0.070000
1.114000
-0.572000
1.124000
0.140000
0.140000
-0.578000
-0.416000
0.372000
-0.298000
1.110000
-0.822000
0.448000
0.048000
0.126000
0.708000
-0.546000
0.612000
-0.850000
0.808000
-0.398000
0.772000
0.484000
