-3.710645
-10.552235
-3.843490
-10.941288
-1.953770
-3.504071
-5.083122
-12.129134
-2.938553
-5.296792
-3.563681
-3.194731
-12.260340
-3.060578
-1.858187
-4.042098
-2.502283
-11.751364
-8.807656
-3.440308
-1.682065
-3.736172
-3.213189
-3.892782
-4.345097
-4.179466
-2.615480
-2.438985
-3.077662
-9.114141
-2.408960
-13.340753
-11.588023
-13.498082
-2.116204
-3.547811
-1.646472
-2.140787
-3.601576
-3.167205
-3.184316
-2.319990
-3.694605
-8.387449
-2.498096
-4.111126
-2.858524
-2.329172
-5.784789
-3.648475
-3.096958
-2.553744
-8.030501
-4.811922
-9.227755
-3.305740
-9.822600
-3.609750
-2.402521
-3.389302
-2.911063
-3.706639
-1.717451
-3.226773
-7.645588
-1.911286
-6.175212
-15.031690
-2.783600
-3.037498
-3.372452
-2.695373
-2.894200
-2.083070
-1.942329
-3.354795
-12.128791
-11.030027
-3.227105
-2.949761
-3.653828
-3.351952
-3.830734
-1.469754
-0.724531
-13.448472
-2.723906
-5.464377
-2.827657
-3.771758
-9.497346
-6.282195
-4.581732
-3.766334
-2.890161
-3.079896
-3.284149
-3.172004
-1.860431
-3.157653
