-0.096714
-1.891819
-0.940441
0.273375
-3.146362
-3.474849
-2.030355
-1.394057
-1.047860
0.449478
0.094405
0.265371
-2.020551
-2.806859
-0.247459
-1.155405
-0.023166
0.200348
-1.645164
0.170666
0.067323
0.158557
0.367038
-1.049405
0.437117
-3.909390
-1.151390
0.788316
-0.568372
-0.151019
0.083808
-3.047075
-1.202995
0.666849
0.528000
-0.820198
0.539700
-1.001724
-1.071883
-3.503042
-1.347527
-1.028859
0.470578
0.500855
-0.123576
-0.002296
-1.405457
0.399109
-2.420459
-0.479908
0.584370
-0.436114
-0.501310
-0.458868
-1.911312
-2.196244
-0.094629
0.673877
-0.487750
-1.277686
0.194206
-0.507490
-2.355389
-2.357515
