6.915251
7.832318
6.809413
6.582311
6.464064
7.424655
7.749757
6.651170
7.848425
6.970551
6.858425
6.460190
7.651955
7.761773
7.741863
6.535676
6.395921
6.709684
7.969639
6.570128
7.083727
7.513002
8.010573
6.449067
6.474984
7.509899
6.567033
7.847723
7.135363
7.290181
6.838405
7.750651
7.398998
7.804200
7.571349
7.144222
6.839868
6.716026
7.900609
7.836411
6.674537
7.786521
6.471101
6.949367
7.478490
6.649151
6.298066
7.020300
6.611635
6.719776
6.678522
6.563835
6.973424
6.964874
7.860476
6.865330
7.473575
7.923612
7.869976
6.785785
7.808905
6.681965
7.086519
7.709197
7.864054
7.443572
6.608836
7.854631
7.692667
7.573836
6.878719
6.937745
7.540997
7.956315
6.672178
6.577789
7.934773
7.334868
6.779510
6.866547
6.834034
7.398349
7.568272
7.605615
6.625133
6.717086
6.897821
7.411775
7.187526
7.868090
7.963408
6.879741
7.028070
7.691932
7.527324
7.238443
7.491641
7.908779
6.515354
6.633942
