9.018129
10.318134
9.244824
8.965307
8.356945
10.034442
10.286893
9.084540
10.355448
9.449713
9.324801
7.647949
10.146233
10.352140
10.183556
8.396633
6.192104
9.103530
10.605438
8.950226
9.566295
10.113007
10.551111
7.951003
8.331412
8.878390
8.977301
10.402174
9.115011
9.752354
9.386272
10.214113
9.850260
10.372085
10.013700
7.881190
9.151354
9.164906
10.441190
10.497700
9.049945
10.038766
8.078962
9.322219
9.935375
9.093419
6.690041
9.554915
8.980785
8.163632
8.948967
8.937601
9.416243
9.425065
10.369368
9.290748
9.890463
10.464517
10.355813
9.156378
10.314192
8.625231
7.071466
10.204213
10.380933
9.971317
7.229427
10.356638
10.082267
9.881151
7.306983
8.228229
9.894430
10.506597
9.081502
8.802775
10.453589
9.754392
7.755193
8.839055
9.296436
9.866246
10.205713
9.781798
8.997129
9.213273
9.195356
9.952547
9.693065
10.368393
10.389258
9.252224
8.844969
10.211623
10.040965
9.846127
10.047459
10.447003
8.008575
8.667291
