0.547500
0.543500
0.746000
1.154500
-0.123000
1.348500
0.424500
0.877500
1.165500
0.098500
1.230500
0.205500
0.793000
1.111500
0.689000
1.694000
0.211500
0.752000
0.568000
0.665500
0.938000
0.534500
0.941500
0.171000
0.515500
0.377500
0.541000
0.909000
0.536000
0.429000
1.121500
-0.219500
0.396500
1.517500
-0.187500
1.256000
0.232500
1.117500
0.257000
1.014000
0.813000
0.194500
1.495500
0.152500
1.365500
0.481500
0.723000
0.721000
0.202500
0.804500
0.558000
1.252000
-0.305500
1.203000
0.526500
0.649000
0.509000
0.607500
1.236500
-0.140000
0.875500
0.553500
0.964500
0.954500
