-1.566367
-1.110240
-1.207214
-1.378348
-1.567663
-1.117271
-1.089279
-1.379981
-0.956850
-0.869450
-1.216663
0.213132
-1.413412
-0.849232
-1.345273
-1.128345
-0.223991
-1.235395
-1.018098
-1.173440
-1.623136
-1.313247
-0.795603
-1.278872
-1.084383
-1.354415
-0.688202
-1.134503
-0.872763
-1.182949
-1.260003
-1.079452
-1.653307
-1.082430
-0.898506
-1.428099
-1.574615
-0.997829
-1.033327
-1.070133
-0.888536
-1.018417
-0.959061
-1.487650
-0.448130
-1.519708
0.076512
-1.195098
-0.885063
-1.430675
-1.043785
-0.766408
-0.524551
-1.417914
-1.683139
-1.235786
-1.253118
-1.161274
-1.046864
-1.405618
-1.400774
-0.988612
-1.351346
-1.098048
-1.256299
-1.440776
-0.325335
-0.846433
-1.091995
-1.587653
-0.959716
-1.074084
-0.903762
-1.439460
-0.676306
-0.814215
-1.204632
-1.010417
-0.675357
-0.953890
-1.395871
-1.195974
-1.031611
-0.526092
-1.451734
-1.504518
-0.453594
-1.016283
-0.904159
-0.592860
-0.545113
-1.541364
-0.660446
-1.287163
-1.373981
-1.381211
-0.390475
-0.991597
-1.345002
-0.906607
