0.007620
0.010504
0.005890
0.008786
0.004842
0.009484
0.006968
0.005810
0.003456
0.009980
0.005760
0.007958
0.005322
0.008564
0.005062
0.006410
0.009422
0.009668
0.012714
0.008034
0.008302
0.010926
0.008050
0.005374
0.009200
0.004322
0.007400
0.009240
0.008802
0.009570
0.004644
0.005550
0.009456
0.006798
0.013102
0.007470
0.005620
0.009624
0.005020
0.004698
0.006890
0.005510
0.006764
0.007272
0.004098
0.007392
0.007194
0.008754
0.006354
0.009272
0.007750
0.004500
0.005556
0.007522
0.008620
0.007310
0.006484
0.007146
0.008854
0.007054
0.010018
0.007098
0.015676
0.008356
