-0.000312
-0.000056
-0.000155
-0.000083
-0.000121
-0.000213
-0.000141
-0.000265
-0.000310
-0.000126
-0.000219
-0.000150
-0.000089
-0.000085
-0.000100
-0.000145
-0.000035
-0.000166
-0.000135
-0.000059
-0.000105
-0.000216
-0.000068
-0.000053
-0.000301
-0.000144
-0.000157
-0.000168
-0.000263
-0.000150
-0.000071
-0.000234
-0.000297
-0.000262
-0.000138
-0.000213
-0.000141
-0.000181
-0.000180
-0.000179
-0.000104
-0.000173
-0.000077
-0.000239
-0.000136
-0.000136
-0.000221
-0.000330
-0.000214
-0.000444
-0.000179
-0.000126
-0.000247
-0.000244
-0.000309
-0.000076
-0.000174
-0.000243
-0.000368
-0.000421
-0.000241
-0.000122
-0.000221
-0.000159
-0.000174
-0.000440
-0.000272
-0.000289
-0.000264
-0.000284
-0.000343
-0.000149
-0.000239
-0.000154
-0.000348
-0.000294
-0.000164
-0.000219
-0.000153
-0.000171
-0.000182
-0.000153
-0.000140
-0.000331
-0.000339
-0.000248
-0.000122
-0.000263
-0.000104
-0.000309
-0.000269
-0.000456
-0.000288
-0.000129
-0.000139
-0.000203
-0.000190
-0.000225
-0.000220
-0.000216
