0.009878	0.006946	0.012727	0.021792	0.002997	0.004096	0.019541	0.011585	-0.001362	0.011605	0.000639	0.002477	0.007217	-0.013309	-0.014058	-0.003108	-0.004366	0.008859	-0.001929	-0.006746	0.020039	0.005405	0.004189	-0.009974	0.001075	0.003721	-0.005966	0.008651	-0.000183	0.001740	-0.002798	0.021534	0.006434	-0.004417	0.014414	-0.006494	0.003545	-0.014322	-0.009289	0.006872	0.012841	0.005251	0.004019	0.000857	-0.012607	-0.004601	0.000369	0.017498	0.007863	-0.010651	0.007210	-0.000610	-0.003717	0.010615	0.016336	0.014924	-0.003682	0.002008	0.009844	0.014813	0.002129	0.003353	-0.001037	-0.006037
0.016293	0.023090	0.006342	0.017284	0.010162	0.002468	0.010670	0.021092	0.004611	0.023481	-0.017306	0.014706	0.006810	0.003370	0.005272	-0.013765	0.005817	0.012215	0.023133	0.003650	-0.001082	0.001719	0.013051	0.007091	0.002203	0.010676	0.009682	0.017375	-0.001207	0.002584	-0.000583	-0.009228	0.009695	0.010038	0.010646	0.005576	-0.008744	0.001142	-0.000377	-0.004290	0.006278	0.011346	0.025575	0.009172	0.005717	0.003064	-0.013397	0.006095	0.007651	0.031983	0.008638	0.009239	0.005195	-0.003832	0.016801	0.013023	0.014644	0.001396	0.020956	-0.004774	0.014558	0.028032	0.003182	0.003015
0.008756	0.002260	-0.009523	0.004645	-0.006109	0.010758	-0.002652	0.020817	-0.002435	0.003197	0.011106	-0.005905	0.008146	0.020516	-0.009218	0.007719	0.010490	0.013435	-0.004467	-0.006781	0.012807	0.011969	0.008993	0.010599	0.002031	0.007590	0.009033	0.001275	0.026997	0.013926	-0.004498	0.013919	0.000178	0.014990	0.020838	0.000655	0.016884	0.012903	0.015790	0.025819	0.005032	-0.001676	-0.002645	-0.000432	0.003838	0.008973	0.009928	0.016202	0.006947	0.021006	0.006065	0.032040	0.010416	-0.003708	-0.004577	0.011570	0.006376	0.014568	0.011301	0.005594	-0.001497	-0.008474	0.003992	0.014949
0.010433	-0.002178	0.008246	0.012045	-0.001380	0.007780	0.005182	-0.005445	0.010281	0.017111	0.018885	0.019266	-0.005746	-0.001311	0.009659	0.011069	0.016591	0.048188	0.019654	0.021530	0.019327	0.013627	0.003414	0.013444	0.000374	0.005674	0.003872	0.011297	0.030323	-0.009723	0.009699	-0.008230	0.002978	0.017537	0.011128	-0.001437	-0.001291	0.011894	-0.002196	0.006298	0.006616	-0.000361	0.028038	0.013759	-0.016625	0.005030	-0.000312	0.014519	-0.003596	0.005762	0.012743	0.015042	-0.005859	0.001775	0.000284	-0.001916	0.022270	0.010855	-0.003766	0.017687	0.028650	0.015578	-0.006148	0.000985
0.018847	0.002600	0.011701	0.014312	-0.003778	0.004227	-0.026659	-0.006100	0.002310	-0.004364	0.020445	-0.006162	0.000899	0.008188	0.016380	-0.009094	0.019909	0.007864	0.001501	0.011338	0.008788	0.001445	0.006754	0.002601	0.010721	0.013163	0.021889	-0.001936	0.027371	-0.010443	0.003704	0.012083	0.011204	0.002053	0.007924	0.003030	0.000433	0.014021	0.009872	-0.000220	0.017345	0.009629	0.015239	0.012963	-0.003803	-0.000492	0.013642	0.014430	0.007435	0.009883	0.021121	0.001924	0.009895	0.003642	0.004030	0.017981	0.015997	0.017105	0.021310	0.008722	0.013981	0.002685	0.011187	0.005676
0.009224	0.014848	-0.000030	0.025096	-0.005471	-0.005643	0.017031	0.014685	0.011149	0.013922	0.005314	-0.002351	0.004399	-0.000146	0.015348	0.005436	-0.000227	0.003764	0.011125	-0.000264	-0.002584	0.009205	0.010786	0.002553	0.003864	0.005696	-0.009681	-0.008310	-0.002050	0.004778	0.009836	0.020183	0.016273	0.005751	0.007336	-0.003141	0.004702	0.004420	0.009966	-0.001446	0.013598	0.020361	0.004970	0.010673	0.012640	0.004195	0.009126	0.007739	0.006810	-0.000514	0.007246	0.010839	0.019799	0.016795	0.027115	-0.001296	0.015586	0.010414	0.028781	0.000497	-0.000328	-0.000688	-0.009766	0.000870
-0.000948	0.011004	0.011361	0.025930	0.014355	0.001680	-0.002921	0.009444	-0.008833	0.025123	0.018384	0.003797	-0.008971	0.019718	0.003580	0.014881	-0.008792	0.000878	0.009488	0.007017	0.001929	0.014091	-0.003527	0.002881	0.009530	0.010065	0.015184	-0.002301	-0.006506	0.020523	0.008413	-0.000295	0.023831	0.011398	0.022151	0.009839	0.026957	0.025572	0.003888	0.014865	0.013555	0.019878	-0.001209	0.014326	0.015865	-0.011050	-0.008543	-0.013797	0.002722	0.014960	0.021273	0.008096	0.020063	-0.008830	-0.013555	0.002595	0.009880	0.007588	-0.011842	0.005551	-0.004135	0.012080	0.011827	-0.003241
-0.001325	-0.005251	0.003972	0.015069	-0.002847	0.011478	-0.000546	-0.004723	0.001891	-0.004632	-0.001666	-0.004072	0.023544	0.008117	-0.003385	0.004350	0.005419	0.004814	0.014614	0.014474	0.002078	0.002978	0.003935	-0.016749	-0.007336	0.017518	0.023206	0.006667	0.012997	0.011121	0.035413	0.016341	0.005262	-0.003145	-0.006547	0.008523	-0.002991	-0.007574	0.001124	-0.004118	0.022907	0.013461	0.005484	0.019888	0.005638	-0.002440	0.020404	0.013028	-0.005211	0.002590	-0.004283	-0.009590	0.013239	0.024549	-0.005221	0.011145	-0.002089	-0.000779	-0.001712	-0.003208	0.007117	0.000014	0.011030	0.004066
0.001084	-0.003285	-0.000808	0.014496	0.009065	-0.004519	0.003858	0.009576	-0.012793	0.010034	-0.001680	0.010982	-0.003554	-0.014171	-0.012946	0.002413	0.007052	-0.001910	0.013622	-0.009649	0.003603	-0.007301	-0.003191	0.003755	-0.003319	-0.001103	0.016091	0.001645	0.012948	-0.005132	0.008354	0.018014	-0.018154	-0.002659	0.013528	0.004296	0.008268	-0.000198	0.004800	0.001280	0.015707	0.008318	0.010488	0.002353	-0.000557	-0.000244	0.006714	0.001073	0.007715	0.028073	0.016840	0.003857	0.016269	0.000150	-0.014867	-0.007232	-0.014589	0.002089	0.006860	0.023149	0.011944	0.003677	0.014475	-0.017856
0.011892	0.015240	-0.007945	0.016800	0.009211	0.003675	0.013126	0.028502	0.008922	0.010604	0.000608	-0.001146	0.013365	-0.000854	0.006265	0.002812	0.014441	0.011327	0.018962	0.003072	0.005641	-0.001311	0.002109	0.009388	0.014805	-0.002314	0.017807	0.022715	0.013940	0.026310	-0.001443	-0.003982	-0.007455	0.021467	0.017661	0.008718	0.009473	-0.000807	0.031720	0.008334	0.009558	0.012854	0.011168	0.009256	-0.001789	0.011775	0.027668	0.022585	0.021565	0.001985	-0.004167	0.003315	0.006623	0.017860	-0.007722	0.022033	0.005985	0.001489	-0.006183	-0.010379	0.015478	0.008548	-0.002723	-0.004652
0.003176	0.024980	0.005142	-0.007398	0.001433	0.002783	-0.019440	0.003295	0.002206	0.015973	0.024894	0.017158	0.002866	-0.003854	0.027989	0.005159	0.006155	0.007598	0.011693	0.006207	-0.000553	0.001090	0.006805	-0.000789	-0.001475	0.004564	0.003309	0.019498	-0.018914	0.017980	0.017382	-0.013989	0.003702	0.000620	-0.006654	-0.001992	-0.006799	0.025056	0.016654	0.015817	0.012586	-0.006381	-0.000955	0.009769	-0.008699	0.012792	0.005068	0.003589	0.012138	0.010521	0.003905	0.016538	-0.005691	0.011915	0.011280	0.001939	0.008318	-0.003346	0.015810	0.004979	0.000909	0.014943	0.000710	-0.009023
-0.008665	0.013417	-0.003917	0.024073	-0.011926	0.023176	0.009175	0.005283	-0.001463	0.009785	0.004986	0.019166	0.007487	0.009867	0.001953	0.003618	0.009494	-0.010603	-0.005413	0.014995	0.008952	0.005398	0.007079	0.008691	0.001882	-0.003511	0.007732	-0.000283	0.009831	-0.009596	0.013299	0.010836	0.010667	0.017095	0.026352	0.017970	-0.013340	-0.008705	-0.002692	0.004669	0.010061	-0.002013	0.007481	0.001490	-0.003744	-0.010989	-0.006601	-0.008145	-0.003634	0.016495	0.001052	0.031174	0.010545	0.006666	-0.002131	0.011640	0.000851	0.010041	0.032811	0.009450	0.018698	0.001283	0.011153	0.024716
0.000353	0.027171	0.015886	0.002766	0.011935	0.016928	0.012795	-0.009382	-0.001071	0.006848	0.007195	0.013605	0.008202	-0.004911	0.009252	0.010509	0.014780	0.018182	0.018280	0.013866	0.006553	-0.008793	0.010961	0.009105	0.011194	-0.006650	-0.004099	0.018663	0.007305	0.013650	0.006834	0.007133	0.017320	0.001720	0.009614	0.004198	0.001926	0.005320	0.008930	0.001147	0.018370	-0.002903	0.003483	0.004064	0.018351	0.010376	0.017377	-0.006266	0.008514	0.016107	0.009249	0.016541	0.002324	0.021697	0.030080	0.002528	0.001784	0.023601	0.024911	0.003670	0.003916	0.005092	-0.001804	-0.003837
-0.001815	0.001652	0.006842	0.012622	0.022799	0.002184	0.018974	0.006713	0.006892	0.013112	-0.006227	0.011521	0.010122	0.015267	0.011780	0.030894	0.002066	0.001137	0.001387	0.002854	0.002258	0.021180	0.023895	0.004806	-0.000296	0.007483	0.001509	0.014624	0.010061	-0.003962	0.022828	0.025824	0.000656	0.002580	0.012255	0.014175	0.015491	0.028073	0.008416	-0.000162	-0.005698	-0.003999	0.005220	0.025703	0.003799	0.012150	0.009238	0.018689	0.029557	0.002439	0.003111	0.017750	0.015585	0.028595	0.016157	0.005843	0.015138	0.019418	0.016966	0.014799	0.022744	0.023468	0.027640	0.016269
0.006187	0.010894	0.018944	0.001574	0.010766	0.006427	0.009141	0.019196	0.008625	0.009122	-0.005648	0.015028	0.014229	0.029929	0.003847	0.008918	0.013220	0.024285	0.009207	0.011788	0.014430	0.011081	0.002983	0.009600	0.019650	-0.002612	0.008208	0.003525	0.018238	-0.008308	-0.001205	0.011620	0.023684	0.007778	0.005003	0.024832	-0.009007	-0.015884	0.009347	0.001988	-0.001548	0.010490	0.006031	0.000752	-0.008864	0.012471	0.013653	0.005694	0.022471	-0.004055	-0.010133	-0.002350	0.004472	0.009709	0.006144	0.010877	-0.004214	0.020404	0.007649	0.017386	0.012397	0.012600	0.018102	0.013363
0.013356	0.021556	0.009079	0.015653	0.007113	0.021528	0.001658	0.023881	0.003436	-0.007327	0.004194	0.001442	0.014377	0.002964	-0.001014	-0.014479	0.000595	-0.020783	-0.007961	0.015034	0.016611	0.012190	-0.003843	0.001656	0.004720	-0.008916	0.019199	0.018593	0.008554	0.008788	0.005088	-0.014726	0.004415	-0.000793	-0.000551	0.005561	0.025097	0.015366	0.001773	0.010037	0.022383	0.014851	0.005822	0.001941	0.013854	0.011656	0.016383	0.014895	0.017855	0.003527	0.019909	0.010394	0.027947	0.003257	0.025228	0.012207	0.002889	0.003186	0.004960	0.012039	0.015454	0.005402	0.012555	0.029440
0.024431	0.014191	0.008087	0.012363	0.011748	-0.002514	0.003529	-0.008599	0.012215	0.014375	0.002692	0.022868	-0.005187	-0.007459	0.007254	0.015731	0.026257	0.006482	0.020652	0.008899	0.006365	0.016295	0.012980	-0.006888	0.024794	0.020579	0.002851	0.013285	0.013548	0.008740	-0.000248	0.000142	0.008291	0.019355	0.014848	0.005644	0.011329	-0.020098	0.015394	-0.012013	0.001875	-0.007482	-0.006729	0.016504	-0.000187	0.007282	0.007658	0.010795	0.004506	-0.006708	0.014518	0.000655	-0.010343	0.002931	0.021919	0.014785	0.004006	0.003972	0.005078	0.027395	0.012286	0.011583	0.021724	0.011280
0.004605	0.004530	0.004934	0.006981	0.013052	0.007580	0.013554	0.004577	0.006129	-0.012551	0.012685	0.010469	0.015849	-0.018105	0.026478	0.005774	0.020752	-0.002369	0.014219	-0.002762	0.003433	0.026256	0.008051	0.010967	0.019704	0.011812	0.009715	0.013001	0.033376	0.010705	0.009259	0.019953	0.021565	0.020951	0.017787	-0.000002	0.023964	-0.002060	0.010268	0.001975	0.008244	0.009611	0.010421	0.012661	0.022994	0.012061	0.005518	0.017255	0.015986	-0.004806	0.012332	0.012328	0.004797	0.020262	0.005141	0.006927	0.003717	0.005295	-0.004693	-0.006944	0.023142	-0.000433	-0.000860	-0.015309
-0.001833	-0.002829	0.022303	0.016814	0.002206	0.032774	0.018941	0.003219	-0.018901	0.028144	-0.006318	-0.008052	0.018010	0.035280	0.020913	0.010112	0.011877	0.015562	0.015521	0.009774	0.008948	0.009525	0.000698	0.002304	-0.010941	0.002944	-0.004198	-0.003359	0.009510	0.020863	0.013227	-0.010846	-0.005110	0.013249	-0.002331	0.004011	0.010828	-0.000784	0.006316	-0.008753	0.000185	0.005867	-0.011544	0.009709	0.004898	0.011993	0.008509	0.018723	0.004548	0.001921	0.005262	0.010057	0.005725	0.007533	0.000391	-0.000293	-0.007386	0.022116	-0.003896	0.000057	0.001904	0.017660	0.009066	0.017489
-0.000032	0.010706	0.001286	0.029311	-0.000540	0.013792	0.014749	0.009894	0.003992	0.008148	0.006673	0.008685	0.017692	0.031248	0.001319	-0.007111	0.009613	0.032903	0.003189	0.024431	0.024518	0.005390	0.013015	0.021236	0.003567	0.003405	0.000743	-0.001226	0.000580	-0.004321	0.005610	-0.000610	0.008352	-0.008882	0.010598	0.014448	-0.013876	0.010166	0.017234	-0.006733	0.021996	0.006968	-0.002661	0.005947	0.009609	0.008450	0.013062	-0.001371	0.005886	-0.008498	0.002830	-0.003613	0.000951	0.021651	0.020184	0.012797	-0.004912	0.003147	0.019548	0.011406	0.031451	0.013893	0.014093	0.004878
0.006953	0.005858	0.013637	0.018858	-0.000907	-0.006062	-0.011727	0.009466	-0.007063	-0.014427	0.010262	0.032847	0.007320	0.015050	0.005184	0.002766	0.016888	0.003456	0.011815	0.012390	0.002816	0.018217	0.004734	-0.001194	0.014577	-0.002081	0.007590	0.009354	0.018382	0.013096	0.004938	0.014477	0.022623	0.013566	0.010023	-0.004621	-0.005740	0.001939	-0.001142	0.004393	0.007261	0.010770	0.006194	0.011549	0.003158	-0.015381	-0.004813	0.004159	-0.006636	0.013168	0.023068	0.018210	0.004098	0.019566	0.006941	0.002760	0.000238	0.004215	0.004958	0.010351	0.009558	0.007270	0.014302	0.018398
0.014794	-0.006870	-0.019899	0.011938	-0.009362	0.001678	-0.008673	-0.012846	0.010675	0.013170	-0.003305	-0.020747	-0.001809	0.008315	-0.010840	0.005532	0.007004	0.012508	0.008869	-0.002850	0.016486	0.005312	0.005186	-0.003011	0.002418	-0.003637	0.005270	0.024761	-0.004658	-0.008942	0.019237	0.004566	0.000924	0.015930	0.005805	0.027654	0.012638	0.001454	0.026617	-0.000336	0.015212	0.009612	0.021081	0.024712	0.004690	-0.001433	0.011414	0.000580	0.024246	0.009423	0.005345	0.009190	-0.007379	-0.004158	0.016230	-0.000131	-0.001337	0.011907	0.017666	0.014805	0.015334	-0.002228	-0.005086	0.019120
0.004034	0.008067	0.023057	0.015386	0.013123	0.031551	0.003123	0.014673	0.004650	0.011047	0.023314	0.014320	0.014817	0.020513	0.002920	-0.002311	-0.001957	-0.011466	0.029354	-0.000631	0.005478	0.006944	0.011046	0.014768	0.017901	0.000480	0.007000	0.010723	0.006588	0.024670	0.012248	0.016248	0.017476	0.020790	0.012982	-0.001714	0.010414	0.004375	0.003180	0.012767	0.019644	0.008285	0.010799	0.025658	0.009813	0.032149	0.011948	-0.009419	0.013373	0.012573	0.022211	0.015578	0.003649	-0.004205	0.004971	-0.003043	0.001977	0.015693	0.027664	0.014130	-0.002639	0.012971	0.022412	0.000873
0.004666	0.007824	0.000040	0.013709	0.005468	0.012775	-0.002192	-0.000800	0.011729	0.006037	0.022641	0.005858	0.009525	0.017513	-0.009028	-0.011363	-0.002817	0.020559	0.006829	0.033614	0.003812	0.010941	0.021641	0.026042	0.029231	0.019473	0.019497	0.017585	0.017058	0.003780	-0.001732	0.009627	0.006836	0.002634	0.017810	0.018854	0.009444	0.021486	-0.004883	0.005360	-0.000171	-0.013543	0.004189	0.005937	0.020110	0.014110	-0.000941	0.025771	0.016386	0.010440	0.002930	-0.005889	0.002035	0.019418	0.026880	0.023231	0.000819	-0.004050	0.006572	-0.010915	0.009618	0.007724	0.006065	-0.008629
0.010631	0.001443	-0.009931	-0.022848	0.004995	0.027753	0.023763	0.001371	-0.001367	0.010075	-0.007305	0.007428	0.014460	0.020947	0.006569	0.003109	-0.002814	-0.003629	0.002493	0.010007	0.016220	0.002088	0.020742	0.003191	0.004265	-0.006163	-0.017577	0.014773	0.015435	0.005093	0.005952	0.010976	-0.010862	-0.000879	0.013864	-0.005132	0.008957	-0.006046	0.008396	0.004841	-0.011377	0.013461	-0.002797	-0.002703	0.006495	0.015898	-0.004857	0.003851	0.006445	0.012574	0.005734	-0.000302	-0.002879	0.007610	-0.004782	-0.024923	0.009043	0.013072	-0.018002	-0.007208	0.012355	0.028520	0.010207	-0.002135
0.008738	0.022547	-0.000100	-0.001152	-0.000329	-0.003029	0.007694	0.023238	0.011768	0.005530	0.000941	-0.008444	0.013603	0.005839	0.007171	0.038536	0.013008	0.000849	0.004593	0.018821	0.009008	-0.005729	0.015582	0.003232	0.027146	0.017011	0.003841	0.021139	0.009371	0.017502	0.012000	0.000816	0.004090	0.019449	0.006811	0.004154	-0.002489	0.013130	0.027526	-0.002738	0.010802	0.021314	0.007019	0.011630	-0.005528	0.010472	0.007183	0.017355	0.019489	0.035822	0.016137	0.011741	0.006983	0.002693	0.009158	0.004729	0.010588	0.023433	-0.000095	0.018133	0.020119	0.005138	-0.010777	0.001058
0.020296	0.007142	-0.002912	0.003657	0.015568	0.016161	0.006030	0.003166	0.002243	-0.000477	0.020363	0.005952	0.020811	0.026426	0.016288	0.002152	0.013387	0.007109	0.000790	0.011084	-0.001677	0.020866	0.005549	0.010451	0.011842	0.003002	0.013115	0.005739	0.016892	-0.002618	0.008969	0.027982	-0.000618	0.000394	0.016504	0.012624	0.010958	0.012173	0.014739	0.018641	0.009219	0.002463	0.013686	0.027387	0.004670	-0.002237	0.018371	0.006687	-0.015951	0.013300	0.002192	0.006271	0.007789	0.009444	0.014118	0.001489	0.011975	0.005250	0.013873	0.013454	0.000476	0.018786	0.005964	0.014553
0.010239	0.024647	0.005575	0.004476	0.005679	0.004495	0.012684	-0.009245	-0.005758	-0.001796	0.016050	0.024317	0.007168	0.006264	0.005148	0.015039	-0.000689	0.008855	0.019265	0.014873	0.011130	0.018030	-0.016950	0.011731	0.002409	-0.011785	0.012868	0.021938	0.007694	0.019261	0.022372	0.021043	0.024521	0.014826	0.011521	-0.005856	0.002506	0.000509	0.026879	0.006651	0.007047	0.010252	0.007519	0.022419	-0.002527	0.005752	-0.000853	-0.006097	-0.001443	0.005209	0.001324	-0.002274	-0.010209	0.004235	-0.010018	0.011074	0.006267	-0.007272	0.002165	-0.000853	0.008913	0.017641	-0.008760	0.005918
0.006001	0.015062	0.007244	-0.001679	-0.000827	-0.001453	0.016698	0.007326	0.023188	0.007404	-0.003190	-0.010324	-0.013761	-0.009666	0.006774	0.010933	-0.009084	0.013419	0.003304	0.007438	0.022012	0.016268	0.004512	-0.003634	-0.015720	-0.004580	0.001542	-0.001511	0.006120	0.007218	0.002637	-0.002372	0.007799	0.010061	-0.002184	0.019783	0.004686	0.007434	0.013043	0.006555	0.015970	0.006971	-0.002090	0.009042	-0.007115	0.006016	0.006609	0.004567	0.003301	-0.012465	-0.002045	0.005560	0.005368	-0.002924	0.018938	-0.002828	0.015180	0.010320	0.001120	0.021420	-0.003875	0.014928	0.020935	0.001220
0.020092	0.005704	0.009414	0.010298	0.003369	0.014808	0.013365	-0.010855	0.017312	-0.006612	0.016106	0.018404	-0.004920	0.001792	-0.008554	0.001985	0.007622	0.016433	0.022722	0.021683	0.001457	0.004620	-0.011672	-0.002506	0.019105	0.022581	-0.002897	0.002827	0.007026	0.009351	-0.003752	0.010454	0.004674	0.007868	0.014394	0.006199	-0.000382	0.006141	0.004982	0.002516	0.004715	0.020249	0.011119	0.002660	0.009067	0.002992	0.020178	0.012257	0.005572	0.010440	-0.010893	-0.009472	-0.009012	0.007451	0.025658	0.029897	0.012620	0.010725	-0.012441	-0.001630	-0.002693	0.000525	0.009782	0.002759
-0.010864	0.016235	-0.003516	0.011118	0.024944	-0.002228	-0.018525	0.000348	0.016100	0.027538	-0.004669	0.013004	0.002881	0.006639	0.028612	-0.008334	0.012496	0.013109	0.019829	0.009773	0.011324	0.004548	0.009527	0.003303	0.015038	0.002107	0.011365	0.009057	0.018551	0.008833	-0.009373	0.018420	-0.001233	0.000074	0.005085	0.021113	-0.011880	0.037707	0.017065	0.007953	0.005938	0.008235	0.011546	0.013818	0.009594	0.008192	0.005129	0.005544	0.003466	0.017488	0.011561	-0.022233	0.009921	0.007788	0.005470	0.001859	0.017841	0.016850	-0.000605	0.009518	-0.000561	-0.007762	0.002348	0.013689
0.016957	0.014508	0.013532	0.013277	0.000049	0.011800	0.014462	0.013513	0.016204	0.015566	0.009957	0.017831	0.004641	-0.002055	0.003360	-0.002169	0.001451	0.005615	0.000589	0.001994	-0.012430	0.006559	0.005159	-0.003271	0.013239	0.011814	-0.009286	-0.001735	-0.003641	-0.002672	0.013005	0.003531	0.001003	-0.013766	0.014328	-0.004275	0.005621	0.010020	0.018912	-0.008717	-0.024748	0.004643	0.024004	0.020588	0.007270	0.002201	0.013109	-0.005861	0.007189	0.012104	0.019277	0.034059	0.009084	0.001830	0.005674	-0.013124	-0.000484	0.003736	0.003307	0.009629	0.000584	0.017860	0.010206	0.006109
0.002375	0.010636	0.013463	-0.001453	-0.001768	0.003470	-0.008280	-0.004142	0.000471	0.015473	0.007717	0.008481	0.014731	0.007215	0.008748	0.004621	0.010463	0.000316	-0.016602	0.005460	0.022112	0.019737	0.017801	0.018635	0.007828	0.005499	-0.002349	0.003083	0.014060	0.020046	0.003902	0.003084	0.007540	0.011554	-0.007440	-0.016765	-0.000488	-0.005721	0.000025	0.003816	0.003600	0.019648	0.007243	0.007999	0.008587	-0.006695	0.015184	0.006800	0.011056	-0.003425	-0.009619	0.011762	0.007490	-0.003686	-0.002604	0.017115	-0.005202	0.021290	-0.002064	0.011552	0.003854	0.010335	0.003077	0.003333
0.008957	-0.000241	0.013254	0.001928	0.001976	-0.004339	-0.020676	0.003764	0.030653	0.016632	0.005784	0.003897	0.005997	0.011577	-0.007035	0.017731	0.017538	0.017358	0.013304	0.007588	0.013766	0.013613	0.003385	0.002977	0.011109	0.020982	-0.006449	-0.006919	0.008855	0.006549	0.006979	0.010174	0.007963	0.022075	-0.008303	-0.002784	0.003111	-0.009485	0.004766	0.021611	0.007560	0.007109	-0.007804	-0.001239	-0.000154	0.000864	0.018512	0.012526	-0.005792	0.008216	0.012169	0.016682	0.019093	-0.004525	-0.002919	-0.006315	0.005237	0.012050	0.017240	0.006488	0.005379	0.006335	0.000955	0.025255
-0.010150	0.010610	0.025880	0.007802	0.002817	0.003160	0.004159	0.016994	-0.014990	0.020382	-0.007035	0.003912	0.001928	0.011445	-0.010634	0.008323	0.027812	-0.004149	0.009325	0.000253	0.010229	0.008322	0.000133	0.011904	0.026632	0.004958	0.013233	-0.004618	-0.002241	0.012780	0.020205	0.013035	0.005656	0.006942	-0.001078	0.012221	0.013213	0.003407	0.002041	0.007958	0.001682	0.005775	0.026431	0.005341	-0.000337	-0.001030	0.012343	0.005058	-0.001132	0.021087	0.021641	-0.001048	-0.014950	0.013267	-0.000292	0.014260	-0.012769	0.015813	-0.002807	0.012132	0.006055	-0.002861	0.005575	0.012521
0.007737	0.016736	0.026377	-0.005738	0.019985	0.007060	-0.004451	-0.008229	0.003876	0.016701	0.004638	0.021385	-0.006181	0.006520	-0.007402	0.007129	0.015846	0.002945	-0.017827	0.008579	0.011558	0.012247	0.017472	-0.004369	0.014023	0.015182	-0.012560	0.009047	0.002151	0.006126	0.009160	0.002060	0.000010	0.005797	-0.002559	-0.004079	0.011251	-0.003194	0.011995	0.009471	-0.011217	-0.001831	0.016211	-0.003096	-0.001038	0.008513	0.013575	0.004183	-0.000086	0.022164	0.026238	0.014821	0.004684	-0.003131	-0.002632	0.011165	0.011326	0.023709	0.015452	-0.007430	0.017006	-0.003826	0.004313	0.008351
0.029078	0.040938	0.016074	0.008852	0.012788	0.016902	0.004537	0.023185	0.009927	0.017048	0.015536	0.014395	0.016444	0.002719	-0.000950	-0.005278	0.014521	0.018141	0.016463	0.025288	0.009000	0.013842	-0.003814	0.002444	0.016829	0.015117	0.006400	0.008235	-0.007212	0.004342	0.013948	0.013741	0.012219	0.008645	0.009453	0.000333	0.012527	0.012337	0.012010	0.001694	-0.013538	0.013514	0.000742	-0.002019	0.010790	0.002575	0.016696	0.012073	0.009958	-0.006745	0.016778	0.007919	0.000909	0.007685	-0.010848	0.008664	-0.003141	-0.005185	-0.006906	0.017010	0.002990	0.022265	0.004275	-0.009547
-0.005839	0.018873	0.004888	0.001731	0.006835	0.012216	0.018509	0.019241	-0.000544	-0.006687	-0.000827	0.007951	-0.003867	-0.001936	0.007252	0.003099	0.004597	-0.002779	0.003862	-0.003087	0.015034	0.016047	-0.012427	-0.005937	-0.009736	-0.004636	0.002653	-0.007764	-0.002534	-0.002147	0.004600	0.004555	-0.000775	0.005941	0.003456	0.004234	0.021058	0.019904	-0.006208	0.011975	0.013255	-0.006335	0.013128	0.020879	-0.005072	-0.002027	0.015146	0.010332	0.010703	0.010538	0.010362	-0.006312	0.015845	0.017704	0.005684	0.005982	-0.009455	0.011880	0.012540	0.005699	0.020167	0.005827	0.015665	-0.003472
0.006258	0.005644	0.006417	0.002995	0.004281	0.016643	0.002305	-0.009678	0.023003	0.019469	-0.008299	0.011895	0.002309	0.010406	0.008427	0.004945	0.001875	-0.000476	-0.002311	-0.000930	0.006131	0.002066	0.014870	0.021080	0.003426	0.007530	0.011393	0.013190	0.009855	0.016327	0.012014	-0.001690	0.016686	0.015515	0.003668	0.009662	0.013818	0.007748	0.018163	0.030336	-0.000734	-0.007439	0.009438	0.014120	0.004136	0.020543	-0.005032	0.014287	-0.000828	0.022620	0.026550	-0.001009	-0.000561	0.016133	0.002492	0.005313	0.006033	-0.011179	0.005981	-0.001380	0.002714	0.021961	-0.001466	0.013172
0.004347	0.006722	0.015696	0.011761	0.009283	0.016046	0.003151	0.000624	-0.005975	0.000533	0.035784	0.020764	-0.007367	-0.006431	0.008208	0.008425	0.014313	0.007436	0.010837	0.011760	0.005188	-0.014488	0.004016	-0.001427	0.013433	0.034783	0.012697	0.006004	0.016774	0.011134	0.009198	0.012985	0.030101	0.000033	0.013064	-0.001171	0.008873	-0.002638	0.002482	0.004003	0.018260	0.014616	-0.007039	0.005138	-0.003263	-0.008174	0.002064	0.003003	0.030303	0.011108	-0.007238	-0.000902	0.013108	0.024710	-0.008925	-0.010421	0.025624	0.011930	-0.001059	0.010295	-0.018574	0.006811	0.013476	0.015978
-0.002038	0.009029	-0.002108	0.008798	-0.003051	0.003401	-0.000975	0.012987	0.014300	0.005207	0.004860	-0.007009	0.001522	0.007356	0.030593	-0.001727	0.025442	0.018156	0.011937	0.023678	0.010008	0.011356	0.008556	0.020560	0.019747	0.000087	-0.006331	0.004479	-0.001047	0.007523	0.017935	0.004422	0.006646	0.006906	0.014158	-0.015859	-0.002560	0.008515	0.016900	-0.000747	-0.012757	0.009542	-0.002406	-0.007676	-0.003484	0.002945	-0.000334	-0.016133	0.013454	0.019339	0.012732	-0.005776	0.002676	0.007099	0.012968	0.012665	-0.000232	0.008250	0.012544	0.021271	0.015027	0.014750	0.013128	0.021772
0.011333	0.000880	0.021251	0.016348	0.002310	0.003759	0.009354	0.009933	0.008306	0.012173	0.023528	0.019598	0.008745	0.015674	-0.004679	0.008673	0.025669	0.007470	0.001974	0.002079	-0.003613	0.000290	0.001581	-0.006696	0.009166	0.013934	-0.000375	0.021949	0.012691	0.016520	-0.001074	0.014183	-0.002551	0.014985	0.011283	0.012659	-0.005389	-0.001412	0.010433	-0.004006	0.009367	-0.008789	0.011227	-0.006399	0.008887	0.009969	0.000105	0.011561	0.006574	-0.000434	-0.005692	-0.015596	0.006448	-0.008445	0.006594	0.003442	0.011822	0.003329	0.003659	0.012779	0.010950	0.009265	0.014438	-0.007371
0.016481	0.013591	-0.002247	0.005155	0.006815	0.008849	0.015118	0.024167	0.019270	-0.003709	0.011388	0.020892	0.012002	0.021736	0.028799	0.020566	0.015828	0.017445	0.010249	0.007906	0.006680	0.025020	0.003646	0.025553	0.015970	-0.006715	0.009760	-0.008534	0.016465	0.018826	0.002809	0.012773	0.028336	0.003905	0.002739	0.024998	0.027349	0.010029	0.019278	0.021909	0.000710	0.000762	0.018347	0.026896	0.013304	0.000491	0.027675	0.004022	0.001591	0.010350	0.022303	0.016349	0.011051	0.012867	0.009592	0.013108	-0.015593	0.004665	0.010194	-0.003112	0.013379	0.008969	0.029622	0.024508
0.002692	0.005755	0.004252	0.002035	0.006555	-0.000998	-0.004666	0.011914	0.009795	-0.000598	0.011993	-0.000190	0.006270	0.012818	0.003480	0.009102	0.001700	0.003653	0.005822	-0.001572	0.003519	-0.009031	-0.001973	0.000770	0.003035	0.000615	0.004462	0.010634	0.014125	-0.001189	-0.009231	-0.006855	0.000297	0.001227	-0.001139	-0.007655	-0.000086	0.006426	0.008194	-0.002790	0.000921	-0.005022	0.002492	-0.004839	0.006581	-0.014009	0.000809	0.008068	0.007840	0.032515	0.009811	-0.005249	0.003380	-0.012869	0.004405	-0.001105	0.015005	0.002436	0.005160	-0.000301	0.023792	0.004166	0.028034	0.015850
0.009672	0.012382	0.010390	-0.011278	0.002764	0.015750	0.004638	-0.009433	0.005581	0.025860	0.019120	0.007112	0.015902	0.004921	-0.011872	-0.005408	0.022722	0.006250	0.007164	0.004914	0.027017	0.025186	0.028138	0.004731	0.008459	-0.010408	0.019732	-0.002403	0.009599	-0.001817	-0.000310	-0.001453	-0.000132	-0.000788	0.004676	0.014481	-0.004861	0.008493	0.016018	-0.000291	-0.001308	0.001975	0.016000	0.008019	-0.001706	0.009266	-0.003776	0.011563	0.006494	0.000817	-0.004228	-0.005609	0.008256	0.018295	0.000877	0.010095	-0.014777	-0.000796	0.004095	-0.005174	-0.003324	0.000573	0.011227	0.002828
-0.015579	-0.015504	-0.002717	0.006685	-0.022468	0.000736	0.003399	0.019870	0.001756	0.008737	0.003383	-0.015592	0.010158	0.008731	0.011626	0.045377	-0.011217	0.022060	0.004599	0.007604	0.005459	0.003990	0.001638	0.011870	-0.007217	0.012634	0.002983	-0.002801	0.003416	0.019911	0.001135	0.011277	0.001099	0.015606	0.016635	0.024684	0.004607	0.014481	0.008122	0.019006	0.000898	0.012617	0.005022	0.006321	0.005545	0.010395	0.006984	0.010391	0.021437	0.017534	0.013674	0.000257	-0.003161	0.015966	0.016928	0.022270	0.000062	0.002904	-0.009389	0.000165	0.014761	0.003520	0.016838	0.005301
0.007412	-0.003622	0.004822	-0.021512	0.002691	-0.008053	0.019144	0.012371	0.008417	0.019653	-0.004007	0.022233	0.016155	0.005348	0.017306	-0.003686	-0.002118	0.000583	0.000654	-0.004134	0.018654	0.007272	0.010683	0.000237	-0.011242	0.003733	-0.013414	0.004285	-0.005205	0.028033	0.015899	0.007680	0.016988	-0.002629	0.013289	0.008456	0.008533	0.023413	0.016193	0.009510	-0.010257	-0.006729	0.003256	0.007343	-0.004616	0.031082	0.023603	0.012672	0.002589	0.001914	-0.004991	0.005837	0.006191	-0.005511	0.010333	0.003062	-0.014145	-0.003876	0.002320	0.022548	0.012528	-0.007510	0.011690	-0.010565
0.015310	0.001448	0.005419	0.019628	-0.007193	-0.008633	-0.000624	0.015913	-0.012455	-0.023228	-0.000893	0.011821	0.015484	0.001287	-0.001025	0.014379	-0.013114	-0.000491	0.009245	0.011422	0.001964	0.006427	-0.019425	-0.004124	0.009866	-0.005617	0.005784	0.012559	0.003616	0.006676	-0.007088	0.001224	0.013266	0.007915	0.002576	0.008325	0.010300	-0.013670	0.014934	0.001166	0.009409	0.014594	-0.009512	-0.002210	-0.000005	-0.003180	0.021887	-0.002032	-0.000576	0.007736	-0.005644	0.000501	0.007494	0.002038	0.004553	0.000301	-0.007843	0.009053	0.023303	0.007832	0.009090	0.012026	-0.001344	0.021859
0.010684	0.023368	-0.000407	0.024564	0.013061	0.014202	0.009369	0.004752	0.018991	0.008650	-0.015899	-0.003812	0.005035	0.011808	0.005573	0.019401	-0.008134	0.006610	-0.010800	0.014360	0.006919	0.013606	0.001624	0.020102	0.018578	0.010634	0.004777	0.014155	0.001806	0.015970	0.022055	0.019683	0.000692	0.009251	-0.002898	0.013179	0.010182	-0.011009	-0.003894	0.004282	0.003064	-0.007538	0.007433	0.008910	0.002964	-0.002018	0.016051	0.023997	0.000658	0.000259	0.010105	0.000528	0.001456	0.013611	-0.010139	0.019552	0.007793	0.003250	0.005540	0.005217	-0.007476	0.022839	0.011923	0.012657
0.015252	-0.003171	0.006210	0.002153	0.010313	-0.016209	0.002977	-0.000351	0.006438	0.010007	-0.004300	-0.003800	0.000569	-0.004369	0.011766	0.002108	-0.021988	-0.000178	-0.005152	-0.013640	-0.008643	0.006029	0.018034	0.007007	-0.001559	0.005237	-0.001380	-0.003104	-0.008740	-0.012361	-0.000218	0.004891	0.003033	-0.000318	-0.001377	0.010637	-0.007883	0.011971	-0.005570	-0.004629	-0.010292	-0.001288	0.013107	0.011355	0.014792	0.011692	-0.005595	0.001055	-0.002372	0.016206	-0.006043	0.011631	0.014718	0.022849	0.001921	0.011686	0.027851	-0.001006	-0.010490	-0.014024	0.013352	-0.012695	0.004740	0.010916
0.010510	0.013727	0.010958	0.020938	-0.001861	0.001672	0.000233	0.015692	0.015508	0.013337	0.017341	-0.002406	0.022794	0.025065	0.015970	0.025438	-0.007193	0.000543	0.001486	0.015811	0.000361	0.017480	0.023197	0.015186	0.008309	-0.005526	-0.002206	0.022168	0.017332	0.007645	0.001536	-0.012049	-0.001687	0.025692	-0.003373	0.011521	0.017397	-0.004202	0.008235	0.013287	0.008304	0.032599	-0.010393	0.017404	0.005722	0.015126	0.011579	-0.000095	0.006407	-0.011639	0.011539	0.010938	0.013879	0.018629	0.011125	0.007221	-0.000645	0.001008	0.020792	0.022811	0.006727	0.008615	0.002906	0.018626
0.013837	0.026373	-0.003022	0.005013	0.010087	0.015200	0.004709	-0.001958	0.014368	0.015306	-0.003922	0.020001	0.018398	0.010969	0.005965	0.009886	-0.000130	0.004970	-0.013417	0.013562	-0.005652	0.023236	0.003997	0.003127	0.001169	0.001549	0.017651	-0.014658	0.019644	0.011653	-0.006854	-0.004625	0.022716	-0.001835	-0.001551	0.017319	0.009982	-0.001274	0.006464	-0.003573	0.021300	0.016378	0.011061	0.011218	0.022443	0.006349	-0.003708	0.013631	0.027950	-0.002041	0.001363	0.009313	0.006502	-0.001264	0.017899	0.030767	0.009691	-0.001884	-0.008931	0.008776	0.019748	0.013712	0.011350	0.002898
-0.005440	0.015120	0.015661	-0.003966	0.023310	0.014638	0.018763	-0.008129	-0.009455	0.008186	0.011781	0.026029	0.014901	0.006842	-0.005407	0.013368	-0.002216	0.022414	0.007766	0.024099	0.014939	0.005215	-0.000153	-0.000195	0.007952	0.003721	-0.001203	0.005016	0.006422	-0.013104	0.007155	-0.005428	-0.006442	-0.013013	-0.011943	-0.008994	-0.000810	0.026198	-0.000685	0.004038	0.007533	0.003285	0.001658	-0.006403	0.019909	0.025559	-0.009157	-0.004340	0.002067	-0.004642	0.009047	-0.001683	0.028933	0.021234	0.009597	0.014792	0.014394	0.000153	-0.000937	0.007552	0.019073	0.009889	-0.005052	-0.002351
0.007699	0.009239	0.025105	-0.006446	0.010172	0.021041	0.028758	0.004072	0.011516	0.015555	0.008505	0.006555	0.011225	-0.015526	0.012524	0.007022	0.009007	0.028220	0.003065	0.004044	0.027544	-0.001030	0.001480	0.005404	0.016193	0.008117	-0.005340	0.003678	0.003170	0.007486	0.010283	0.012934	-0.006718	0.018125	0.015527	0.023774	0.012417	0.018265	0.011106	0.019156	0.011530	0.005383	0.030287	0.019665	0.010293	-0.006317	-0.006827	0.008989	0.005628	0.001113	0.010374	0.022374	0.011024	-0.006211	0.002331	-0.002464	0.002989	0.002883	0.002724	-0.005756	0.006006	-0.000323	-0.018635	0.023959
0.017697	0.001782	0.004152	-0.004150	0.021776	0.028063	0.010782	0.016938	0.008409	-0.006625	-0.001561	0.005744	0.002188	0.006009	0.006198	0.006638	0.007577	-0.006487	-0.001529	-0.006498	0.013891	-0.011056	0.020250	0.021048	0.002427	-0.023818	-0.000232	0.005218	-0.002090	0.002382	0.021786	0.016024	-0.002059	-0.011784	0.003691	0.004280	0.011163	0.002613	0.013697	0.024575	0.013114	0.002325	0.001728	0.003357	0.017485	0.001325	0.007559	0.007381	-0.000257	-0.008261	0.006842	0.004467	0.010586	0.003601	0.018761	-0.002979	0.021384	-0.011414	0.010144	0.009663	0.000963	0.012671	0.022685	-0.013150
0.011153	-0.017125	-0.002703	0.024993	0.002086	-0.003189	0.008231	0.027835	-0.011280	-0.004444	0.018907	0.026694	0.005681	-0.003112	0.027724	0.022770	0.014416	-0.000607	0.009045	0.007219	0.010539	0.021994	0.016070	-0.002831	0.021253	0.008960	0.014384	0.023066	-0.001071	0.007569	-0.001554	-0.008348	0.012662	0.031209	-0.008272	0.008192	0.012524	0.008533	0.004725	-0.007218	0.009001	-0.002499	-0.017471	0.017778	0.016219	0.007367	0.009550	0.016730	0.006755	0.014784	0.003515	0.018852	0.012037	0.009864	-0.004515	0.009178	-0.001928	-0.000844	-0.001985	-0.001178	0.030309	0.022920	0.030118	-0.002675
0.008054	-0.005686	-0.001280	-0.001738	0.016445	0.004961	0.017972	0.012977	0.026375	-0.006322	0.017562	0.018452	-0.001859	0.016879	0.009142	0.005544	0.001602	0.000848	0.028579	0.009884	0.015061	0.000687	-0.000327	0.016774	-0.005919	-0.000005	0.008913	0.010268	0.006536	0.010938	0.011125	0.013160	-0.002056	0.003824	0.021084	0.016841	-0.009013	0.009138	-0.012982	0.004671	0.022895	-0.004307	-0.001760	0.013714	-0.011964	-0.002052	0.010793	0.000325	0.003100	0.013136	0.009910	0.007618	-0.000057	0.008113	0.006104	0.009969	0.000784	0.003407	-0.002724	0.004874	-0.000970	-0.004232	0.012392	0.009236
0.015041	0.003377	0.011110	0.015982	0.011298	-0.000234	0.007560	0.009405	0.006372	-0.013158	0.007103	0.029996	0.004704	0.001803	0.011462	0.010264	0.020121	-0.004274	0.016181	0.015426	0.007452	0.012623	0.020444	0.016527	-0.002669	0.011990	0.007801	0.011459	0.010511	0.008562	0.020744	0.008651	-0.002587	0.003545	0.013388	0.022991	0.014684	0.002309	0.033593	0.009752	0.018760	0.004190	0.012664	0.018917	0.020750	0.019115	0.017442	0.004867	-0.000566	0.009796	0.017244	0.006789	0.018369	0.022654	-0.002158	-0.003533	0.005312	0.010410	0.004184	0.022126	0.014149	0.008080	-0.005598	-0.007183
0.009001	-0.013710	0.013791	0.005764	0.037223	0.032119	0.005447	0.005524	0.014801	0.020720	-0.012289	-0.013214	0.000103	0.015067	0.011177	0.017574	-0.005426	-0.017045	0.012255	-0.004570	-0.015194	0.009608	0.016316	0.006321	0.000788	-0.000203	-0.000832	-0.009229	-0.001619	0.011275	0.008988	0.007268	-0.003148	0.001547	-0.015493	0.004796	0.017623	-0.005104	0.001715	0.007459	0.018484	-0.000412	-0.005480	-0.014497	0.006997	0.026625	0.009716	0.008023	0.009991	0.004303	-0.003133	0.010748	0.007040	0.006641	-0.002445	0.018366	0.013009	-0.000233	0.015595	0.001199	0.001460	0.000372	-0.006512	0.010702
-0.014922	-0.008834	-0.018040	0.003279	0.003812	0.002994	-0.006684	-0.009698	0.004832	-0.000708	0.004169	-0.004083	0.005830	0.018342	0.007986	-0.001572	0.006002	0.001678	0.005693	0.000918	0.003567	0.008573	-0.006337	-0.008387	-0.010516	-0.014664	-0.008619	0.006038	-0.002431	0.010305	0.000540	-0.018728	0.008941	0.009922	-0.003720	0.007160	-0.004874	0.005900	-0.010153	-0.016037	0.001072	0.001895	-0.001231	-0.006631	-0.000416	0.007475	0.003623	0.005533	-0.002797	0.014847	-0.007222	0.008230	0.018032	0.011264	0.003771	-0.001371	0.011631	-0.011163	-0.006389	0.001535	0.020377	0.010226	-0.001337	0.001130
-0.000570	0.000803	0.015283	-0.004179	0.020865	0.016292	0.017499	0.000673	0.000547	-0.007494	-0.000606	0.011846	0.019359	-0.002378	0.000854	0.001671	-0.007291	0.008780	0.000398	0.005996	0.003393	-0.000187	0.004127	0.001729	0.001363	-0.004054	0.008948	0.024331	0.009628	0.016029	-0.009472	0.004995	-0.005309	-0.009180	0.000665	0.019017	0.015707	0.009641	-0.011993	0.001253	0.007648	0.005160	-0.013571	-0.003096	0.002503	0.008158	-0.017431	0.003456	0.007995	0.016687	0.013558	0.010317	-0.004566	-0.013948	0.001512	0.014636	0.018702	0.014968	0.013378	0.009640	0.001913	0.006443	0.026582	-0.001417
0.022920	0.006549	0.017891	-0.006652	0.009103	0.000473	-0.006777	0.007668	0.017160	-0.000782	-0.009185	0.004146	0.005032	0.012285	0.015326	0.007528	0.027957	0.010012	0.004776	-0.007895	0.004774	0.005897	0.016977	0.014185	-0.001466	0.007019	0.013845	0.023129	0.017100	0.016368	0.007029	0.010423	0.017572	-0.005607	0.005763	0.001158	0.010466	0.018859	0.000848	-0.017623	0.004786	0.015198	0.011109	0.009765	0.001210	-0.006451	0.011092	-0.001213	0.026364	0.014287	0.001755	-0.000086	0.003186	0.003910	0.017060	0.008620	0.000827	0.025865	0.009142	0.013045	0.001930	0.009549	0.012810	-0.011105
0.026796	0.022628	0.003252	-0.003826	0.010478	0.010127	0.012163	0.008524	0.010163	0.023120	0.010872	-0.002559	0.021220	0.025305	0.036059	-0.004410	0.008123	-0.011507	0.011809	0.002179	0.025168	0.000816	-0.009973	0.000181	-0.013611	0.007531	-0.013930	0.005629	-0.013318	0.003027	0.017141	0.006868	-0.004565	0.004942	0.007002	0.008883	-0.008727	0.011022	-0.022209	-0.004287	0.000090	0.009673	0.003967	-0.007710	-0.005445	0.005363	0.001904	-0.000977	-0.000304	0.012579	0.001516	0.004897	0.025394	-0.007861	-0.012121	0.010527	-0.001026	0.003936	-0.000788	0.003566	0.025776	0.014789	0.016922	-0.007051
-0.004864	-0.022432	-0.004329	0.017780	0.012406	0.006769	0.006642	-0.000872	0.008945	0.011947	-0.012237	0.010884	0.015978	0.004589	0.012390	0.033710	0.009157	0.010842	0.001446	0.008898	0.012648	0.010210	-0.003110	0.009641	0.022349	0.010595	0.017048	0.006792	0.014926	0.010906	-0.004567	0.010321	-0.003492	0.000349	0.011100	0.009304	-0.005989	0.016250	0.010248	-0.002062	-0.010395	0.001124	0.000825	0.005779	-0.000292	-0.013422	0.002237	0.001651	0.009082	-0.000109	0.020019	-0.012754	0.016092	0.005380	0.015361	0.006567	0.015297	0.000125	-0.004479	0.019442	0.008969	0.010655	0.022595	-0.002191
0.013561	0.002307	0.005562	0.007566	-0.009427	-0.000287	0.020845	0.016036	0.005829	0.009805	0.003769	0.019972	0.003883	0.008824	0.016729	-0.000323	0.023267	-0.005431	0.024949	0.005295	0.004188	-0.012276	0.001416	-0.002053	0.003648	0.004825	0.017586	0.011756	0.010825	-0.003628	-0.003197	0.023051	0.001339	0.023464	0.009783	0.009583	0.018020	0.021327	0.005574	0.001982	0.004614	0.007545	0.014651	0.008505	0.013376	0.024000	0.011433	0.009591	-0.011116	-0.020785	0.009371	0.004491	0.001425	0.009510	0.006321	0.015792	0.006794	-0.001585	0.015793	0.004398	0.012092	0.001724	0.004654	0.008310
0.007188	0.010179	0.000165	-0.015264	-0.003465	0.012689	0.002644	0.004155	0.013883	-0.000036	-0.010471	0.001395	-0.002703	-0.004110	0.000306	0.009536	0.007832	0.010420	0.025541	0.002784	0.006793	0.000260	-0.003101	0.000268	0.003307	0.007839	0.027375	0.000621	0.001879	0.002899	0.006058	0.006329	0.016882	-0.018651	-0.016391	-0.000942	0.012691	-0.010749	-0.025799	0.006845	0.004397	-0.008644	-0.009008	-0.007346	0.003001	-0.004231	0.006475	-0.022722	-0.004120	-0.007798	-0.000352	-0.004606	0.008099	-0.013097	0.005143	0.009506	0.022957	0.000234	0.006504	-0.016302	-0.018212	0.012211	0.011110	0.019011
-0.004775	0.012919	0.025143	0.011734	0.008469	0.006936	-0.007692	0.018606	-0.000392	0.012750	-0.008749	-0.004260	0.019638	0.005218	0.019007	0.007374	-0.008254	0.015559	0.004298	0.014167	0.007341	-0.006603	0.010494	0.028457	0.012462	0.006215	0.017276	0.010348	0.009043	-0.003574	0.008431	0.018108	0.000739	0.021253	0.008550	-0.001406	0.015185	0.004841	0.013601	0.002491	0.004100	0.009048	0.005343	-0.014589	-0.007468	0.013516	0.004990	0.000925	-0.008659	-0.007163	-0.014802	0.001506	-0.003163	-0.004032	0.005007	0.008123	0.025081	-0.007551	0.018182	0.015764	-0.000793	0.006902	0.005999	0.008937
0.018681	0.013058	0.008776	-0.000494	-0.012303	0.002624	0.015728	-0.009393	-0.006639	0.005753	-0.006247	-0.003560	-0.001582	-0.008400	-0.006607	0.009212	-0.008033	-0.011042	0.000143	0.012743	0.003583	0.002100	0.004809	-0.013104	0.010441	0.006856	0.001869	0.015986	-0.003930	0.017979	0.005587	0.001506	0.008544	0.005330	0.020225	-0.004105	-0.002705	0.017521	0.001010	0.013716	0.021335	0.001837	0.010885	-0.005699	0.010599	0.008899	0.011705	0.002172	-0.010638	0.008775	-0.014784	-0.001383	0.012077	0.008407	0.025506	0.016058	-0.001039	0.005697	0.002949	-0.012676	-0.005075	-0.000981	-0.009843	0.004399
0.003872	-0.009135	0.009149	0.013706	0.007054	0.005110	0.012570	0.012642	0.006460	-0.002079	0.006790	0.018328	0.000896	0.027907	0.001573	0.006968	0.000884	0.008012	-0.009450	0.000344	-0.004743	0.010979	0.017363	0.012361	-0.015573	0.023530	0.008380	-0.001939	0.007191	0.009055	0.000252	0.008162	0.001211	0.001827	0.000892	-0.009178	0.004624	0.012763	0.012875	0.014412	0.010017	0.000189	0.010816	-0.009149	-0.006728	-0.003910	0.017807	0.017616	0.011130	0.016307	-0.002893	0.005891	0.001298	0.011820	0.006136	0.005036	0.012065	0.014586	0.000265	0.004534	-0.004612	-0.017618	0.011127	0.012387
0.008609	-0.011573	0.001419	-0.014208	0.016933	-0.002248	0.018224	0.015304	-0.006042	-0.006360	0.006147	-0.002459	0.007056	0.002195	-0.013575	-0.016481	0.007955	0.000248	0.003394	0.013812	0.017135	0.004042	0.001859	0.008968	-0.005555	0.006522	0.011290	0.014271	-0.010899	-0.001096	-0.003221	0.006648	0.012331	0.020268	0.004814	0.003744	0.017445	0.012580	0.019523	0.010115	-0.005060	-0.010092	-0.009796	0.013349	0.018605	0.026656	0.017861	0.018383	0.000219	-0.005471	0.014010	0.010718	0.007982	0.012787	0.011419	0.020190	0.019953	0.011331	0.015389	0.011065	0.004481	0.014762	-0.001293	0.018655
-0.004783	0.008244	-0.004438	0.010278	0.002366	-0.008881	0.008411	-0.000465	0.013270	0.007603	0.006278	-0.004649	-0.002098	0.000550	0.013298	0.021754	0.000936	0.015866	-0.012880	-0.006743	-0.004631	-0.008703	-0.009823	0.010194	0.005615	0.007768	0.011668	0.009360	0.011959	0.005642	-0.006884	0.014724	0.000272	-0.002806	0.007232	-0.000394	0.003193	0.010586	0.007242	-0.003803	0.001577	0.015266	0.012780	0.028207	0.018143	0.018264	-0.006548	0.012592	0.003790	0.002006	0.008888	0.016456	0.010718	-0.000645	0.011873	-0.001930	0.005921	0.002320	0.004052	0.013805	-0.001121	0.023054	-0.007896	-0.001467
0.012234	0.015252	0.007062	0.007402	0.008345	0.005979	0.020817	0.016173	0.014386	-0.000354	0.004635	0.004319	-0.003194	0.010881	0.001591	0.012381	-0.000239	0.023459	0.000880	0.010540	0.015656	0.003009	0.014702	-0.004255	0.021674	0.007192	0.001131	0.006996	0.015840	0.000931	-0.002194	0.005072	-0.000717	0.025740	0.006338	0.017069	0.007892	-0.003710	0.005610	0.013119	0.006266	0.016945	0.016332	0.016941	-0.000131	-0.004962	0.000501	0.008958	0.010713	-0.013265	0.007354	0.007867	0.002517	0.018574	0.011808	0.019499	0.006130	0.017229	0.024923	0.019738	-0.002346	0.004877	0.008838	0.013838
0.012066	-0.002762	0.004177	-0.011599	0.018182	0.003318	0.005868	0.001564	0.014756	-0.020644	0.001812	0.003983	0.002608	0.023658	-0.003567	0.011961	0.010863	0.018346	0.001566	-0.002361	0.017293	0.011047	-0.011723	-0.001859	0.010228	0.012781	-0.002103	-0.020710	0.011334	-0.005320	-0.019211	-0.023739	0.013988	0.007577	0.007352	0.018665	0.012622	0.022537	-0.008619	0.003191	-0.008909	-0.000002	0.002474	0.012380	0.006581	0.013570	0.013836	0.025754	0.000134	-0.004207	0.006749	-0.001535	0.018677	0.003863	0.001051	0.000820	0.011222	0.003229	0.000717	0.020376	0.001665	0.006826	0.014141	-0.009080
0.012197	-0.001365	0.013845	-0.002211	0.011333	0.019356	0.016169	0.009591	0.001278	0.001818	0.018685	0.000091	-0.003073	0.014738	-0.002699	-0.004432	-0.006386	0.002262	0.008582	0.009403	0.014690	0.013084	0.004918	0.003613	0.014019	0.017894	0.009411	0.003256	-0.001878	-0.006250	0.011602	0.013787	0.015490	0.008317	0.023839	0.004472	0.016018	0.007662	0.001767	0.013219	0.012099	0.009416	0.007409	0.007767	0.028729	0.018043	0.014192	0.008855	0.016595	0.012219	0.006623	0.002476	0.002662	-0.024131	0.007893	0.003147	0.023591	0.008007	-0.004100	0.004463	-0.003366	0.010639	0.014159	0.017043
-0.000475	0.006766	-0.008190	0.010098	0.008126	0.010234	0.005753	0.009310	0.018760	0.003652	0.003862	-0.005550	-0.004390	0.007491	0.014946	0.004288	0.005486	0.002262	0.001745	0.007431	-0.009582	0.018474	0.000106	0.012902	-0.003577	0.012009	0.012385	0.008915	-0.003975	0.008007	-0.008666	0.002743	0.017680	0.015231	0.007586	-0.005457	0.008348	0.004943	-0.019757	0.011271	0.007336	0.017073	-0.007211	-0.028139	0.002906	0.005464	-0.013735	-0.003864	0.031857	0.004616	0.011832	-0.005359	-0.017793	0.000053	0.000227	0.002037	0.005005	0.008001	0.004131	-0.008194	0.008052	-0.014737	-0.010773	0.011864
0.013171	0.007277	-0.008467	-0.002764	-0.000612	-0.010770	-0.002466	0.011825	0.019158	0.003833	0.011132	-0.013730	0.008807	-0.002764	0.006824	0.004420	0.021346	0.000009	0.014355	0.003666	0.004492	0.002988	-0.001492	0.006946	0.007327	0.006733	0.006473	0.015836	0.016360	-0.002970	0.012841	-0.005145	0.013155	0.012053	-0.009266	0.007978	0.001862	-0.000394	0.017562	-0.001824	-0.000418	0.006366	0.010534	0.006481	0.016069	0.010541	-0.013255	0.001000	0.000738	0.009929	-0.017118	0.029197	0.011704	0.008015	0.017838	0.027754	0.015231	0.015657	0.006774	0.004343	0.002318	-0.002857	0.002890	-0.004814
0.007358	-0.008421	0.006836	0.006299	0.005782	0.003751	0.037817	0.022654	-0.004926	0.008932	-0.001648	-0.004123	-0.008157	0.011249	0.001022	0.016657	0.019551	0.021724	0.000354	0.010508	0.011412	0.002897	-0.000814	0.023436	0.009441	0.010551	-0.002664	-0.004483	0.000649	0.003738	-0.006999	0.006490	-0.008399	-0.004372	0.013093	0.011027	0.000389	-0.004400	-0.005913	0.000183	0.013729	0.013130	-0.000366	-0.005355	0.006476	-0.002500	0.001914	0.019921	0.015947	0.008910	-0.006359	0.006683	0.015823	0.003709	0.021434	0.021910	0.023289	0.009965	0.013476	0.020070	0.013599	0.002832	0.009095	0.012750
-0.004582	0.008252	0.015960	-0.014296	0.019902	0.020775	0.002627	0.010098	0.006386	0.021202	0.015572	-0.006970	0.012490	0.007103	0.005443	-0.001452	0.028133	0.020282	0.002066	-0.007002	0.002730	0.013348	0.010109	0.020731	0.017998	0.016717	0.010300	-0.006687	0.004713	0.018970	0.005993	0.014845	0.006154	-0.001871	0.008522	0.009275	-0.002261	0.002869	-0.004129	0.015869	0.004466	0.019920	0.021435	0.004511	-0.008608	-0.017048	-0.010832	-0.007365	0.019138	0.010122	0.010378	-0.017151	-0.009261	0.014005	0.007909	0.005042	0.012437	0.023136	0.005899	0.005047	0.009228	0.029689	-0.008358	0.012915
0.005418	0.012122	-0.000133	0.007272	0.015018	0.038368	0.014773	-0.002978	-0.000234	0.001745	-0.012409	0.004008	0.014157	-0.001159	0.015960	0.008925	-0.000122	0.006097	0.024539	0.015544	0.007946	0.005632	0.007778	0.000051	-0.012226	0.023641	0.009539	0.013100	0.007555	0.000259	0.002154	-0.009365	0.029563	-0.003215	0.000636	0.005155	0.019203	0.007660	-0.004362	0.018821	0.016218	0.010495	0.014247	0.032229	0.028770	0.002789	0.021492	0.012898	0.009731	-0.010570	0.004731	0.000113	0.015614	0.017208	-0.012865	0.004523	0.016430	0.005334	0.014001	0.011197	0.013086	0.006456	-0.002962	-0.005478
0.013414	0.006820	0.004448	0.004925	0.004780	0.018694	0.002437	-0.006947	0.013240	0.004853	0.005734	0.022714	0.007932	0.011854	-0.006094	0.004180	0.014943	-0.008647	0.008536	0.008255	0.009551	0.021196	0.011714	0.021638	-0.001227	0.004379	0.005121	-0.003890	0.017740	0.033894	0.007733	0.012644	0.007356	-0.002937	-0.011009	-0.002117	-0.007080	0.026151	0.006776	0.002689	0.015278	-0.007119	-0.004550	0.005591	0.014052	0.012272	0.010771	0.009831	0.010325	0.006394	-0.005567	0.003644	-0.005024	0.007848	0.002974	0.032710	0.007034	-0.007629	0.004041	0.011891	0.023893	0.002190	-0.005056	0.014780
-0.008723	0.001393	0.003581	0.007633	0.012858	0.001564	0.003108	0.003792	0.006553	0.007967	0.009429	0.015601	0.010527	0.011797	-0.010231	0.004944	0.013537	0.013995	0.001709	0.000078	0.002118	0.014211	0.017064	0.002651	0.016445	0.006400	0.004455	0.004166	0.015063	0.014320	0.028648	-0.000488	0.011265	-0.000762	-0.000219	0.006491	0.009011	0.037345	0.006157	-0.006017	0.006595	-0.017709	0.001668	0.005202	0.012980	0.017117	0.002787	0.004917	-0.004971	-0.008135	0.005391	-0.009252	-0.000353	-0.002075	0.012349	0.023422	-0.008157	-0.014002	0.003578	0.005333	0.009199	0.001914	0.007853	0.009890
0.016290	-0.012650	0.001022	0.009323	-0.000183	0.025212	0.000580	0.005040	0.011815	-0.000849	-0.015023	0.002655	0.018200	0.007030	-0.001813	0.015874	0.004537	0.000430	0.008209	0.014910	0.032666	0.019692	0.019378	0.003350	-0.002525	0.004219	0.006290	-0.002101	0.008640	0.014075	0.010765	0.011755	0.009761	0.001153	0.003163	-0.003472	0.023482	0.010834	0.006892	-0.001747	0.035445	-0.004430	0.001491	0.011935	0.012772	0.018373	0.026671	0.015304	-0.004317	0.002997	0.010009	0.026076	-0.005547	0.019392	0.010394	0.014144	0.004864	-0.002508	0.014481	0.014958	0.018159	0.009489	0.002925	-0.009233
0.015180	0.011718	-0.003923	0.000334	-0.001453	-0.009609	-0.002497	-0.004902	0.002507	-0.000441	-0.010369	0.025025	0.017255	-0.000547	0.008417	0.011525	0.021043	0.000399	0.017577	0.003581	-0.005338	0.014379	0.020894	0.033737	-0.002211	0.012860	0.005043	0.017070	-0.006153	-0.005205	-0.002131	0.009955	0.003269	0.015238	0.022104	0.016121	0.021143	0.009938	-0.005268	0.018967	0.001135	0.015800	0.024068	0.012732	-0.010353	-0.004030	0.018722	0.006294	0.006429	0.015939	0.015757	0.008622	0.000499	0.001221	0.014184	0.012361	0.005849	0.019049	0.006323	-0.002559	-0.002396	-0.004898	0.006623	0.018158
-0.002137	0.008757	-0.001691	0.001744	-0.011848	0.003345	0.004105	0.010171	0.004374	-0.005617	0.013404	0.007320	0.005469	0.004994	-0.001991	0.005807	0.009152	-0.012539	0.000921	0.004130	0.008468	0.017977	-0.002865	-0.001540	0.000779	-0.004104	0.001504	0.012006	-0.004312	0.010157	-0.013938	-0.001958	0.005116	0.021961	0.004451	-0.016765	-0.018032	0.004457	0.007528	0.007760	0.007460	0.016692	-0.000331	0.010475	-0.016420	-0.008057	-0.012763	0.002276	0.004708	0.008835	0.005030	-0.006293	-0.001804	-0.010722	0.017576	0.003699	0.000858	0.020696	-0.006561	-0.007949	-0.007436	0.003218	0.014677	0.013335
0.032970	-0.013133	0.010196	-0.000876	-0.003820	-0.001764	-0.002772	0.023449	0.014699	0.007277	0.016467	-0.009144	-0.010188	-0.017268	-0.005017	0.009099	0.008861	0.007998	-0.004144	0.012944	0.007592	0.011306	-0.014039	0.008849	-0.003437	0.000716	0.010185	0.007609	-0.002718	0.004958	-0.011912	0.016192	0.004927	0.016233	0.002772	-0.000293	-0.003720	0.013350	-0.002435	0.010365	0.000540	-0.014787	-0.002347	-0.008026	0.000807	-0.008236	0.013025	0.004720	0.002951	0.012579	0.014979	0.003191	-0.005606	-0.013470	-0.002416	-0.000163	0.007787	0.002652	0.012558	-0.001507	0.005214	0.016008	0.013216	0.006764
0.000349	-0.001679	-0.005086	0.002493	0.014414	0.006231	-0.005095	0.021290	0.008042	-0.007807	-0.002341	0.007751	0.023364	-0.001131	0.015823	0.019903	0.000299	0.002036	-0.003122	0.005145	0.008161	0.016567	0.019640	0.000329	-0.013142	0.002665	0.009281	0.011063	0.006030	0.010886	0.021330	0.011107	0.003978	0.001949	0.008216	0.023380	0.003949	0.007462	0.004612	0.017090	0.025640	0.009611	0.006686	0.008037	-0.017404	0.013079	0.008887	0.011717	-0.002382	0.001907	0.001407	0.015621	0.002887	0.027622	0.011957	-0.007348	0.002842	-0.002461	-0.014690	0.021341	0.015729	0.014282	0.010188	-0.007738
0.001937	0.015482	-0.004950	-0.018711	0.001670	0.007655	0.008713	0.012499	0.010855	0.010877	0.015816	-0.009156	0.009595	0.013119	-0.007028	-0.009082	0.001393	0.000654	0.015659	0.000209	-0.001460	0.002248	0.017594	0.008121	0.006368	0.003231	0.019280	0.002243	0.021545	0.012090	0.007948	0.031930	-0.003156	0.002000	-0.000426	0.018352	0.025361	0.026449	0.020057	0.005599	0.001957	-0.011067	0.024430	0.012358	0.002793	0.020474	-0.000941	0.011098	0.003781	0.011376	0.004972	-0.008485	0.005949	0.018716	0.008730	0.014381	-0.002741	0.006320	0.000141	0.011067	0.008374	0.016994	0.022360	0.014429
0.008927	-0.002758	0.003900	0.001276	0.002554	0.003878	-0.004624	-0.013917	-0.001862	0.006749	-0.009171	0.006118	0.026404	0.020088	0.021188	0.008691	0.018090	-0.000961	-0.000570	-0.020495	0.019658	0.024733	0.002878	0.004617	0.001184	0.008432	0.016333	-0.009312	0.011960	0.007160	0.006439	0.010412	0.004778	0.006062	0.009815	0.018937	0.011503	0.009292	-0.007358	-0.000025	0.013602	0.006358	0.014098	0.026208	0.015547	0.005925	-0.001682	-0.019036	0.003179	0.003423	0.011641	0.005564	0.000024	-0.012816	-0.006296	0.007944	0.023543	0.006034	0.010761	0.015620	0.000217	0.007299	0.000512	0.014081
0.008887	0.008521	-0.002041	0.015610	0.026641	-0.001900	0.004378	0.009139	0.015848	0.001669	-0.023303	0.019648	0.013540	-0.009510	-0.001066	0.021250	0.023696	0.016744	0.006615	0.007839	0.006657	0.017510	-0.001955	-0.001424	0.018011	0.006332	0.020561	0.002162	0.005905	0.000020	0.004740	-0.007151	0.003001	-0.006047	0.015893	0.013282	-0.010773	0.021240	0.030721	0.005090	-0.000524	0.029722	-0.006922	0.005668	0.005430	0.020009	0.012902	0.000549	-0.006458	0.001953	-0.005332	0.002985	-0.002029	-0.006824	0.019578	0.001273	-0.006356	0.002900	0.004398	-0.010884	0.009768	-0.003199	0.027547	0.011991
0.001200	-0.001736	0.004229	0.012284	0.005323	0.005170	0.005576	-0.001629	-0.001841	-0.013373	0.013340	0.009821	-0.001170	0.024821	0.005093	-0.007518	0.014381	0.011305	0.012227	0.002368	0.010130	0.005096	0.008409	-0.014363	0.003564	0.020935	-0.000243	0.001411	0.002441	-0.007050	-0.018907	-0.000332	0.008131	0.006808	0.007427	0.007234	0.013639	0.002857	-0.003307	0.000037	0.009857	0.017493	-0.000886	0.006664	0.006485	-0.005838	0.003468	-0.009834	-0.013530	0.007375	0.001611	0.005943	0.004463	-0.005132	0.003334	-0.008351	0.016832	-0.007702	0.003166	-0.003699	0.011687	0.001883	0.004040	0.013537
0.007336	0.013056	-0.003724	-0.007700	0.004314	0.002518	0.011337	0.005290	0.004971	-0.007801	0.022386	0.004544	0.010684	-0.001338	0.008579	-0.007249	0.013095	0.003204	0.009465	0.013911	-0.005865	-0.001965	0.009784	0.024808	0.005891	0.009867	0.006940	0.027527	-0.007654	0.006059	-0.011999	-0.018311	0.010563	0.008794	0.007492	0.010347	0.036788	0.005258	0.007230	-0.002108	0.010284	0.003763	0.003553	0.026254	0.018408	0.006127	-0.018190	0.001802	0.032100	0.006531	0.019247	0.022497	0.009028	-0.003548	-0.020059	0.011882	-0.000105	0.009037	-0.004004	0.004074	0.007175	0.008665	-0.001870	0.018121
-0.004115	-0.009320	0.003030	0.004863	0.004715	0.021233	0.002539	0.000957	-0.008535	0.011644	0.004503	-0.000012	-0.013158	0.019532	-0.007666	-0.003630	0.005467	-0.008335	-0.009916	-0.016284	0.010994	0.003113	0.031314	-0.007040	-0.007398	-0.004796	0.005406	-0.000314	0.011200	-0.003065	-0.011135	-0.017360	-0.020750	-0.004687	0.002564	-0.001731	0.016749	0.017267	-0.001475	-0.017256	-0.003396	-0.004556	-0.003884	-0.004446	-0.004324	0.000608	-0.003008	0.005209	0.004904	-0.003329	0.015202	-0.007997	-0.013108	0.008295	-0.002777	0.006766	-0.019625	0.016283	0.011386	-0.011472	-0.009676	0.021205	0.001993	-0.004260
-0.015193	0.004469	0.003672	0.012169	-0.011593	-0.011876	0.008509	0.014517	-0.011077	0.015509	0.006181	0.015667	0.001906	-0.020399	0.002650	0.013965	-0.002059	0.003300	0.006082	-0.021658	0.019710	-0.002803	0.010395	0.003449	0.019728	0.009927	0.003404	-0.002683	0.012089	-0.012170	0.009746	-0.003756	0.022505	0.010720	0.014247	0.006120	-0.013181	-0.004348	0.012616	0.007272	0.019498	0.009078	-0.003511	-0.001452	0.001273	-0.017676	0.020795	0.010843	0.017111	-0.006824	0.018446	0.026507	-0.008964	0.009534	0.005578	-0.008547	0.010914	0.014648	0.002521	0.016774	-0.011835	-0.011639	0.009484	0.006147
0.002596	0.017547	0.013490	0.016443	0.006594	0.015235	0.005261	0.026646	0.000851	0.029428	0.008083	-0.003924	0.020461	0.010088	0.015443	0.018739	0.013517	0.004867	0.020035	0.008361	0.013335	-0.010795	0.012937	0.003642	0.026821	0.012329	0.011266	0.013739	-0.000234	0.024124	0.027272	0.014611	0.024070	0.003761	0.003317	0.009152	0.011066	0.005197	0.014013	0.009723	-0.003687	0.009145	0.012608	0.009886	0.016813	-0.004052	0.010191	-0.005793	-0.008305	-0.001810	-0.003559	-0.000047	0.003707	0.015546	0.003517	-0.011130	0.016859	-0.000377	0.006722	0.011215	0.010710	0.019545	0.015694	-0.000580
0.030121	0.011719	0.006067	0.015108	0.005905	0.011636	0.030496	0.006313	0.004951	0.009943	0.014978	-0.007280	-0.012799	0.000788	-0.008781	0.002127	0.014948	0.000429	-0.003189	0.008388	0.013758	-0.008643	0.015126	0.016618	0.019643	0.018508	0.029961	0.007924	0.009497	0.004374	0.007483	0.025401	-0.001646	0.001669	0.027691	0.020958	0.004926	0.016678	0.012298	0.023064	0.009863	0.017235	0.034884	0.017409	0.007123	0.014196	0.004975	0.030375	0.007615	0.005432	0.002274	0.017401	0.011970	0.002083	0.011678	-0.006039	0.011043	0.013556	0.023583	-0.000236	-0.005806	-0.002482	-0.002076	0.019369
0.022479	0.012229	0.018847	0.010319	0.004416	0.002629	0.001451	-0.008008	0.008127	0.008514	0.013642	0.007965	0.003573	-0.000831	0.004888	0.011722	-0.002999	0.008963	0.013520	0.000129	0.000753	0.008746	-0.003203	0.007716	-0.001162	0.015314	0.029107	0.000811	0.011885	-0.000340	0.014283	-0.006128	0.011017	-0.001386	0.006791	-0.002317	0.014145	-0.000554	0.012156	0.001553	0.005227	0.004432	-0.002303	0.007935	0.020683	-0.000488	0.018114	0.020630	-0.003686	-0.009602	0.007496	0.000851	0.023462	0.007229	-0.001807	-0.005299	0.017386	0.001457	0.007627	0.016052	0.004580	0.006321	0.009243	0.012439
0.010350	0.005244	0.007140	0.003104	-0.009467	0.010611	0.025232	-0.002864	-0.004056	-0.001625	0.011816	0.011004	0.004573	-0.000931	0.006036	-0.010718	0.008352	0.015219	-0.004124	-0.007157	0.020872	0.002452	0.017207	0.004408	0.005765	0.007677	-0.002097	0.009062	0.003832	-0.005287	0.007354	0.004828	0.006057	-0.005062	0.025417	0.018971	0.015739	0.003781	-0.009928	0.022748	0.003040	-0.003524	0.009607	0.019892	0.005291	0.018182	0.015614	-0.003866	-0.003337	0.012819	-0.018960	0.003144	-0.010292	0.001421	0.003909	0.000664	-0.000613	-0.003280	0.028570	0.024081	-0.004683	0.020542	0.006560	0.006610
0.004961	0.000737	0.015475	0.011007	0.002522	-0.005397	-0.002945	-0.010062	0.005613	-0.005322	0.001812	0.021365	0.018498	0.007531	0.004726	0.022917	0.012239	0.000744	-0.006394	0.012250	0.016303	0.002635	0.009444	0.003552	0.004263	-0.021841	0.003353	0.018521	0.002656	0.008123	-0.002035	0.009835	0.003148	-0.003606	0.022108	0.018435	0.002998	0.012475	0.010832	0.010183	-0.012010	0.011203	-0.000624	0.005471	0.032248	0.011577	0.002577	-0.016558	0.015934	-0.008003	-0.004550	0.002683	0.022633	0.017018	0.004750	0.008144	0.000717	0.006396	0.007775	0.016922	0.019323	0.012565	0.006835	0.013308
0.007497	-0.001941	0.003393	0.008273	0.013182	0.004139	-0.006212	0.006505	0.007985	0.010377	0.014916	0.017984	0.001442	0.000842	-0.006127	0.012647	0.022293	0.004607	0.006762	0.022721	0.012807	0.010819	-0.003931	0.014174	-0.001498	-0.006844	0.002470	0.003653	0.005560	-0.006115	0.014606	0.019451	-0.011135	0.014810	0.002672	0.016984	0.007145	0.006980	0.004846	0.017006	-0.004929	0.011024	0.017432	0.016884	0.027218	0.001823	0.015605	0.005984	0.017501	0.007863	0.005047	0.018096	0.000566	-0.008056	0.000503	0.012846	0.021647	0.009402	0.019235	-0.005472	0.002751	0.002465	0.008072	0.008397
0.010862	0.003824	0.006077	0.006644	-0.004683	0.004120	0.004638	0.002323	0.003442	0.006312	-0.000204	0.018900	-0.005129	-0.000358	0.029773	-0.006293	-0.005867	0.011897	-0.012405	0.004644	0.028349	-0.007313	-0.015136	-0.012700	0.014350	0.014331	0.001605	0.015645	0.024040	0.025722	0.000495	-0.017340	-0.001408	0.002113	0.007428	0.006801	0.018962	0.020353	0.003287	0.013756	0.009416	0.006832	0.014567	0.008556	0.024917	-0.006921	-0.001015	0.005352	0.008240	0.018860	0.007210	-0.007344	0.013961	0.011256	-0.013590	0.003826	-0.010871	-0.000965	-0.002966	0.012327	0.008965	-0.005462	0.014491	-0.009707
