3.346188
3.248592
3.136322
3.097116
3.057437
3.182413
3.210863
3.115512
3.255810
3.153990
3.137017
3.094348
3.210820
3.293886
3.190081
3.045372
3.318325
3.109046
3.324153
3.089697
3.164962
3.211743
3.252108
3.064631
3.325953
3.253401
3.083803
3.231406
3.164537
3.177370
3.126983
3.191411
3.168507
3.223452
3.234026
3.329776
3.104892
3.120697
3.259817
3.309698
3.068370
3.321341
3.075073
3.169617
3.191356
3.101997
3.283696
3.153736
3.094947
3.168346
3.077199
3.078595
3.153443
3.167920
3.235209
3.158010
3.194662
3.242592
3.266411
3.145742
3.223470
3.297555
3.186923
3.190493
3.283081
3.184985
3.105065
3.260497
3.214837
3.343883
3.184391
3.154318
3.176763
3.226532
3.091606
3.107645
3.273709
3.151010
3.140326
3.171042
3.139896
3.205981
3.253464
3.252810
3.113638
3.108049
3.157314
3.186243
3.161653
3.300759
3.226190
3.339494
3.163381
3.207619
3.230952
3.151321
3.193859
3.255979
3.113380
3.126168
