-0.039100
-2.287250
-2.468750
-0.592450
0.229750
0.430150
-0.097800
-0.042850
-0.001200
-2.816850
-5.298650
-0.203400
0.372350
0.589050
-1.246300
-2.413850
-0.906850
-1.363800
-1.686550
-0.702250
-0.048050
0.286200
-0.835250
-2.874250
0.097750
0.469900
1.133650
0.426600
0.649700
0.526900
1.104000
0.629200
0.826450
1.118800
0.515650
0.847000
0.690450
0.204950
1.252200
1.262100
1.003550
0.734750
0.313900
0.228750
1.302400
0.775600
0.233150
0.380350
0.168000
-0.967500
-0.137800
0.817800
2.277100
1.944600
1.033650
0.438850
1.303000
-0.562850
-1.263350
-0.102400
1.591700
1.678000
0.811050
1.137550
