4.355306
1.824510
2.174200
2.797503
0.955010
2.659281
3.025317
2.672889
4.094644
0.555965
4.437174
2.561780
2.547116
2.192958
3.621227
2.243406
3.222283
2.102810
1.629405
4.084987
3.473528
1.918242
0.682809
3.194077
2.802019
0.950056
1.664138
1.371403
2.971545
1.498467
1.506427
2.823044
7.465426
1.985551
0.925534
3.309676
-1.194153
2.743451
1.227216
3.391489
3.596789
1.025061
-1.174114
1.749638
3.646109
1.907752
4.780204
2.122615
2.927328
4.082417
2.164340
2.060045
2.488208
3.295036
1.599672
1.632929
2.273464
1.987365
3.510512
0.871351
3.754761
1.578009
2.548414
0.924890
1.194473
2.481146
2.077749
1.398821
3.402832
0.454721
4.829104
3.079256
0.867097
2.873203
2.515409
1.920187
2.100495
1.509379
2.313668
2.229367
1.546635
0.601007
3.012265
1.601595
4.819179
1.965924
1.002391
1.603717
2.334414
2.241115
2.874606
1.699882
2.575616
1.712549
1.243158
1.273406
4.493390
2.574465
3.669554
1.014728
