4.371985
4.382412
4.067444
4.001964
3.951535
4.235099
4.333367
4.028546
4.376442
4.104571
4.075057
3.975265
4.238310
4.495929
4.238061
3.957333
4.204347
4.033024
4.544205
3.992091
4.121619
4.271671
4.465119
3.948633
4.240025
4.430478
3.989618
4.362343
4.165399
4.151042
4.070844
4.265112
4.158441
4.336971
4.278486
4.451794
4.056879
4.043487
4.440925
4.513197
3.998251
4.512993
3.968660
4.107312
4.179995
4.014847
4.180414
4.118661
4.005152
4.074803
4.009199
3.981001
4.103669
4.124072
4.340698
4.094848
4.181779
4.402910
4.391172
4.066748
4.300760
4.354142
4.164622
4.259921
4.456903
4.180474
4.014403
4.380433
4.224765
4.474210
4.238486
4.108557
4.191440
4.400894
4.005198
4.006428
4.450528
4.137157
4.078740
4.098973
4.074770
4.188142
4.397423
4.437508
4.018394
4.031131
4.108957
4.185812
4.131776
4.482739
4.403095
4.392631
4.110382
4.256216
4.362849
4.144689
4.201260
4.422499
4.005573
4.036659
