0.013608
-0.029848
-0.036350
-0.044339
-0.035028
-0.028510
-0.032482
-0.010365
0.025877
-0.044254
-0.010287
-0.023223
-0.040148
-0.068693
-0.046792
-0.044552
-0.041855
-0.056306
-0.025040
-0.048863
-0.032437
-0.009983
-0.059837
-0.046912
0.001811
-0.057591
-0.054972
-0.036110
-0.006535
-0.023062
-0.035601
-0.015497
-0.016995
-0.031114
-0.026871
-0.020700
-0.053100
0.003418
-0.042572
-0.035315
-0.030083
-0.028762
-0.071928
0.016279
-0.013634
-0.024108
-0.013569
0.008434
-0.042805
0.028287
-0.051369
-0.035773
0.002243
-0.048323
-0.027988
-0.042473
-0.026551
-0.060933
-0.001663
0.043974
-0.000510
-0.036791
-0.002042
-0.025979
-0.038096
0.030590
-0.031928
0.014817
-0.015027
-0.028675
-0.005688
-0.042014
0.000385
-0.037337
0.018047
-0.016547
-0.028071
-0.037407
-0.041563
-0.037391
-0.018108
-0.049332
-0.042066
0.025265
0.012446
-0.035952
-0.041309
-0.024682
-0.027319
0.012587
-0.022179
0.041935
0.011305
-0.059051
-0.063198
-0.026286
-0.021583
-0.031277
-0.036415
-0.000116
