-0.005680
0.002720
-0.016160
-0.004000
-0.012280
-0.002360
-0.014080
-0.009520
-0.029500
0.001760
-0.000180
-0.006700
-0.022100
-0.017500
-0.008060
0.001920
-0.016260
0.002640
0.011020
-0.017360
-0.005680
0.003140
-0.005300
-0.029080
-0.013040
-0.007360
-0.011400
-0.019840
-0.014500
-0.010360
-0.016420
-0.034580
-0.005420
-0.019480
-0.001200
-0.028580
-0.014980
-0.002440
-0.026480
-0.019060
-0.007880
0.003280
0.005960
-0.012020
-0.008360
0.000640
-0.006300
0.001680
0.011600
0.016940
0.002780
-0.012520
0.003120
-0.005060
0.006160
0.002580
-0.013380
-0.014000
-0.000460
-0.006760
0.002260
-0.016560
0.015840
-0.001740
