0.269990
-0.224773
0.034470
-0.063272
-0.143431
-0.028566
0.081220
0.265759
0.308333
-0.593000
0.246789
0.061441
-0.619375
-0.601955
-0.576382
-0.243093
-0.453642
-0.368046
0.093582
-0.494495
-0.042020
0.223785
-0.658285
-0.530558
0.297410
-0.600972
-0.576106
0.050968
0.271871
0.045841
-0.325856
0.229898
0.246949
0.091556
0.173390
0.178286
-0.447860
0.249079
-0.513218
-0.036801
0.063874
0.119915
-0.592080
0.271937
0.266372
0.121157
0.273677
0.272090
-0.418072
0.333603
-0.627341
-0.518356
0.132491
-0.435391
0.141404
-0.576454
0.173858
-0.607625
0.196700
0.334867
0.251444
-0.521313
0.214283
0.163668
-0.120116
0.339062
0.114606
0.289614
0.207459
0.118457
0.320331
-0.589870
0.303748
-0.544916
0.313573
0.247477
-0.002576
-0.086223
-0.473550
-0.088974
0.232925
-0.505923
0.069073
0.297694
0.278207
-0.018567
-0.156468
0.152649
0.188795
0.284145
0.190878
0.330277
0.271309
-0.584097
-0.607635
0.159386
0.223637
0.109178
-0.507490
0.255254
