0.000569
-0.002495
-0.001474
0.000280
-0.004808
-0.005214
-0.004486
-0.002744
-0.001553
0.001189
-0.002504
-0.002229
-0.003622
-0.003508
-0.001081
0.000767
-0.002433
-0.000737
-0.005213
-0.001839
0.000280
-0.001695
-0.001140
-0.003986
0.001517
-0.006466
-0.002026
0.000727
-0.000570
-0.003495
-0.001314
-0.006903
-0.003326
-0.002547
-0.001400
-0.001240
0.001187
-0.003970
-0.003359
-0.007210
-0.002676
-0.002647
-0.002436
-0.002101
-0.003023
-0.000152
-0.005078
-0.002569
-0.004025
-0.000643
0.002059
-0.001633
-0.000856
-0.002404
-0.002960
-0.005522
0.000914
-0.000269
0.000788
-0.002740
-0.000606
-0.002530
-0.003972
-0.002664
