8.905610
10.548337
9.452493
9.180439
8.151936
10.248809
10.491633
9.310985
10.598559
9.646777
9.527369
7.335653
10.373932
10.572207
10.399853
7.537573
5.387015
9.273892
10.838958
9.152223
9.784133
10.325993
10.785150
7.975185
8.420119
7.905172
9.202880
10.638509
8.561235
9.967250
9.595343
10.438315
10.080253
10.607284
10.245393
7.104622
9.175407
9.382612
10.678487
10.723967
9.107967
9.812466
7.700557
9.537696
10.164282
9.309089
5.932074
9.773615
9.195312
7.849273
9.185615
9.126742
9.615641
9.586915
10.615541
9.490348
10.117772
10.699554
10.598517
9.362272
10.556244
7.898319
6.065789
10.425056
10.613123
10.224648
6.234668
10.599765
10.330710
9.991888
6.658478
6.903534
9.989816
10.739606
9.290089
8.874838
10.691811
9.971997
6.914185
7.703598
9.511240
10.084323
10.412119
9.580457
9.225868
9.435236
9.016573
10.179108
9.910472
10.590073
10.571199
9.345894
8.771697
10.445277
10.244585
10.056297
10.279915
10.674624
7.906976
8.079239
