-0.480079
0.924967
1.308576
-1.096117
-1.425128
0.036231
-1.263183
-1.692406
-0.842435
0.188486
-0.884976
0.221516
-0.791579
-0.656488
-0.344134
-0.897237
-0.185721
-0.418785
0.192744
-0.485648
-1.361601
0.194347
-0.469287
-1.042891
0.430317
-0.847682
0.174189
-0.954495
-1.582558
-0.108625
-0.669575
-0.692228
-1.355269
-0.582164
-0.747708
0.075723
-0.779439
-0.571602
-1.479622
-0.367737
-0.375629
-0.242021
0.380162
0.084772
-0.496341
-0.422032
0.498316
0.343993
-0.723584
-1.288159
0.697345
-0.573098
0.486413
-0.800225
0.585958
0.734007
0.030501
-1.077189
-0.917859
0.416576
-0.610843
-1.049949
-0.494830
-1.395642
-1.314300
-1.246484
-0.230090
0.024002
-0.093141
-0.718011
0.191725
-0.508977
-0.718024
-0.976318
0.903644
0.060222
-0.563323
-0.411809
-0.215825
-0.390676
0.159033
-0.295969
-0.948282
-0.185239
-0.915735
-0.782041
-0.429545
-1.372170
-0.051535
-0.984200
1.194098
-1.273391
-0.143919
-1.181740
-1.132615
-0.879906
0.340915
0.298095
-1.201611
-0.901109
