0.464490
0.335610
0.380340
0.489600
-0.414630
-0.064170
-0.294930
1.074780
-0.375480
-0.029700
0.813150
-0.327780
0.395010
0.530820
0.840780
0.018630
-0.130410
0.488430
0.553050
0.631710
0.521280
-0.454320
0.337500
0.386370
0.352170
-0.062910
0.055440
0.893250
-0.790920
0.799290
-0.412200
0.243540
-0.479970
0.216990
0.355140
-0.081360
0.401040
-0.289080
0.910350
-0.108000
0.900720
-0.337860
0.572940
-0.024210
-0.552420
0.714060
0.062460
0.187110
-0.539100
0.480150
0.119610
0.381690
-0.024030
0.493650
-0.581130
0.743130
0.143370
0.047430
0.789390
-0.027720
-0.511470
0.618840
0.555660
-0.062280
