-1.549960
-1.636719
-1.590404
-1.572675
-1.667763
-1.483756
-3.883026
-1.635645
-1.570521
-1.642868
-1.565514
-1.571985
-1.519573
-1.621315
-1.594744
-1.581593
-1.552422
-1.574956
-1.575764
-1.532385
-1.492875
-1.593072
-1.512229
-1.665249
-1.535106
-1.515885
-1.534439
-1.552555
-1.573971
-2.703954
-1.659804
-2.417291
-1.618765
-1.500012
-1.617853
-1.522218
-1.626159
-1.604128
-4.479526
-1.485706
-1.528133
-1.517650
-1.628821
-1.556514
-1.567023
-1.586241
-1.567706
-1.600053
-1.474467
-1.501834
-3.083017
-2.868519
-1.563301
-1.659334
-1.578416
-1.496963
-1.553020
-2.644098
-1.550424
-3.111832
-1.541176
-1.641094
-1.732571
-1.520695
-1.595771
-2.170283
-1.651885
-1.590043
-1.569282
-1.624524
-1.540281
-1.576398
-1.700365
-1.531983
-2.209888
-1.616597
-1.587566
-1.508920
-1.579063
-1.617351
-1.472029
-1.521166
-1.617351
-1.526899
-1.608089
-1.605604
-2.029109
-1.556936
-1.558816
-1.609461
-1.534281
-1.577900
-1.542083
-1.522575
-1.522692
-1.720902
-1.497493
-1.710644
-1.532322
-2.526171
