36.532537
-2.468423
-2.709722
-0.148997
-2.053696
2.628373
-2.358744
-1.771164
16.698086
-2.591942
-2.857767
-2.514086
-2.487473
36.533662
16.045647
-1.861174
-1.763710
14.417218
-1.144492
-2.847864
36.382183
8.354994
35.921452
-2.674931
-1.661823
-2.707527
7.882244
-0.245600
-2.519847
4.771953
35.438795
-1.545892
36.517285
-2.848924
-2.608306
-2.811651
-0.337929
-2.832569
-2.786037
-2.859805
-2.472422
5.709053
-2.825895
-2.860757
-2.075092
7.687061
-2.557483
16.194730
-2.694352
-2.828970
-2.719070
-2.716818
8.526140
5.743381
-2.757846
-2.799660
-2.826421
-2.819819
15.597950
-2.841684
5.426983
-2.763919
-2.780019
-2.397051
-2.598078
35.901680
-2.726617
36.322781
-2.825765
-2.779957
-2.521765
36.164810
1.473555
36.456754
13.630316
-0.311140
-2.272365
36.489415
-2.809108
5.436737
35.379373
-2.318226
2.188845
23.115251
35.947132
-2.515818
35.483508
-2.718397
-1.519724
-2.847629
-2.086125
-0.321661
36.446766
-2.849649
35.795295
12.983261
-2.841129
36.486045
36.427829
-2.836157
