-0.165000
-0.740000
0.655000
-0.160000
0.225000
-0.195000
0.275000
0.025000
0.875000
0.060000
-0.460000
-0.320000
0.020000
0.280000
-0.045000
0.180000
-0.450000
0.005000
0.330000
0.175000
-0.300000
0.080000
0.110000
-0.435000
0.245000
-0.395000
-0.060000
0.060000
0.375000
0.285000
-0.035000
0.040000
0.080000
0.635000
-0.590000
0.560000
0.310000
-0.290000
-0.060000
0.240000
-0.440000
-0.045000
0.525000
-0.340000
0.105000
0.120000
-0.060000
-0.310000
0.160000
0.335000
-0.525000
0.890000
-0.875000
0.735000
-0.100000
-0.010000
-0.190000
-0.385000
0.265000
-0.390000
0.480000
-0.475000
0.300000
0.005000
