-3.892022
-3.524495
-1.383667
-3.457344
-3.929060
-1.441383
-4.017895
-1.369765
-3.638529
-1.558398
-1.353684
-3.882661
-3.269578
-4.649190
-3.551321
-1.398058
-2.834769
-2.396918
-3.760208
-2.935555
-4.362622
-1.412743
-2.398651
-3.168463
-3.495883
-3.010784
-2.662192
-2.243367
-3.702342
-4.114021
-4.126381
-1.397951
-3.449539
-1.453336
-2.966892
-3.367660
-3.696055
-1.437194
-3.377251
-3.074321
-1.357674
-2.811294
-2.885624
-2.750145
-1.507917
-1.432496
-2.734416
-1.369370
-1.479367
-1.386686
-1.410639
-3.661459
-3.132049
-2.663401
-2.910638
-3.784257
-3.233304
-2.710511
-1.392738
-1.366253
-3.521127
-3.543960
-3.051032
-3.345004
-2.773909
-1.356322
-3.755371
-1.463248
-2.467223
-3.941111
-3.353488
-2.871878
-3.064601
-1.545119
-1.374977
-1.434106
-2.846605
-2.993205
-3.826810
-3.462440
-1.455392
-4.254003
-3.087243
-2.741632
-1.333445
-1.369177
-3.653001
-1.570144
-1.484632
-3.178628
-3.429155
-3.390646
-2.775242
-3.737896
-3.440584
-1.446593
-1.362186
-2.411082
-3.494207
-3.616150
