0.007169
0.009814
0.005478
0.008288
0.004323
0.009255
0.006816
0.005102
0.003318
0.009640
0.005724
0.007897
0.005028
0.008655
0.004878
0.005815
0.008706
0.009288
0.012529
0.007596
0.007861
0.010534
0.007843
0.004794
0.009304
0.004216
0.007768
0.009088
0.008318
0.009734
0.004449
0.005064
0.009366
0.006389
0.012967
0.007723
0.004832
0.009628
0.004469
0.004501
0.006396
0.005404
0.006929
0.006947
0.004098
0.007367
0.006598
0.008453
0.006126
0.008867
0.007370
0.003952
0.005021
0.007162
0.008497
0.006673
0.005968
0.007130
0.008714
0.006378
0.009018
0.006459
0.015425
0.007857
