0.009784	0.006707	0.012606	0.021659	0.002854	0.004149	0.019587	0.011342	-0.001319	0.011618	0.000770	0.002565	0.007176	-0.013109	-0.014008	-0.003240	-0.004587	0.008808	-0.001881	-0.006888	0.019919	0.005312	0.004214	-0.010151	0.001282	0.003811	-0.005619	0.008712	-0.000305	0.001970	-0.002773	0.021407	0.006508	-0.004523	0.014469	-0.006210	0.003221	-0.014226	-0.009462	0.006935	0.012700	0.005367	0.004242	0.000806	-0.012471	-0.004454	0.000230	0.017506	0.007896	-0.010763	0.007166	-0.000758	-0.003837	0.010572	0.016452	0.014722	-0.003784	0.002114	0.009894	0.014605	0.001775	0.003131	-0.001079	-0.006191
0.016200	0.022804	0.006223	0.017121	0.010019	0.002562	0.010722	0.020849	0.004656	0.023481	-0.017199	0.014798	0.006811	0.003594	0.005351	-0.013928	0.005556	0.012145	0.023161	0.003513	-0.001246	0.001541	0.013094	0.006922	0.002435	0.010767	0.010083	0.017459	-0.001339	0.002809	-0.000550	-0.009408	0.009732	0.009873	0.010743	0.005883	-0.009118	0.001309	-0.000541	-0.004223	0.006138	0.011480	0.025822	0.009074	0.005866	0.003147	-0.013598	0.006092	0.007643	0.031859	0.008589	0.009085	0.005017	-0.003874	0.016866	0.012805	0.014543	0.001514	0.020972	-0.005005	0.014170	0.027850	0.003109	0.002845
0.008676	0.001970	-0.009655	0.004478	-0.006227	0.010782	-0.002562	0.020588	-0.002408	0.003185	0.011231	-0.005804	0.008126	0.020733	-0.009139	0.007527	0.010207	0.013347	-0.004427	-0.006897	0.012677	0.011891	0.009000	0.010415	0.002266	0.007659	0.009428	0.001325	0.026846	0.014156	-0.004460	0.013792	0.000224	0.014860	0.020908	0.000972	0.016524	0.013022	0.015577	0.025845	0.004872	-0.001566	-0.002395	-0.000488	0.003939	0.009099	0.009727	0.016191	0.006938	0.020880	0.005993	0.031867	0.010245	-0.003769	-0.004483	0.011308	0.006223	0.014669	0.011343	0.005306	-0.001938	-0.008693	0.003936	0.014758
0.010372	-0.002471	0.008095	0.011857	-0.001543	0.007856	0.005261	-0.005688	0.010288	0.017114	0.019009	0.019352	-0.005726	-0.001104	0.009732	0.010873	0.016301	0.048133	0.019712	0.021389	0.019180	0.013481	0.003441	0.013278	0.000663	0.005760	0.004262	0.011415	0.030139	-0.009465	0.009699	-0.008366	0.003041	0.017415	0.011203	-0.001117	-0.001638	0.011993	-0.002407	0.006318	0.006427	-0.000243	0.028289	0.013745	-0.016492	0.005147	-0.000502	0.014494	-0.003548	0.005657	0.012723	0.014885	-0.006023	0.001692	0.000359	-0.002150	0.022149	0.010952	-0.003741	0.017437	0.028214	0.015370	-0.006202	0.000802
0.018776	0.002299	0.011573	0.014171	-0.003933	0.004292	-0.026604	-0.006341	0.002351	-0.004349	0.020581	-0.006107	0.000913	0.008393	0.016460	-0.009304	0.019625	0.007794	0.001578	0.011239	0.008654	0.001301	0.006762	0.002405	0.010971	0.013254	0.022281	-0.001879	0.027199	-0.010218	0.003707	0.011948	0.011241	0.001919	0.007968	0.003333	0.000102	0.014117	0.009675	-0.000188	0.017190	0.009745	0.015475	0.012920	-0.003666	-0.000353	0.013430	0.014403	0.007447	0.009795	0.021053	0.001762	0.009738	0.003580	0.004111	0.017736	0.015859	0.017239	0.021359	0.008454	0.013553	0.002494	0.011131	0.005450
0.009133	0.014578	-0.000166	0.024939	-0.005621	-0.005596	0.017084	0.014441	0.011209	0.013916	0.005481	-0.002274	0.004378	0.000063	0.015402	0.005255	-0.000505	0.003677	0.011176	-0.000385	-0.002702	0.009077	0.010797	0.002335	0.004065	0.005790	-0.009317	-0.008261	-0.002208	0.005020	0.009876	0.020042	0.016340	0.005578	0.007379	-0.002851	0.004359	0.004530	0.009804	-0.001375	0.013450	0.020494	0.005197	0.010604	0.012793	0.004332	0.008980	0.007778	0.006807	-0.000637	0.007204	0.010694	0.019670	0.016729	0.027227	-0.001527	0.015467	0.010514	0.028823	0.000254	-0.000721	-0.000911	-0.009872	0.000684
-0.001036	0.010733	0.011238	0.025797	0.014235	0.001727	-0.002872	0.009228	-0.008774	0.025123	0.018517	0.003885	-0.008921	0.019906	0.003670	0.014711	-0.008994	0.000773	0.009558	0.006866	0.001829	0.014006	-0.003493	0.002706	0.009757	0.010114	0.015563	-0.002214	-0.006653	0.020725	0.008480	-0.000447	0.023901	0.011267	0.022199	0.010109	0.026643	0.025744	0.003733	0.014896	0.013410	0.019971	-0.000973	0.014286	0.016027	-0.010951	-0.008737	-0.013769	0.002687	0.014869	0.021223	0.007951	0.019896	-0.008918	-0.013508	0.002357	0.009714	0.007677	-0.011786	0.005292	-0.004502	0.011867	0.011738	-0.003438
-0.001420	-0.005502	0.003857	0.014932	-0.002945	0.011535	-0.000484	-0.004935	0.001955	-0.004614	-0.001516	-0.004004	0.023583	0.008342	-0.003288	0.004179	0.005134	0.004733	0.014667	0.014397	0.001967	0.002870	0.003950	-0.016930	-0.007115	0.017575	0.023573	0.006755	0.012854	0.011331	0.035444	0.016219	0.005304	-0.003266	-0.006482	0.008835	-0.003319	-0.007469	0.000958	-0.004071	0.022792	0.013571	0.005702	0.019875	0.005779	-0.002288	0.020259	0.013037	-0.005235	0.002495	-0.004327	-0.009746	0.013112	0.024466	-0.005124	0.010918	-0.002230	-0.000661	-0.001649	-0.003453	0.006735	-0.000186	0.010989	0.003899
0.000998	-0.003552	-0.000923	0.014349	0.008973	-0.004439	0.003916	0.009380	-0.012750	0.010028	-0.001555	0.011067	-0.003547	-0.013961	-0.012829	0.002290	0.006822	-0.001964	0.013675	-0.009763	0.003506	-0.007392	-0.003152	0.003596	-0.003100	-0.001006	0.016472	0.001709	0.012805	-0.004919	0.008393	0.017899	-0.018075	-0.002751	0.013612	0.004601	0.007968	-0.000130	0.004653	0.001350	0.015578	0.008445	0.010698	0.002315	-0.000413	-0.000146	0.006515	0.001072	0.007735	0.027987	0.016797	0.003703	0.016118	0.000093	-0.014801	-0.007428	-0.014715	0.002202	0.006923	0.022915	0.011603	0.003468	0.014468	-0.018013
0.011779	0.014936	-0.008077	0.016629	0.009135	0.003733	0.013197	0.028246	0.008981	0.010614	0.000720	-0.001029	0.013369	-0.000622	0.006356	0.002616	0.014148	0.011263	0.019010	0.002950	0.005529	-0.001437	0.002080	0.009168	0.015024	-0.002226	0.018218	0.022804	0.013799	0.026576	-0.001410	-0.004142	-0.007439	0.021347	0.017740	0.009066	0.009098	-0.000657	0.031564	0.008364	0.009415	0.012972	0.011400	0.009200	-0.001649	0.011888	0.027507	0.022622	0.021558	0.001851	-0.004206	0.003156	0.006461	0.017789	-0.007618	0.021808	0.005858	0.001599	-0.006147	-0.010627	0.015072	0.008331	-0.002809	-0.004864
0.003086	0.024743	0.005018	-0.007507	0.001316	0.002803	-0.019375	0.003071	0.002252	0.015996	0.025020	0.017249	0.002892	-0.003613	0.028058	0.004970	0.005876	0.007526	0.011737	0.006092	-0.000687	0.000967	0.006812	-0.000989	-0.001242	0.004656	0.003641	0.019564	-0.019046	0.018204	0.017427	-0.014136	0.003746	0.000470	-0.006565	-0.001655	-0.007117	0.025227	0.016499	0.015857	0.012474	-0.006275	-0.000692	0.009736	-0.008523	0.012923	0.004909	0.003611	0.012133	0.010406	0.003847	0.016396	-0.005854	0.011862	0.011364	0.001751	0.008213	-0.003240	0.015833	0.004740	0.000526	0.014757	0.000631	-0.009197
-0.008744	0.013122	-0.004031	0.023944	-0.012057	0.023278	0.009238	0.005057	-0.001456	0.009777	0.005107	0.019279	0.007471	0.010081	0.002000	0.003429	0.009242	-0.010695	-0.005360	0.014915	0.008802	0.005260	0.007133	0.008507	0.002074	-0.003454	0.008127	-0.000215	0.009657	-0.009357	0.013345	0.010720	0.010693	0.016955	0.026404	0.018258	-0.013675	-0.008596	-0.002900	0.004719	0.009910	-0.001888	0.007714	0.001416	-0.003598	-0.010873	-0.006819	-0.008171	-0.003615	0.016407	0.001000	0.031031	0.010379	0.006584	-0.002080	0.011414	0.000715	0.010149	0.032863	0.009198	0.018305	0.001071	0.011077	0.024555
0.000235	0.026883	0.015778	0.002610	0.011816	0.017017	0.012856	-0.009654	-0.001041	0.006867	0.007320	0.013665	0.008191	-0.004686	0.009296	0.010305	0.014500	0.018079	0.018367	0.013771	0.006401	-0.008933	0.010981	0.008935	0.011424	-0.006581	-0.003730	0.018743	0.007178	0.013897	0.006850	0.006990	0.017373	0.001578	0.009652	0.004503	0.001579	0.005434	0.008738	0.001187	0.018219	-0.002810	0.003729	0.003953	0.018488	0.010498	0.017219	-0.006261	0.008502	0.015968	0.009202	0.016365	0.002142	0.021639	0.030182	0.002302	0.001681	0.023695	0.024946	0.003401	0.003499	0.004879	-0.001895	-0.004036
-0.001941	0.001372	0.006673	0.012434	0.022656	0.002228	0.019008	0.006438	0.006947	0.013124	-0.006116	0.011582	0.010129	0.015510	0.011809	0.030690	0.001698	0.001034	0.001445	0.002720	0.002090	0.021031	0.023887	0.004599	-0.000103	0.007536	0.001889	0.014719	0.009901	-0.003724	0.022839	0.025616	0.000660	0.002415	0.012284	0.014477	0.015111	0.028167	0.008203	-0.000122	-0.005849	-0.003884	0.005472	0.025632	0.003933	0.012270	0.009038	0.018732	0.029560	0.002303	0.003049	0.017594	0.015400	0.028479	0.016227	0.005592	0.014998	0.019525	0.016970	0.014562	0.022302	0.023198	0.027539	0.016049
0.006114	0.010579	0.018798	0.001395	0.010620	0.006478	0.009193	0.018922	0.008666	0.009126	-0.005539	0.015134	0.014247	0.030159	0.003878	0.008725	0.012941	0.024212	0.009243	0.011664	0.014312	0.010912	0.002984	0.009416	0.019876	-0.002547	0.008595	0.003634	0.018096	-0.008071	-0.001194	0.011480	0.023681	0.007647	0.005055	0.025136	-0.009365	-0.015757	0.009143	0.001997	-0.001702	0.010591	0.006292	0.000677	-0.008712	0.012625	0.013493	0.005733	0.022465	-0.004164	-0.010160	-0.002493	0.004316	0.009634	0.006234	0.010638	-0.004317	0.020477	0.007655	0.017149	0.011946	0.012354	0.018043	0.013169
0.013223	0.021282	0.008955	0.015544	0.006957	0.021569	0.001752	0.023616	0.003463	-0.007333	0.004290	0.001517	0.014369	0.003223	-0.000932	-0.014654	0.000328	-0.020878	-0.007887	0.014876	0.016475	0.012034	-0.003794	0.001443	0.004933	-0.008862	0.019545	0.018611	0.008396	0.009014	0.005132	-0.014891	0.004476	-0.000919	-0.000550	0.005849	0.024744	0.015486	0.001585	0.010066	0.022223	0.014946	0.006039	0.001866	0.014011	0.011798	0.016176	0.014898	0.017852	0.003369	0.019831	0.010240	0.027760	0.003211	0.025299	0.011956	0.002772	0.003279	0.004968	0.011758	0.015062	0.005176	0.012528	0.029228
0.024307	0.013905	0.007962	0.012185	0.011594	-0.002485	0.003578	-0.008857	0.012259	0.014404	0.002807	0.022934	-0.005193	-0.007245	0.007294	0.015565	0.025989	0.006423	0.020701	0.008781	0.006231	0.016162	0.012994	-0.007052	0.025039	0.020633	0.003214	0.013364	0.013422	0.008980	-0.000226	-0.000047	0.008306	0.019224	0.014914	0.005955	0.011000	-0.019987	0.015171	-0.011985	0.001726	-0.007361	-0.006531	0.016432	-0.000068	0.007413	0.007462	0.010836	0.004502	-0.006846	0.014487	0.000459	-0.010505	0.002866	0.022022	0.014554	0.003858	0.004075	0.005099	0.027187	0.011883	0.011307	0.021633	0.011046
0.004506	0.004205	0.004818	0.006813	0.012934	0.007648	0.013630	0.004296	0.006188	-0.012538	0.012836	0.010542	0.015821	-0.017912	0.026526	0.005570	0.020445	-0.002445	0.014287	-0.002870	0.003289	0.026141	0.008029	0.010773	0.019925	0.011876	0.010121	0.013072	0.033237	0.010999	0.009274	0.019801	0.021603	0.020849	0.017840	0.000310	0.023618	-0.001953	0.010093	0.002055	0.008073	0.009721	0.010657	0.012597	0.023137	0.012169	0.005338	0.017264	0.015983	-0.004924	0.012300	0.012145	0.004671	0.020166	0.005247	0.006649	0.003566	0.005420	-0.004671	-0.007194	0.022716	-0.000680	-0.000933	-0.015541
-0.001966	-0.003069	0.022172	0.016632	0.002089	0.032827	0.019021	0.002969	-0.018843	0.028152	-0.006205	-0.007968	0.018043	0.035496	0.020990	0.009921	0.011633	0.015462	0.015547	0.009688	0.008830	0.009421	0.000729	0.002129	-0.010735	0.002979	-0.003813	-0.003257	0.009404	0.021105	0.013258	-0.011001	-0.005077	0.013114	-0.002261	0.004318	0.010506	-0.000645	0.006114	-0.008746	0.000075	0.005965	-0.011291	0.009656	0.005035	0.012119	0.008372	0.018712	0.004538	0.001803	0.005274	0.009869	0.005580	0.007440	0.000466	-0.000493	-0.007516	0.022206	-0.003848	-0.000174	0.001503	0.017452	0.009003	0.017328
-0.000122	0.010430	0.001140	0.029167	-0.000687	0.013864	0.014770	0.009643	0.004005	0.008172	0.006796	0.008773	0.017682	0.031465	0.001359	-0.007330	0.009314	0.032793	0.003246	0.024301	0.024388	0.005210	0.013046	0.021038	0.003772	0.003498	0.001124	-0.001109	0.000420	-0.004077	0.005643	-0.000788	0.008372	-0.009032	0.010618	0.014763	-0.014262	0.010290	0.017029	-0.006735	0.021844	0.007108	-0.002425	0.005893	0.009765	0.008635	0.012914	-0.001391	0.005878	-0.008635	0.002774	-0.003758	0.000786	0.021559	0.020263	0.012572	-0.005018	0.003235	0.019563	0.011186	0.031015	0.013678	0.014005	0.004701
0.006872	0.005554	0.013513	0.018689	-0.001039	-0.006002	-0.011656	0.009226	-0.007029	-0.014413	0.010398	0.032918	0.007306	0.015251	0.005225	0.002573	0.016607	0.003374	0.011865	0.012255	0.002680	0.018101	0.004781	-0.001361	0.014817	-0.002029	0.007962	0.009409	0.018219	0.013315	0.004971	0.014315	0.022683	0.013465	0.010059	-0.004312	-0.006061	0.002041	-0.001345	0.004480	0.007111	0.010883	0.006437	0.011494	0.003306	-0.015248	-0.005004	0.004143	-0.006650	0.013067	0.022993	0.018051	0.003939	0.019480	0.007008	0.002512	0.000101	0.004316	0.004976	0.010089	0.009156	0.007038	0.014239	0.018229
0.014730	-0.007124	-0.020039	0.011842	-0.009491	0.001735	-0.008620	-0.013056	0.010708	0.013166	-0.003142	-0.020650	-0.001770	0.008552	-0.010758	0.005381	0.006733	0.012435	0.008963	-0.002950	0.016374	0.005179	0.005207	-0.003210	0.002664	-0.003569	0.005653	0.024849	-0.004820	-0.008725	0.019277	0.004444	0.000970	0.015780	0.005879	0.027974	0.012284	0.001593	0.026414	-0.000297	0.015046	0.009748	0.021304	0.024679	0.004824	-0.001286	0.011209	0.000595	0.024255	0.009291	0.005307	0.009051	-0.007545	-0.004188	0.016301	-0.000374	-0.001427	0.012026	0.017698	0.014609	0.014964	-0.002436	-0.005149	0.018926
0.003897	0.007751	0.022950	0.015220	0.012994	0.031592	0.003189	0.014392	0.004695	0.011009	0.023443	0.014403	0.014819	0.020745	0.002965	-0.002516	-0.002207	-0.011553	0.029379	-0.000721	0.005311	0.006820	0.011049	0.014562	0.018094	0.000519	0.007418	0.010786	0.006464	0.024914	0.012296	0.016087	0.017502	0.020628	0.013063	-0.001381	0.010064	0.004534	0.002978	0.012806	0.019496	0.008374	0.011036	0.025569	0.009988	0.032246	0.011746	-0.009401	0.013346	0.012418	0.022166	0.015373	0.003443	-0.004264	0.005034	-0.003327	0.001833	0.015830	0.027707	0.013842	-0.003014	0.012723	0.022289	0.000663
0.004593	0.007520	-0.000064	0.013529	0.005327	0.012863	-0.002158	-0.001072	0.011794	0.006044	0.022748	0.005942	0.009513	0.017720	-0.008980	-0.011557	-0.003100	0.020470	0.006899	0.033496	0.003670	0.010800	0.021657	0.025870	0.029505	0.019581	0.019861	0.017687	0.016951	0.004037	-0.001697	0.009465	0.006904	0.002500	0.017858	0.019158	0.009055	0.021622	-0.005037	0.005400	-0.000323	-0.013454	0.004430	0.005882	0.020253	0.014261	-0.001107	0.025767	0.016387	0.010313	0.002852	-0.006037	0.001864	0.019353	0.026967	0.022994	0.000730	-0.003909	0.006611	-0.011155	0.009183	0.007517	0.006000	-0.008819
0.010543	0.001198	-0.010012	-0.022995	0.004873	0.027802	0.023829	0.001130	-0.001303	0.010110	-0.007212	0.007581	0.014470	0.021175	0.006615	0.002914	-0.003064	-0.003682	0.002561	0.009920	0.016137	0.002009	0.020760	0.003061	0.004471	-0.006071	-0.017165	0.014855	0.015357	0.005304	0.006032	0.010834	-0.010788	-0.000966	0.013920	-0.004822	0.008644	-0.005903	0.008244	0.004897	-0.011488	0.013570	-0.002538	-0.002759	0.006643	0.016039	-0.005019	0.003883	0.006469	0.012514	0.005715	-0.000461	-0.003027	0.007571	-0.004675	-0.025125	0.008936	0.013225	-0.017942	-0.007446	0.011959	0.028287	0.010152	-0.002254
0.008651	0.022240	-0.000249	-0.001303	-0.000431	-0.002998	0.007769	0.022976	0.011832	0.005550	0.001065	-0.008354	0.013586	0.006080	0.007240	0.038353	0.012703	0.000772	0.004663	0.018705	0.008892	-0.005865	0.015581	0.003021	0.027393	0.017120	0.004219	0.021205	0.009196	0.017715	0.012053	0.000639	0.004100	0.019314	0.006846	0.004469	-0.002860	0.013240	0.027331	-0.002717	0.010633	0.021441	0.007245	0.011561	-0.005387	0.010571	0.007001	0.017398	0.019491	0.035702	0.016079	0.011571	0.006808	0.002605	0.009248	0.004512	0.010454	0.023516	-0.000052	0.017879	0.019705	0.004913	-0.010867	0.000840
0.020180	0.006813	-0.003035	0.003475	0.015407	0.016189	0.006086	0.002904	0.002291	-0.000475	0.020487	0.006035	0.020821	0.026661	0.016354	0.001966	0.013100	0.007048	0.000862	0.010948	-0.001822	0.020717	0.005536	0.010240	0.012065	0.003082	0.013527	0.005810	0.016725	-0.002367	0.009005	0.027835	-0.000560	0.000250	0.016546	0.012935	0.010589	0.012302	0.014555	0.018680	0.009065	0.002569	0.013944	0.027328	0.004803	-0.002077	0.018170	0.006693	-0.015967	0.013198	0.002129	0.006114	0.007624	0.009355	0.014167	0.001250	0.011828	0.005357	0.013907	0.013134	0.000004	0.018545	0.005866	0.014338
0.010121	0.024360	0.005463	0.004329	0.005560	0.004555	0.012757	-0.009495	-0.005726	-0.001769	0.016210	0.024431	0.007229	0.006492	0.005205	0.014844	-0.000958	0.008788	0.019318	0.014758	0.011000	0.017903	-0.016958	0.011558	0.002623	-0.011745	0.013247	0.022027	0.007536	0.019501	0.022437	0.020908	0.024562	0.014705	0.011617	-0.005537	0.002196	0.000657	0.026720	0.006698	0.006873	0.010357	0.007772	0.022382	-0.002368	0.005880	-0.001017	-0.006074	-0.001475	0.005108	0.001272	-0.002433	-0.010357	0.004141	-0.009943	0.010835	0.006162	-0.007150	0.002190	-0.001100	0.008502	0.017391	-0.008847	0.005726
0.005897	0.014823	0.007120	-0.001815	-0.000987	-0.001428	0.016764	0.007099	0.023226	0.007389	-0.003069	-0.010219	-0.013726	-0.009433	0.006838	0.010754	-0.009323	0.013346	0.003359	0.007285	0.021907	0.016176	0.004542	-0.003814	-0.015512	-0.004497	0.001887	-0.001453	0.005989	0.007458	0.002649	-0.002509	0.007835	0.009925	-0.002134	0.020075	0.004399	0.007576	0.012863	0.006550	0.015823	0.007086	-0.001842	0.009013	-0.006960	0.006193	0.006476	0.004625	0.003319	-0.012566	-0.002083	0.005421	0.005206	-0.002957	0.019045	-0.003027	0.015065	0.010413	0.001143	0.021183	-0.004281	0.014685	0.020895	0.001042
0.020028	0.005450	0.009305	0.010129	0.003227	0.014862	0.013427	-0.011078	0.017380	-0.006608	0.016235	0.018465	-0.004914	0.001991	-0.008483	0.001802	0.007355	0.016361	0.022780	0.021573	0.001344	0.004513	-0.011653	-0.002639	0.019345	0.022660	-0.002540	0.002925	0.006917	0.009585	-0.003729	0.010344	0.004745	0.007761	0.014443	0.006527	-0.000751	0.006280	0.004832	0.002556	0.004563	0.020346	0.011338	0.002588	0.009176	0.003149	0.020010	0.012290	0.005583	0.010327	-0.010954	-0.009625	-0.009189	0.007415	0.025781	0.029660	0.012515	0.010842	-0.012388	-0.001880	-0.003107	0.000297	0.009718	0.002562
-0.010943	0.015966	-0.003657	0.010951	0.024809	-0.002157	-0.018452	0.000096	0.016173	0.027558	-0.004548	0.013114	0.002951	0.006893	0.028717	-0.008530	0.012215	0.013031	0.019924	0.009635	0.011237	0.004417	0.009549	0.003115	0.015272	0.002208	0.011765	0.009183	0.018396	0.009094	-0.009354	0.018266	-0.001204	-0.000077	0.005159	0.021464	-0.012210	0.037858	0.016928	0.007973	0.005791	0.008345	0.011789	0.013760	0.009753	0.008325	0.004962	0.005589	0.003457	0.017363	0.011505	-0.022391	0.009734	0.007719	0.005526	0.001651	0.017715	0.016984	-0.000574	0.009234	-0.001005	-0.007943	0.002292	0.013483
0.016881	0.014222	0.013406	0.013121	-0.000070	0.011824	0.014526	0.013276	0.016296	0.015581	0.010109	0.017899	0.004646	-0.001833	0.003436	-0.002327	0.001171	0.005567	0.000630	0.001880	-0.012554	0.006455	0.005178	-0.003430	0.013433	0.011890	-0.008888	-0.001706	-0.003789	-0.002418	0.013051	0.003380	0.001108	-0.013917	0.014373	-0.003963	0.005271	0.010160	0.018741	-0.008643	-0.024895	0.004766	0.024258	0.020503	0.007406	0.002335	0.012896	-0.005822	0.007192	0.012007	0.019210	0.033921	0.008913	0.001771	0.005761	-0.013357	-0.000603	0.003835	0.003346	0.009373	0.000230	0.017637	0.010111	0.005946
0.002287	0.010376	0.013340	-0.001583	-0.001912	0.003496	-0.008185	-0.004382	0.000505	0.015477	0.007829	0.008604	0.014737	0.007449	0.008824	0.004450	0.010199	0.000240	-0.016579	0.005352	0.022025	0.019635	0.017831	0.018470	0.008043	0.005581	-0.001978	0.003140	0.013940	0.020294	0.003927	0.002947	0.007588	0.011430	-0.007390	-0.016458	-0.000821	-0.005576	-0.000184	0.003822	0.003458	0.019716	0.007469	0.007961	0.008742	-0.006574	0.015019	0.006827	0.011060	-0.003541	-0.009651	0.011593	0.007348	-0.003757	-0.002514	0.016885	-0.005341	0.021399	-0.002041	0.011297	0.003455	0.010137	0.003017	0.003143
0.008891	-0.000513	0.013122	0.001777	0.001824	-0.004343	-0.020580	0.003539	0.030663	0.016618	0.005937	0.003986	0.006038	0.011800	-0.006946	0.017571	0.017252	0.017268	0.013333	0.007489	0.013643	0.013481	0.003420	0.002775	0.011383	0.021038	-0.006078	-0.006863	0.008699	0.006769	0.007004	0.010058	0.008012	0.021927	-0.008219	-0.002473	0.002782	-0.009383	0.004539	0.021627	0.007395	0.007221	-0.007572	-0.001269	-0.000033	0.000987	0.018337	0.012544	-0.005807	0.008105	0.012136	0.016512	0.018950	-0.004587	-0.002819	-0.006589	0.005080	0.012141	0.017263	0.006207	0.004944	0.006084	0.000890	0.025039
-0.010225	0.010353	0.025746	0.007633	0.002706	0.003243	0.004246	0.016750	-0.014956	0.020352	-0.006901	0.003991	0.001921	0.011660	-0.010574	0.008181	0.027579	-0.004231	0.009379	0.000150	0.010122	0.008213	0.000180	0.011724	0.026860	0.005001	0.013593	-0.004546	-0.002375	0.013041	0.020212	0.012875	0.005684	0.006812	-0.001036	0.012529	0.012892	0.003517	0.001844	0.008002	0.001537	0.005874	0.026662	0.005265	-0.000195	-0.000926	0.012122	0.005039	-0.001145	0.020970	0.021623	-0.001208	-0.015113	0.013188	-0.000219	0.014025	-0.012892	0.015913	-0.002759	0.011880	0.005634	-0.003061	0.005549	0.012360
0.007647	0.016477	0.026264	-0.005875	0.019852	0.007106	-0.004350	-0.008468	0.003903	0.016692	0.004740	0.021460	-0.006161	0.006746	-0.007330	0.006970	0.015552	0.002844	-0.017780	0.008497	0.011409	0.012147	0.017508	-0.004521	0.014274	0.015221	-0.012204	0.009089	0.002031	0.006378	0.009183	0.001928	0.000054	0.005673	-0.002511	-0.003784	0.010907	-0.003090	0.011786	0.009511	-0.011378	-0.001731	0.016435	-0.003185	-0.000934	0.008619	0.013383	0.004193	-0.000087	0.022060	0.026208	0.014663	0.004497	-0.003176	-0.002543	0.010913	0.011190	0.023809	0.015496	-0.007682	0.016589	-0.004058	0.004257	0.008135
0.028973	0.040622	0.015926	0.008709	0.012665	0.016938	0.004588	0.022901	0.009985	0.017071	0.015652	0.014481	0.016450	0.002942	-0.000872	-0.005424	0.014238	0.018065	0.016510	0.025133	0.008891	0.013689	-0.003832	0.002266	0.017075	0.015173	0.006760	0.008287	-0.007364	0.004592	0.014003	0.013549	0.012280	0.008500	0.009503	0.000666	0.012152	0.012478	0.011845	0.001731	-0.013692	0.013633	0.000984	-0.002087	0.010936	0.002701	0.016504	0.012090	0.009954	-0.006860	0.016725	0.007757	0.000748	0.007589	-0.010755	0.008438	-0.003248	-0.005091	-0.006882	0.016746	0.002596	0.021998	0.004187	-0.009756
-0.005945	0.018612	0.004782	0.001600	0.006696	0.012261	0.018585	0.018991	-0.000512	-0.006694	-0.000702	0.007997	-0.003881	-0.001724	0.007329	0.002928	0.004331	-0.002881	0.003920	-0.003229	0.014889	0.015957	-0.012380	-0.006126	-0.009541	-0.004583	0.003010	-0.007701	-0.002661	-0.001874	0.004629	0.004419	-0.000733	0.005831	0.003499	0.004512	0.020748	0.020009	-0.006389	0.012034	0.013128	-0.006217	0.013344	0.020820	-0.004940	-0.001895	0.014981	0.010356	0.010704	0.010421	0.010314	-0.006451	0.015685	0.017621	0.005743	0.005754	-0.009568	0.011991	0.012555	0.005468	0.019758	0.005595	0.015646	-0.003647
0.006155	0.005375	0.006296	0.002822	0.004157	0.016702	0.002388	-0.009915	0.023022	0.019472	-0.008173	0.012013	0.002352	0.010635	0.008495	0.004738	0.001594	-0.000547	-0.002266	-0.001026	0.005963	0.001941	0.014892	0.020895	0.003668	0.007594	0.011786	0.013278	0.009720	0.016570	0.012029	-0.001855	0.016723	0.015363	0.003756	0.009970	0.013486	0.007883	0.017977	0.030355	-0.000904	-0.007316	0.009715	0.014053	0.004285	0.020656	-0.005244	0.014307	-0.000860	0.022490	0.026506	-0.001178	-0.000723	0.016078	0.002581	0.005053	0.005905	-0.011036	0.006015	-0.001633	0.002287	0.021757	-0.001527	0.012980
0.004271	0.006422	0.015570	0.011609	0.009135	0.016078	0.003193	0.000404	-0.005899	0.000560	0.035918	0.020827	-0.007362	-0.006241	0.008259	0.008208	0.014056	0.007341	0.010903	0.011638	0.005088	-0.014614	0.004012	-0.001555	0.013683	0.034820	0.013054	0.006059	0.016651	0.011303	0.009242	0.012863	0.030177	-0.000081	0.013124	-0.000908	0.008550	-0.002510	0.002299	0.004029	0.018134	0.014694	-0.006780	0.005048	-0.003112	-0.008058	0.001884	0.003040	0.030283	0.011057	-0.007314	-0.001063	0.012934	0.024635	-0.008801	-0.010669	0.025479	0.012034	-0.001012	0.010023	-0.018962	0.006587	0.013390	0.015771
-0.002116	0.008743	-0.002225	0.008657	-0.003203	0.003482	-0.000902	0.012726	0.014315	0.005226	0.005011	-0.006929	0.001506	0.007565	0.030652	-0.001906	0.025186	0.018092	0.012001	0.023572	0.009899	0.011209	0.008574	0.020360	0.019949	0.000177	-0.005917	0.004547	-0.001199	0.007755	0.017968	0.004255	0.006681	0.006760	0.014225	-0.015554	-0.002885	0.008625	0.016702	-0.000750	-0.012912	0.009661	-0.002153	-0.007751	-0.003331	0.003068	-0.000553	-0.016110	0.013445	0.019266	0.012704	-0.005938	0.002520	0.007015	0.013048	0.012434	-0.000365	0.008357	0.012577	0.021024	0.014605	0.014523	0.013053	0.021582
0.011219	0.000603	0.021151	0.016189	0.002214	0.003826	0.009406	0.009714	0.008375	0.012191	0.023644	0.019695	0.008764	0.015900	-0.004582	0.008497	0.025388	0.007402	0.002007	0.001967	-0.003716	0.000188	0.001560	-0.006851	0.009409	0.014020	0.000013	0.022039	0.012570	0.016758	-0.001040	0.014042	-0.002487	0.014878	0.011363	0.012974	-0.005730	-0.001308	0.010255	-0.003966	0.009245	-0.008681	0.011464	-0.006437	0.009040	0.010108	-0.000050	0.011580	0.006606	-0.000536	-0.005744	-0.015758	0.006260	-0.008518	0.006700	0.003234	0.011686	0.003427	0.003720	0.012557	0.010544	0.009047	0.014363	-0.007557
0.016362	0.013244	-0.002382	0.004959	0.006675	0.008878	0.015191	0.023878	0.019297	-0.003712	0.011524	0.020942	0.011993	0.021934	0.028842	0.020339	0.015520	0.017356	0.010288	0.007748	0.006496	0.024886	0.003649	0.025331	0.016199	-0.006686	0.010176	-0.008482	0.016296	0.019096	0.002841	0.012597	0.028339	0.003752	0.002752	0.025296	0.026961	0.010178	0.019052	0.021933	0.000523	0.000887	0.018618	0.026783	0.013427	0.000633	0.027460	0.004051	0.001502	0.010199	0.022233	0.016189	0.010889	0.012757	0.009635	0.012787	-0.015772	0.004746	0.010167	-0.003402	0.012879	0.008691	0.029507	0.024279
0.002634	0.005507	0.004194	0.001910	0.006471	-0.000954	-0.004590	0.011708	0.009839	-0.000584	0.012117	-0.000105	0.006283	0.013026	0.003557	0.008921	0.001423	0.003583	0.005886	-0.001683	0.003405	-0.009147	-0.001942	0.000619	0.003254	0.000699	0.004845	0.010706	0.013993	-0.000992	-0.009155	-0.007000	0.000367	0.001130	-0.001083	-0.007374	-0.000392	0.006554	0.008019	-0.002772	0.000794	-0.004921	0.002737	-0.004899	0.006727	-0.013898	0.000618	0.008078	0.007863	0.032449	0.009739	-0.005402	0.003230	-0.012911	0.004476	-0.001340	0.014874	0.002557	0.005190	-0.000519	0.023389	0.003954	0.028004	0.015698
0.009601	0.012098	0.010270	-0.011441	0.002628	0.015817	0.004709	-0.009669	0.005632	0.025872	0.019219	0.007198	0.015914	0.005138	-0.011797	-0.005572	0.022481	0.006181	0.007233	0.004808	0.026922	0.025096	0.028158	0.004574	0.008714	-0.010339	0.020125	-0.002351	0.009477	-0.001544	-0.000294	-0.001577	-0.000065	-0.000940	0.004758	0.014793	-0.005183	0.008625	0.015849	-0.000245	-0.001463	0.002074	0.016243	0.007971	-0.001564	0.009395	-0.003964	0.011555	0.006476	0.000719	-0.004250	-0.005752	0.008099	0.018232	0.000961	0.009864	-0.014878	-0.000663	0.004109	-0.005427	-0.003750	0.000360	0.011204	0.002685
-0.015637	-0.015764	-0.002823	0.006531	-0.022564	0.000785	0.003450	0.019637	0.001800	0.008732	0.003517	-0.015505	0.010163	0.008905	0.011690	0.045168	-0.011496	0.021994	0.004653	0.007488	0.005341	0.003916	0.001644	0.011657	-0.007010	0.012732	0.003360	-0.002699	0.003283	0.020121	0.001167	0.011147	0.001086	0.015501	0.016684	0.024995	0.004257	0.014598	0.007954	0.019020	0.000749	0.012746	0.005300	0.006270	0.005674	0.010553	0.006806	0.010404	0.021420	0.017411	0.013623	0.000121	-0.003300	0.015895	0.017025	0.022044	-0.000093	0.002991	-0.009323	-0.000030	0.014342	0.003322	0.016760	0.005125
0.007306	-0.003841	0.004685	-0.021677	0.002585	-0.008035	0.019229	0.012137	0.008493	0.019674	-0.003863	0.022351	0.016171	0.005595	0.017371	-0.003853	-0.002438	0.000548	0.000667	-0.004265	0.018508	0.007216	0.010675	0.000069	-0.011034	0.003833	-0.013042	0.004356	-0.005304	0.028310	0.015929	0.007525	0.017033	-0.002746	0.013368	0.008771	0.008177	0.023553	0.016055	0.009531	-0.010407	-0.006605	0.003471	0.007307	-0.004477	0.031222	0.023465	0.012732	0.002574	0.001739	-0.005056	0.005656	0.006045	-0.005578	0.010423	0.002801	-0.014284	-0.003788	0.002342	0.022314	0.012121	-0.007746	0.011626	-0.010718
0.015229	0.001168	0.005335	0.019504	-0.007309	-0.008606	-0.000574	0.015687	-0.012410	-0.023215	-0.000753	0.011909	0.015501	0.001507	-0.000965	0.014208	-0.013360	-0.000565	0.009289	0.011327	0.001866	0.006294	-0.019387	-0.004305	0.010061	-0.005539	0.006128	0.012609	0.003481	0.006876	-0.007033	0.001127	0.013327	0.007840	0.002636	0.008613	0.009987	-0.013546	0.014772	0.001228	0.009283	0.014696	-0.009270	-0.002242	0.000148	-0.003026	0.021742	-0.002033	-0.000584	0.007646	-0.005697	0.000368	0.007353	0.001993	0.004630	0.000080	-0.007944	0.009124	0.023329	0.007590	0.008716	0.011778	-0.001393	0.021677
0.010554	0.023103	-0.000536	0.024407	0.012949	0.014257	0.009427	0.004494	0.019033	0.008650	-0.015783	-0.003692	0.005064	0.012054	0.005633	0.019242	-0.008391	0.006553	-0.010776	0.014248	0.006789	0.013473	0.001643	0.019905	0.018782	0.010689	0.005139	0.014234	0.001666	0.016204	0.022098	0.019513	0.000713	0.009110	-0.002876	0.013485	0.009840	-0.010874	-0.004089	0.004292	0.002923	-0.007438	0.007685	0.008843	0.003108	-0.001879	0.015895	0.024056	0.000659	0.000163	0.010051	0.000370	0.001302	0.013524	-0.010050	0.019342	0.007666	0.003375	0.005571	0.004981	-0.007889	0.022591	0.011850	0.012450
0.015236	-0.003407	0.006101	0.002006	0.010198	-0.016142	0.003011	-0.000528	0.006517	0.009977	-0.004167	-0.003677	0.000598	-0.004166	0.011797	0.001949	-0.022291	-0.000212	-0.005101	-0.013749	-0.008752	0.005950	0.018055	0.006857	-0.001366	0.005342	-0.001009	-0.003035	-0.008881	-0.012155	-0.000197	0.004759	0.003120	-0.000446	-0.001344	0.010918	-0.008211	0.012114	-0.005685	-0.004575	-0.010428	-0.001177	0.013349	0.011297	0.014929	0.011789	-0.005755	0.001084	-0.002359	0.016133	-0.006098	0.011526	0.014577	0.022826	0.002039	0.011447	0.027734	-0.000880	-0.010458	-0.014230	0.012986	-0.012882	0.004718	0.010785
0.010378	0.013418	0.010822	0.020777	-0.001997	0.001679	0.000292	0.015424	0.015525	0.013312	0.017424	-0.002292	0.022790	0.025313	0.016010	0.025252	-0.007474	0.000448	0.001545	0.015695	0.000235	0.017332	0.023207	0.014922	0.008504	-0.005432	-0.001859	0.022223	0.017163	0.007879	0.001579	-0.012229	-0.001670	0.025534	-0.003339	0.011845	0.017044	-0.004073	0.008028	0.013295	0.008164	0.032698	-0.010158	0.017371	0.005899	0.015271	0.011418	-0.000053	0.006400	-0.011785	0.011540	0.010786	0.013700	0.018542	0.011207	0.007006	-0.000784	0.001079	0.020830	0.022570	0.006343	0.008368	0.002799	0.018414
0.013738	0.026096	-0.003131	0.004874	0.009927	0.015238	0.004779	-0.002209	0.014407	0.015329	-0.003823	0.020091	0.018417	0.011185	0.006034	0.009678	-0.000412	0.004870	-0.013385	0.013413	-0.005790	0.023081	0.004011	0.002947	0.001390	0.001604	0.017988	-0.014564	0.019501	0.011887	-0.006810	-0.004798	0.022721	-0.001974	-0.001531	0.017632	0.009617	-0.001118	0.006278	-0.003564	0.021121	0.016473	0.011307	0.011154	0.022583	0.006508	-0.003894	0.013668	0.027935	-0.002196	0.001316	0.009186	0.006353	-0.001323	0.017972	0.030541	0.009566	-0.001792	-0.008896	0.008558	0.019310	0.013505	0.011301	0.002683
-0.005518	0.014883	0.015542	-0.004112	0.023165	0.014697	0.018820	-0.008360	-0.009436	0.008225	0.011870	0.026101	0.014936	0.007081	-0.005327	0.013210	-0.002495	0.022315	0.007839	0.023987	0.014821	0.005079	-0.000110	-0.000332	0.008189	0.003789	-0.000861	0.005121	0.006280	-0.012886	0.007195	-0.005560	-0.006360	-0.013134	-0.011914	-0.008683	-0.001146	0.026277	-0.000834	0.004084	0.007384	0.003389	0.001894	-0.006454	0.020058	0.025689	-0.009290	-0.004324	0.002088	-0.004755	0.009027	-0.001812	0.028760	0.021163	0.009719	0.014594	0.014309	0.000228	-0.000910	0.007322	0.018666	0.009684	-0.005086	-0.002521
0.007607	0.008949	0.024963	-0.006599	0.010028	0.021098	0.028832	0.003830	0.011554	0.015559	0.008648	0.006652	0.011265	-0.015309	0.012621	0.006874	0.008749	0.028139	0.003165	0.003917	0.027388	-0.001138	0.001507	0.005236	0.016442	0.008170	-0.004920	0.003736	0.003023	0.007767	0.010303	0.012817	-0.006647	0.018008	0.015589	0.024081	0.012048	0.018397	0.010923	0.019211	0.011327	0.005508	0.030569	0.019578	0.010416	-0.006202	-0.006992	0.009002	0.005625	0.001003	0.010333	0.022223	0.010849	-0.006303	0.002406	-0.002726	0.002872	0.002953	0.002744	-0.006031	0.005589	-0.000537	-0.018710	0.023761
0.017587	0.001540	0.004050	-0.004274	0.021666	0.028115	0.010842	0.016719	0.008421	-0.006620	-0.001446	0.005870	0.002167	0.006232	0.006232	0.006466	0.007309	-0.006542	-0.001452	-0.006611	0.013764	-0.011177	0.020260	0.020868	0.002640	-0.023744	0.000163	0.005272	-0.002232	0.002572	0.021844	0.015874	-0.001987	-0.011884	0.003705	0.004580	0.010841	0.002720	0.013535	0.024602	0.012987	0.002446	0.001990	0.003269	0.017676	0.001463	0.007373	0.007413	-0.000238	-0.008343	0.006787	0.004316	0.010445	0.003566	0.018861	-0.003198	0.021252	-0.011304	0.010176	0.009419	0.000563	0.012430	0.022618	-0.013311
0.011074	-0.017443	-0.002831	0.024854	0.001975	-0.003143	0.008247	0.027613	-0.011220	-0.004428	0.019021	0.026756	0.005645	-0.002909	0.027782	0.022589	0.014126	-0.000675	0.009053	0.007120	0.010411	0.021887	0.016075	-0.003002	0.021497	0.009017	0.014779	0.023139	-0.001213	0.007791	-0.001512	-0.008528	0.012698	0.031099	-0.008226	0.008488	0.012155	0.008647	0.004535	-0.007143	0.008906	-0.002369	-0.017243	0.017735	0.016371	0.007437	0.009359	0.016723	0.006731	0.014669	0.003450	0.018685	0.011914	0.009767	-0.004459	0.008907	-0.002101	-0.000744	-0.002014	-0.001379	0.029928	0.022648	0.030022	-0.002890
0.007940	-0.005935	-0.001402	-0.001904	0.016337	0.005038	0.018048	0.012761	0.026420	-0.006323	0.017707	0.018546	-0.001841	0.017108	0.009191	0.005360	0.001345	0.000790	0.028648	0.009736	0.014900	0.000590	-0.000281	0.016605	-0.005696	0.000090	0.009301	0.010359	0.006407	0.011179	0.011164	0.013026	-0.002013	0.003732	0.021141	0.017153	-0.009351	0.009281	-0.013130	0.004690	0.022740	-0.004192	-0.001529	0.013669	-0.011817	-0.001920	0.010651	0.000356	0.003083	0.013025	0.009823	0.007458	-0.000235	0.008040	0.006161	0.009727	0.000653	0.003552	-0.002685	0.004627	-0.001375	-0.004470	0.012329	0.009083
0.014895	0.003062	0.010949	0.015802	0.011168	-0.000173	0.007612	0.009168	0.006409	-0.013157	0.007227	0.030075	0.004704	0.002032	0.011537	0.010069	0.019780	-0.004384	0.016235	0.015294	0.007297	0.012477	0.020453	0.016334	-0.002424	0.012056	0.008195	0.011522	0.010337	0.008804	0.020760	0.008490	-0.002564	0.003428	0.013427	0.023312	0.014308	0.002408	0.033407	0.009786	0.018590	0.004340	0.012887	0.018860	0.020906	0.019242	0.017252	0.004865	-0.000593	0.009654	0.017189	0.006610	0.018164	0.022560	-0.002076	-0.003786	0.005165	0.010496	0.004222	0.021840	0.013724	0.007834	-0.005684	-0.007417
0.008897	-0.013938	0.013702	0.005619	0.037116	0.032188	0.005540	0.005331	0.014825	0.020682	-0.012163	-0.013121	0.000120	0.015286	0.011236	0.017429	-0.005676	-0.017135	0.012272	-0.004620	-0.015349	0.009474	0.016341	0.006110	0.000979	-0.000155	-0.000492	-0.009138	-0.001728	0.011492	0.009011	0.007128	-0.003116	0.001406	-0.015413	0.005118	0.017293	-0.004968	0.001556	0.007458	0.018356	-0.000335	-0.005224	-0.014558	0.007167	0.026701	0.009562	0.008036	0.009996	0.004211	-0.003116	0.010602	0.006891	0.006627	-0.002343	0.018157	0.012862	-0.000113	0.015683	0.000958	0.001059	0.000144	-0.006548	0.010507
-0.014973	-0.009032	-0.018111	0.003169	0.003719	0.003052	-0.006584	-0.009879	0.004888	-0.000688	0.004303	-0.003982	0.005862	0.018561	0.008065	-0.001743	0.005751	0.001639	0.005723	0.000828	0.003469	0.008496	-0.006313	-0.008545	-0.010305	-0.014578	-0.008265	0.006136	-0.002556	0.010533	0.000599	-0.018843	0.009024	0.009819	-0.003666	0.007465	-0.005170	0.006030	-0.010281	-0.015993	0.000971	0.001995	-0.001015	-0.006627	-0.000267	0.007601	0.003497	0.005550	-0.002758	0.014750	-0.007240	0.008107	0.017899	0.011232	0.003870	-0.001564	0.011514	-0.011040	-0.006346	0.001348	0.019995	0.010031	-0.001359	0.001013
-0.000685	0.000579	0.015207	-0.004304	0.020757	0.016358	0.017559	0.000417	0.000610	-0.007473	-0.000522	0.011938	0.019380	-0.002147	0.000915	0.001490	-0.007509	0.008702	0.000465	0.005897	0.003247	-0.000269	0.004149	0.001599	0.001562	-0.003992	0.009323	0.024397	0.009542	0.016241	-0.009429	0.004857	-0.005272	-0.009247	0.000725	0.019336	0.015391	0.009777	-0.012148	0.001281	0.007510	0.005247	-0.013292	-0.003142	0.002634	0.008302	-0.017590	0.003460	0.008012	0.016599	0.013527	0.010162	-0.004755	-0.013987	0.001576	0.014438	0.018594	0.015095	0.013431	0.009417	0.001532	0.006220	0.026552	-0.001584
0.022818	0.006270	0.017758	-0.006801	0.008989	0.000543	-0.006700	0.007415	0.017223	-0.000744	-0.009050	0.004197	0.005034	0.012507	0.015390	0.007327	0.027661	0.009936	0.004841	-0.008028	0.004650	0.005770	0.016985	0.014031	-0.001231	0.007117	0.014234	0.023197	0.016975	0.016589	0.007012	0.010247	0.017617	-0.005725	0.005826	0.001460	0.010116	0.018989	0.000654	-0.017601	0.004641	0.015282	0.011363	0.009697	0.001359	-0.006328	0.010902	-0.001195	0.026339	0.014181	0.001681	-0.000260	0.003006	0.003835	0.017136	0.008392	0.000705	0.025998	0.009150	0.012801	0.001507	0.009355	0.012762	-0.011299
0.026686	0.022397	0.003125	-0.003933	0.010359	0.010195	0.012214	0.008295	0.010225	0.023145	0.010986	-0.002450	0.021258	0.025526	0.036142	-0.004556	0.007874	-0.011538	0.011839	0.002039	0.025038	0.000710	-0.009975	-0.000009	-0.013400	0.007638	-0.013520	0.005699	-0.013457	0.003244	0.017208	0.006723	-0.004522	0.004801	0.007045	0.009179	-0.009075	0.011184	-0.022338	-0.004253	-0.000030	0.009815	0.004177	-0.007763	-0.005292	0.005455	0.001758	-0.000950	-0.000283	0.012486	0.001479	0.004737	0.025244	-0.007951	-0.012048	0.010304	-0.001167	0.004069	-0.000763	0.003336	0.025393	0.014566	0.016848	-0.007205
-0.004931	-0.022694	-0.004435	0.017616	0.012314	0.006823	0.006706	-0.001123	0.009009	0.012002	-0.012109	0.010965	0.016020	0.004789	0.012470	0.033528	0.008912	0.010811	0.001517	0.008784	0.012575	0.010109	-0.003087	0.009474	0.022578	0.010683	0.017465	0.006908	0.014786	0.011124	-0.004544	0.010185	-0.003447	0.000283	0.011145	0.009614	-0.006303	0.016338	0.010087	-0.002035	-0.010556	0.001238	0.001084	0.005725	-0.000135	-0.013272	0.002061	0.001692	0.009102	-0.000191	0.019970	-0.012901	0.015959	0.005295	0.015429	0.006373	0.015147	0.000239	-0.004449	0.019230	0.008573	0.010438	0.022513	-0.002394
0.013445	0.002040	0.005437	0.007396	-0.009546	-0.000203	0.020897	0.015801	0.005889	0.009813	0.003888	0.020070	0.003900	0.009061	0.016808	-0.000509	0.022981	-0.005497	0.025006	0.005197	0.004056	-0.012389	0.001413	-0.002227	0.003865	0.004904	0.017988	0.011836	0.010683	-0.003365	-0.003187	0.022883	0.001377	0.023322	0.009860	0.009925	0.017674	0.021425	0.005426	0.002070	0.004494	0.007691	0.014876	0.008465	0.013520	0.024134	0.011249	0.009584	-0.011111	-0.020930	0.009331	0.004319	0.001267	0.009430	0.006438	0.015554	0.006669	-0.001443	0.015837	0.004164	0.011672	0.001513	0.004569	0.008144
0.007112	0.009977	0.000113	-0.015366	-0.003607	0.012740	0.002726	0.003934	0.013911	-0.000010	-0.010327	0.001476	-0.002647	-0.003890	0.000371	0.009368	0.007661	0.010367	0.025601	0.002703	0.006713	0.000161	-0.003047	0.000148	0.003540	0.007881	0.027736	0.000675	0.001784	0.003068	0.006093	0.006231	0.016941	-0.018768	-0.016305	-0.000673	0.012433	-0.010595	-0.025968	0.006881	0.004295	-0.008566	-0.008737	-0.007399	0.003141	-0.004093	0.006298	-0.022698	-0.004169	-0.007860	-0.000392	-0.004737	0.007974	-0.013116	0.005270	0.009281	0.022825	0.000390	0.006531	-0.016544	-0.018622	0.012010	0.011076	0.018872
-0.004854	0.012648	0.025047	0.011566	0.008350	0.006991	-0.007642	0.018355	-0.000369	0.012719	-0.008652	-0.004115	0.019664	0.005444	0.019056	0.007219	-0.008512	0.015510	0.004338	0.014087	0.007240	-0.006780	0.010478	0.028266	0.012639	0.006307	0.017655	0.010436	0.008896	-0.003361	0.008446	0.017959	0.000769	0.021121	0.008638	-0.001086	0.014866	0.004961	0.013452	0.002491	0.003970	0.009124	0.005603	-0.014643	-0.007280	0.013650	0.004823	0.000921	-0.008625	-0.007238	-0.014834	0.001333	-0.003299	-0.004097	0.005105	0.007925	0.024974	-0.007457	0.018223	0.015489	-0.001217	0.006704	0.005962	0.008773
0.018597	0.012829	0.008687	-0.000626	-0.012422	0.002705	0.015790	-0.009589	-0.006587	0.005765	-0.006119	-0.003460	-0.001569	-0.008169	-0.006528	0.009056	-0.008266	-0.011103	0.000220	0.012654	0.003486	0.002037	0.004866	-0.013264	0.010663	0.006973	0.002212	0.016046	-0.004030	0.018200	0.005603	0.001402	0.008651	0.005216	0.020277	-0.003831	-0.003016	0.017650	0.000868	0.013796	0.021209	0.001924	0.011102	-0.005751	0.010730	0.009027	0.011560	0.002188	-0.010637	0.008674	-0.014861	-0.001525	0.011920	0.008375	0.025639	0.015852	-0.001156	0.005801	0.003015	-0.012949	-0.005454	-0.001157	-0.009881	0.004251
0.003793	-0.009383	0.009021	0.013525	0.006950	0.005147	0.012668	0.012444	0.006508	-0.002118	0.006905	0.018410	0.000889	0.028113	0.001641	0.006774	0.000564	0.007901	-0.009437	0.000204	-0.004868	0.010879	0.017394	0.012211	-0.015356	0.023596	0.008722	-0.001863	0.007066	0.009277	0.000270	0.008028	0.001278	0.001724	0.000951	-0.008882	0.004259	0.012885	0.012684	0.014426	0.009867	0.000282	0.011070	-0.009208	-0.006596	-0.003765	0.017648	0.017622	0.011125	0.016208	-0.002966	0.005743	0.001133	0.011757	0.006225	0.004794	0.011927	0.014691	0.000308	0.004267	-0.005041	-0.017820	0.011101	0.012231
0.008494	-0.011848	0.001301	-0.014353	0.016783	-0.002203	0.018289	0.015051	-0.005991	-0.006367	0.006273	-0.002354	0.007070	0.002454	-0.013515	-0.016652	0.007643	0.000168	0.003451	0.013684	0.016977	0.003918	0.001865	0.008817	-0.005326	0.006568	0.011683	0.014318	-0.011005	-0.000837	-0.003198	0.006487	0.012381	0.020150	0.004880	0.004044	0.017087	0.012694	0.019363	0.010132	-0.005213	-0.009964	-0.009563	0.013298	0.018721	0.026797	0.017689	0.018377	0.000209	-0.005614	0.013954	0.010549	0.007810	0.012760	0.011531	0.019925	0.019849	0.011453	0.015416	0.010828	0.004062	0.014510	-0.001370	0.018437
-0.004875	0.007979	-0.004562	0.010140	0.002231	-0.008853	0.008478	-0.000681	0.013366	0.007637	0.006428	-0.004548	-0.002048	0.000790	0.013398	0.021577	0.000694	0.015831	-0.012829	-0.006874	-0.004738	-0.008804	-0.009817	0.010020	0.005820	0.007892	0.012061	0.009440	0.011795	0.005875	-0.006843	0.014596	0.000349	-0.002946	0.007292	-0.000086	0.002877	0.010697	0.007099	-0.003746	0.001439	0.015384	0.013051	0.028184	0.018288	0.018428	-0.006695	0.012644	0.003800	0.001897	0.008836	0.016318	0.010585	-0.000718	0.011985	-0.002113	0.005801	0.002428	0.004097	0.013597	-0.001518	0.022876	-0.007969	-0.001651
0.012137	0.014942	0.006920	0.007229	0.008191	0.006016	0.020868	0.015926	0.014417	-0.000364	0.004727	0.004407	-0.003210	0.011106	0.001639	0.012210	-0.000495	0.023357	0.000951	0.010407	0.015508	0.002886	0.014731	-0.004439	0.021898	0.007260	0.001500	0.007064	0.015702	0.001183	-0.002175	0.004920	-0.000696	0.025608	0.006376	0.017382	0.007524	-0.003590	0.005404	0.013159	0.006110	0.017065	0.016587	0.016865	0.000007	-0.004805	0.000356	0.009017	0.010732	-0.013373	0.007340	0.007728	0.002327	0.018507	0.011909	0.019284	0.006026	0.017303	0.024956	0.019515	-0.002747	0.004634	0.008746	0.013631
0.012015	-0.003002	0.004072	-0.011765	0.018056	0.003304	0.005950	0.001346	0.014826	-0.020621	0.001924	0.004049	0.002633	0.023872	-0.003506	0.011774	0.010593	0.018289	0.001613	-0.002494	0.017168	0.010980	-0.011688	-0.001990	0.010479	0.012863	-0.001742	-0.020623	0.011218	-0.005063	-0.019185	-0.023867	0.014054	0.007502	0.007370	0.018960	0.012303	0.022661	-0.008782	0.003220	-0.009046	0.000114	0.002707	0.012355	0.006694	0.013730	0.013705	0.025800	0.000164	-0.004321	0.006716	-0.001673	0.018507	0.003798	0.001159	0.000583	0.011103	0.003315	0.000730	0.020173	0.001230	0.006582	0.014115	-0.009256
0.012107	-0.001636	0.013736	-0.002345	0.011171	0.019395	0.016227	0.009367	0.001333	0.001796	0.018822	0.000193	-0.003049	0.014973	-0.002629	-0.004597	-0.006642	0.002190	0.008648	0.009285	0.014560	0.012962	0.004936	0.003467	0.014246	0.017944	0.009801	0.003326	-0.001991	-0.006029	0.011665	0.013651	0.015551	0.008192	0.023886	0.004748	0.015655	0.007813	0.001597	0.013247	0.011943	0.009511	0.007656	0.007694	0.028862	0.018165	0.013977	0.008879	0.016585	0.012105	0.006548	0.002302	0.002499	-0.024176	0.007984	0.002852	0.023451	0.008119	-0.004053	0.004202	-0.003778	0.010388	0.014083	0.016834
-0.000535	0.006521	-0.008269	0.010013	0.008003	0.010330	0.005862	0.009081	0.018799	0.003624	0.004002	-0.005443	-0.004373	0.007685	0.014997	0.004097	0.005269	0.002155	0.001812	0.007298	-0.009676	0.018363	0.000154	0.012724	-0.003363	0.012092	0.012708	0.008998	-0.004087	0.008241	-0.008620	0.002618	0.017734	0.015143	0.007679	-0.005163	0.008039	0.005098	-0.019914	0.011306	0.007181	0.017158	-0.006927	-0.028172	0.003062	0.005592	-0.013899	-0.003869	0.031858	0.004546	0.011826	-0.005466	-0.017932	-0.000002	0.000309	0.001825	0.004888	0.008150	0.004203	-0.008393	0.007663	-0.014942	-0.010786	0.011702
0.013124	0.007005	-0.008597	-0.002905	-0.000743	-0.010706	-0.002407	0.011608	0.019217	0.003832	0.011279	-0.013640	0.008794	-0.002540	0.006887	0.004262	0.021068	-0.000057	0.014399	0.003563	0.004362	0.002863	-0.001502	0.006764	0.007572	0.006828	0.006880	0.015897	0.016198	-0.002751	0.012857	-0.005260	0.013209	0.011879	-0.009202	0.008297	0.001526	-0.000246	0.017409	-0.001793	-0.000560	0.006489	0.010753	0.006422	0.016220	0.010654	-0.013434	0.001021	0.000757	0.009835	-0.017152	0.029044	0.011548	0.007987	0.017963	0.027519	0.015128	0.015760	0.006791	0.004104	0.001907	-0.003039	0.002834	-0.004994
0.007266	-0.008680	0.006697	0.006130	0.005623	0.003821	0.037880	0.022433	-0.004891	0.008929	-0.001531	-0.004037	-0.008194	0.011450	0.001075	0.016494	0.019299	0.021655	0.000400	0.010361	0.011285	0.002760	-0.000776	0.023257	0.009675	0.010631	-0.002293	-0.004415	0.000522	0.003945	-0.006965	0.006348	-0.008360	-0.004471	0.013114	0.011298	0.000022	-0.004317	-0.006101	0.000186	0.013567	0.013248	-0.000124	-0.005437	0.006597	-0.002364	0.001748	0.019936	0.015970	0.008816	-0.006392	0.006538	0.015664	0.003643	0.021544	0.021708	0.023152	0.010028	0.013520	0.019863	0.013160	0.002604	0.009023	0.012551
-0.004648	0.007954	0.015847	-0.014439	0.019734	0.020837	0.002717	0.009832	0.006422	0.021213	0.015707	-0.006884	0.012504	0.007299	0.005507	-0.001653	0.027910	0.020192	0.002163	-0.007151	0.002619	0.013190	0.010129	0.020551	0.018221	0.016799	0.010698	-0.006606	0.004598	0.019232	0.006001	0.014698	0.006187	-0.001992	0.008610	0.009574	-0.002603	0.003028	-0.004326	0.015874	0.004297	0.019999	0.021752	0.004449	-0.008451	-0.016915	-0.011032	-0.007366	0.019126	0.010065	0.010390	-0.017270	-0.009439	0.013938	0.007980	0.004838	0.012310	0.023256	0.005953	0.004781	0.008773	0.029499	-0.008431	0.012715
0.005301	0.011838	-0.000240	0.007156	0.014897	0.038404	0.014847	-0.003240	-0.000191	0.001770	-0.012293	0.004088	0.014170	-0.000937	0.016033	0.008721	-0.000428	0.005984	0.024604	0.015429	0.007784	0.005484	0.007812	-0.000136	-0.011996	0.023662	0.009914	0.013202	0.007427	0.000488	0.002207	-0.009523	0.029585	-0.003335	0.000689	0.005458	0.018843	0.007831	-0.004557	0.018846	0.016081	0.010606	0.014480	0.032159	0.028921	0.002901	0.021321	0.012913	0.009713	-0.010704	0.004711	-0.000059	0.015447	0.017133	-0.012766	0.004278	0.016270	0.005446	0.014045	0.010954	0.012695	0.006249	-0.003064	-0.005708
0.013306	0.006585	0.004326	0.004776	0.004656	0.018760	0.002538	-0.007164	0.013247	0.004870	0.005882	0.022807	0.007940	0.012090	-0.006037	0.003963	0.014611	-0.008752	0.008556	0.008156	0.009406	0.021074	0.011751	0.021468	-0.001002	0.004440	0.005453	-0.003804	0.017604	0.034150	0.007758	0.012452	0.007383	-0.003070	-0.010946	-0.001763	-0.007442	0.026289	0.006571	0.002680	0.015105	-0.007021	-0.004316	0.005556	0.014203	0.012377	0.010588	0.009819	0.010313	0.006233	-0.005635	0.003482	-0.005217	0.007780	0.003066	0.032463	0.006895	-0.007479	0.004080	0.011640	0.023452	0.001961	-0.005113	0.014580
-0.008810	0.001184	0.003462	0.007472	0.012759	0.001623	0.003184	0.003582	0.006579	0.008000	0.009574	0.015678	0.010545	0.012056	-0.010155	0.004780	0.013243	0.013913	0.001774	-0.000014	0.001987	0.014117	0.017100	0.002509	0.016657	0.006484	0.004795	0.004275	0.014931	0.014603	0.028670	-0.000677	0.011329	-0.000907	-0.000155	0.006815	0.008678	0.037457	0.005971	-0.005987	0.006467	-0.017613	0.001896	0.005186	0.013128	0.017242	0.002620	0.004941	-0.004986	-0.008283	0.005334	-0.009404	-0.000526	-0.002169	0.012434	0.023181	-0.008289	-0.013904	0.003600	0.005120	0.008770	0.001698	0.007818	0.009739
0.016182	-0.012908	0.000907	0.009177	-0.000317	0.025258	0.000634	0.004805	0.011817	-0.000833	-0.014880	0.002708	0.018159	0.007238	-0.001766	0.015685	0.004229	0.000341	0.008227	0.014833	0.032491	0.019564	0.019401	0.003147	-0.002291	0.004271	0.006662	-0.002022	0.008498	0.014303	0.010767	0.011580	0.009779	0.001025	0.003191	-0.003133	0.023112	0.010933	0.006686	-0.001725	0.035284	-0.004312	0.001702	0.011890	0.012905	0.018503	0.026488	0.015252	-0.004326	0.002833	0.009932	0.025873	-0.005687	0.019337	0.010481	0.013874	0.004720	-0.002376	0.014516	0.014693	0.017723	0.009256	0.002865	-0.009434
0.015081	0.011465	-0.004048	0.000166	-0.001586	-0.009556	-0.002417	-0.005185	0.002541	-0.000466	-0.010281	0.025130	0.017261	-0.000323	0.008468	0.011347	0.020751	0.000343	0.017652	0.003436	-0.005464	0.014258	0.020928	0.033565	-0.001984	0.012939	0.005433	0.017127	-0.006286	-0.004976	-0.002113	0.009809	0.003293	0.015129	0.022162	0.016433	0.020791	0.010083	-0.005466	0.019035	0.000975	0.015916	0.024291	0.012655	-0.010252	-0.003902	0.018485	0.006297	0.006392	0.015794	0.015704	0.008465	0.000314	0.001143	0.014249	0.012103	0.005712	0.019189	0.006333	-0.002830	-0.002828	-0.005103	0.006566	0.017989
-0.002206	0.008517	-0.001773	0.001636	-0.011981	0.003374	0.004203	0.009933	0.004437	-0.005621	0.013525	0.007432	0.005475	0.005216	-0.001921	0.005622	0.008948	-0.012603	0.000977	0.003999	0.008406	0.017923	-0.002810	-0.001694	0.000974	-0.004017	0.001890	0.012054	-0.004426	0.010380	-0.013879	-0.002058	0.005187	0.021867	0.004534	-0.016468	-0.018294	0.004610	0.007350	0.007822	0.007338	0.016791	-0.000100	0.010438	-0.016269	-0.007902	-0.012924	0.002303	0.004707	0.008764	0.004971	-0.006429	-0.001954	-0.010766	0.017650	0.003501	0.000746	0.020840	-0.006538	-0.008180	-0.007807	0.003018	0.014645	0.013206
0.032904	-0.013433	0.010123	-0.000984	-0.003943	-0.001684	-0.002711	0.023230	0.014734	0.007259	0.016628	-0.009055	-0.010163	-0.017067	-0.004932	0.008936	0.008616	0.007958	-0.004095	0.012814	0.007485	0.011217	-0.014009	0.008677	-0.003176	0.000813	0.010564	0.007628	-0.002839	0.005190	-0.011898	0.016071	0.005023	0.016151	0.002854	-0.000009	-0.004019	0.013461	-0.002603	0.010389	0.000388	-0.014682	-0.002066	-0.008065	0.000945	-0.008119	0.012828	0.004682	0.002960	0.012535	0.014887	0.003062	-0.005753	-0.013499	-0.002351	-0.000396	0.007651	0.002787	0.012603	-0.001751	0.004818	0.015765	0.013170	0.006567
0.000258	-0.001950	-0.005226	0.002351	0.014287	0.006257	-0.005036	0.021053	0.008081	-0.007809	-0.002234	0.007854	0.023354	-0.000906	0.015867	0.019720	-0.000002	0.001984	-0.003073	0.004985	0.008028	0.016444	0.019637	0.000112	-0.012933	0.002769	0.009638	0.011146	0.005859	0.011100	0.021344	0.010954	0.003997	0.001845	0.008251	0.023706	0.003603	0.007581	0.004447	0.017123	0.025504	0.009732	0.006940	0.008018	-0.017237	0.013242	0.008732	0.011724	-0.002377	0.001794	0.001353	0.015487	0.002741	0.027550	0.012032	-0.007553	0.002692	-0.002379	-0.014662	0.021069	0.015308	0.014057	0.010158	-0.007901
0.001834	0.015191	-0.005055	-0.018903	0.001537	0.007710	0.008772	0.012244	0.010922	0.010873	0.015926	-0.009068	0.009604	0.013352	-0.006948	-0.009266	0.001106	0.000578	0.015722	0.000076	-0.001597	0.002140	0.017576	0.007952	0.006573	0.003305	0.019676	0.002303	0.021427	0.012344	0.007978	0.031745	-0.003114	0.001820	-0.000350	0.018677	0.025015	0.026586	0.019886	0.005627	0.001815	-0.010962	0.024680	0.012308	0.002934	0.020620	-0.001141	0.011127	0.003766	0.011259	0.004922	-0.008642	0.005751	0.018670	0.008836	0.014145	-0.002851	0.006474	0.000183	0.010784	0.007912	0.016774	0.022320	0.014272
0.008827	-0.002992	0.003791	0.001141	0.002405	0.003914	-0.004564	-0.014145	-0.001831	0.006769	-0.009027	0.006212	0.026470	0.020321	0.021259	0.008498	0.017849	-0.001021	-0.000516	-0.020585	0.019542	0.024639	0.002889	0.004452	0.001386	0.008487	0.016752	-0.009224	0.011818	0.007400	0.006448	0.010271	0.004778	0.005941	0.009876	0.019263	0.011187	0.009445	-0.007548	0.000014	0.013446	0.006473	0.014359	0.026172	0.015676	0.006057	-0.001890	-0.019039	0.003157	0.003286	0.011610	0.005399	-0.000145	-0.012902	-0.006237	0.007683	0.023392	0.006176	0.010795	0.015384	-0.000209	0.007109	0.000444	0.013886
0.008834	0.008269	-0.002184	0.015472	0.026517	-0.001870	0.004450	0.008910	0.015907	0.001691	-0.023175	0.019727	0.013595	-0.009267	-0.000994	0.021065	0.023424	0.016673	0.006694	0.007727	0.006578	0.017384	-0.001909	-0.001598	0.018221	0.006431	0.020948	0.002258	0.005735	0.000265	0.004749	-0.007275	0.003039	-0.006163	0.015969	0.013621	-0.011099	0.021366	0.030566	0.005146	-0.000674	0.029850	-0.006672	0.005611	0.005554	0.020171	0.012713	0.000567	-0.006495	0.001847	-0.005385	0.002855	-0.002173	-0.006908	0.019637	0.001041	-0.006497	0.002969	0.004382	-0.011138	0.009334	-0.003439	0.027522	0.011801
0.001137	-0.001979	0.004153	0.012164	0.005180	0.005194	0.005637	-0.001818	-0.001788	-0.013370	0.013461	0.009892	-0.001155	0.025011	0.005159	-0.007691	0.014146	0.011218	0.012284	0.002267	0.010025	0.005006	0.008444	-0.014498	0.003789	0.020996	0.000129	0.001488	0.002321	-0.006838	-0.018851	-0.000461	0.008205	0.006708	0.007485	0.007527	0.013310	0.003005	-0.003477	0.000112	0.009755	0.017616	-0.000659	0.006627	0.006608	-0.005688	0.003314	-0.009848	-0.013537	0.007289	0.001575	0.005802	0.004308	-0.005182	0.003436	-0.008590	0.016685	-0.007583	0.003208	-0.003931	0.011284	0.001665	0.003981	0.013385
0.007216	0.012774	-0.003820	-0.007805	0.004191	0.002567	0.011398	0.005032	0.005042	-0.007779	0.022495	0.004651	0.010693	-0.001110	0.008654	-0.007428	0.012840	0.003108	0.009541	0.013772	-0.006016	-0.002074	0.009802	0.024660	0.006117	0.009907	0.007349	0.027563	-0.007761	0.006283	-0.011916	-0.018484	0.010615	0.008686	0.007553	0.010646	0.036449	0.005446	0.007037	-0.002081	0.010132	0.003872	0.003797	0.026206	0.018537	0.006242	-0.018387	0.001824	0.032060	0.006420	0.019206	0.022344	0.008822	-0.003619	-0.019978	0.011629	-0.000223	0.009170	-0.003971	0.003866	0.006804	0.008464	-0.001941	0.017932
-0.004203	-0.009513	0.002950	0.004734	0.004614	0.021308	0.002611	0.000779	-0.008485	0.011676	0.004589	0.000061	-0.013168	0.019750	-0.007585	-0.003803	0.005277	-0.008437	-0.009844	-0.016348	0.010903	0.003066	0.031398	-0.007144	-0.007217	-0.004689	0.005749	-0.000237	0.011136	-0.002799	-0.011123	-0.017504	-0.020667	-0.004794	0.002647	-0.001433	0.016468	0.017399	-0.001640	-0.017196	-0.003455	-0.004469	-0.003632	-0.004458	-0.004171	0.000735	-0.003162	0.005177	0.004921	-0.003401	0.015190	-0.008132	-0.013272	0.008262	-0.002698	0.006617	-0.019718	0.016452	0.011449	-0.011649	-0.010041	0.021032	0.001990	-0.004357
-0.015219	0.004241	0.003514	0.012023	-0.011676	-0.011855	0.008567	0.014307	-0.011042	0.015515	0.006330	0.015797	0.001883	-0.020168	0.002682	0.013787	-0.002314	0.003245	0.006166	-0.021767	0.019637	-0.002906	0.010449	0.003293	0.019921	0.010015	0.003743	-0.002611	0.011946	-0.011921	0.009775	-0.003882	0.022555	0.010614	0.014269	0.006414	-0.013476	-0.004230	0.012422	0.007327	0.019358	0.009193	-0.003274	-0.001515	0.001432	-0.017551	0.020616	0.010878	0.017142	-0.006938	0.018379	0.026347	-0.009072	0.009482	0.005697	-0.008780	0.010790	0.014728	0.002535	0.016559	-0.012187	-0.011845	0.009416	0.005996
0.002511	0.017244	0.013370	0.016295	0.006493	0.015280	0.005297	0.026389	0.000916	0.029447	0.008222	-0.003823	0.020464	0.010295	0.015485	0.018554	0.013249	0.004795	0.020096	0.008251	0.013237	-0.010946	0.012909	0.003436	0.027049	0.012388	0.011676	0.013822	-0.000394	0.024331	0.027327	0.014429	0.024114	0.003595	0.003363	0.009451	0.010713	0.005355	0.013841	0.009748	-0.003805	0.009251	0.012867	0.009803	0.017009	-0.003947	0.009999	-0.005773	-0.008312	-0.001900	-0.003589	-0.000217	0.003561	0.015457	0.003615	-0.011371	0.016698	-0.000291	0.006755	0.010940	0.010302	0.019320	0.015557	-0.000764
0.030015	0.011399	0.005896	0.014937	0.005738	0.011710	0.030561	0.006083	0.005039	0.009913	0.015102	-0.007183	-0.012783	0.001017	-0.008710	0.001943	0.014692	0.000357	-0.003106	0.008236	0.013627	-0.008766	0.015145	0.016430	0.019913	0.018598	0.030362	0.007949	0.009329	0.004613	0.007509	0.025276	-0.001562	0.001517	0.027741	0.021237	0.004542	0.016797	0.012125	0.023136	0.009675	0.017365	0.035153	0.017325	0.007252	0.014327	0.004772	0.030377	0.007617	0.005334	0.002210	0.017261	0.011781	0.002008	0.011779	-0.006290	0.010911	0.013668	0.023628	-0.000534	-0.006233	-0.002708	-0.002164	0.019162
0.022380	0.011953	0.018712	0.010159	0.004295	0.002647	0.001527	-0.008223	0.008184	0.008533	0.013780	0.008051	0.003629	-0.000608	0.004973	0.011538	-0.003290	0.008887	0.013589	-0.000004	0.000644	0.008596	-0.003178	0.007552	-0.000923	0.015370	0.029462	0.000867	0.011720	-0.000124	0.014322	-0.006263	0.011105	-0.001509	0.006849	-0.002046	0.013826	-0.000446	0.011981	0.001568	0.005059	0.004528	-0.002060	0.007913	0.020834	-0.000353	0.017928	0.020652	-0.003688	-0.009700	0.007455	0.000681	0.023331	0.007151	-0.001699	-0.005541	0.017247	0.001545	0.007648	0.015796	0.004185	0.006081	0.009187	0.012231
0.010249	0.004985	0.007024	0.002956	-0.009638	0.010654	0.025256	-0.003081	-0.004025	-0.001622	0.011937	0.011102	0.004553	-0.000689	0.006083	-0.010891	0.008110	0.015169	-0.004072	-0.007245	0.020724	0.002360	0.017217	0.004256	0.005970	0.007776	-0.001711	0.009129	0.003719	-0.005028	0.007367	0.004699	0.006115	-0.005201	0.025485	0.019259	0.015384	0.003921	-0.010117	0.022796	0.002928	-0.003408	0.009870	0.019843	0.005409	0.018320	0.015410	-0.003862	-0.003336	0.012692	-0.019002	0.002986	-0.010471	0.001354	0.004007	0.000406	-0.000738	-0.003176	0.028608	0.023830	-0.005096	0.020319	0.006488	0.006448
0.004858	0.000466	0.015365	0.010891	0.002401	-0.005322	-0.002909	-0.010293	0.005654	-0.005269	0.001927	0.021469	0.018546	0.007762	0.004785	0.022716	0.011939	0.000659	-0.006301	0.012147	0.016205	0.002533	0.009448	0.003381	0.004479	-0.021760	0.003761	0.018602	0.002492	0.008331	-0.002013	0.009706	0.003196	-0.003700	0.022134	0.018744	0.002661	0.012571	0.010668	0.010227	-0.012163	0.011317	-0.000358	0.005431	0.032401	0.011725	0.002386	-0.016544	0.015934	-0.008125	-0.004597	0.002555	0.022447	0.016928	0.004845	0.007904	0.000591	0.006483	0.007816	0.016693	0.018928	0.012340	0.006755	0.013115
0.007402	-0.002216	0.003278	0.008141	0.013035	0.004212	-0.006145	0.006268	0.008008	0.010344	0.015046	0.018078	0.001479	0.001079	-0.006045	0.012482	0.021991	0.004510	0.006822	0.022620	0.012673	0.010692	-0.003918	0.013987	-0.001236	-0.006799	0.002858	0.003715	0.005407	-0.005868	0.014647	0.019339	-0.011102	0.014685	0.002727	0.017322	0.006790	0.007096	0.004681	0.017049	-0.005085	0.011143	0.017677	0.016813	0.027352	0.001944	0.015388	0.005979	0.017510	0.007743	0.004997	0.017958	0.000382	-0.008120	0.000553	0.012586	0.021529	0.009516	0.019283	-0.005710	0.002333	0.002229	0.007984	0.008174
0.010783	0.003560	0.005957	0.006504	-0.004789	0.004173	0.004692	0.002134	0.003501	0.006363	-0.000080	0.018984	-0.005106	-0.000150	0.029894	-0.006470	-0.006113	0.011813	-0.012347	0.004527	0.028224	-0.007373	-0.015088	-0.012849	0.014598	0.014420	0.001985	0.015725	0.023932	0.025960	0.000524	-0.017463	-0.001326	0.002037	0.007469	0.007100	0.018627	0.020488	0.003146	0.013802	0.009278	0.006943	0.014804	0.008499	0.025065	-0.006789	-0.001162	0.005397	0.008251	0.018759	0.007140	-0.007516	0.013792	0.011182	-0.013516	0.003592	-0.010993	-0.000884	-0.002934	0.012101	0.008603	-0.005633	0.014455	-0.009900
