-1.460570
-1.463952
-1.478457
-1.481736
-1.514908
-1.443971
-5.844893
-1.473542
-1.526360
-1.488452
-1.447825
-1.466540
-1.580758
-1.583165
-6.264378
-1.515014
-1.491452
-1.548698
-1.586926
-1.529043
-1.563062
-1.423294
-1.634967
-1.464874
-1.470613
-1.471256
-1.466985
-1.497141
-1.489153
-1.577495
-1.579964
-1.494245
-6.085578
-1.480508
-5.924497
-1.570459
-6.112303
-1.508077
-1.482439
-6.055838
-1.491565
-1.477193
-5.777905
-1.440368
-1.575836
-1.480155
-5.658097
-1.423476
-1.481262
-1.442388
-1.445733
-5.505997
-1.569662
-1.501151
-1.512008
-1.471488
-4.971413
-1.589459
-1.480347
-1.420677
-1.504800
-5.303273
-5.518779
-1.577423
-4.965257
-1.498848
-1.441119
-1.446685
-1.571712
-1.542716
-1.455797
-1.496078
-1.583370
-1.528233
-1.492926
-1.469871
-1.577123
-5.748266
-5.781780
-5.162903
-1.481370
-1.523700
-1.559640
-1.435623
-1.503105
-1.459333
-1.506536
-1.575846
-1.516004
-1.435718
-1.488197
-1.459352
-1.544406
-1.582151
-1.568663
-1.521242
-1.452951
-4.527351
-4.006815
-6.032993
