1.050000
-1.500000
0.480000
-1.500000
1.320000
-1.290000
1.320000
-0.930000
-1.050000
0.540000
-0.990000
0.180000
-0.810000
1.440000
-1.230000
0.990000
0.990000
-1.320000
1.230000
0.210000
0.990000
-2.010000
1.050000
-1.650000
-1.110000
0.630000
-1.050000
1.410000
-1.740000
1.230000
-1.500000
0.810000
0.210000
-0.720000
0.510000
-0.990000
1.680000
-1.740000
1.140000
-1.110000
0.540000
-0.300000
0.390000
0.150000
-1.320000
1.170000
-1.500000
0.840000
-1.860000
1.110000
-0.840000
-0.090000
0.780000
-0.930000
0.690000
-0.690000
0.300000
-0.840000
0.840000
-0.870000
0.960000
0.180000
-0.390000
-0.240000
