0.532313
0.545365
0.549566
0.553775
0.552786
0.540719
0.537745
0.552955
0.544993
0.547863
0.548523
0.563828
0.547503
0.536928
0.541878
0.544569
0.527168
0.546349
0.534901
0.552611
0.547935
0.544910
0.536077
0.557023
0.530412
0.537253
0.552101
0.542105
0.542151
0.547331
0.546608
0.539202
0.542380
0.542969
0.548951
0.542956
0.539731
0.549328
0.541330
0.531445
0.542738
0.540878
0.553237
0.552588
0.548347
0.550704
0.528175
0.546152
0.551805
0.559770
0.542530
0.550753
0.548662
0.549641
0.544705
0.550881
0.547740
0.540189
0.549053
0.553993
0.545167
0.531444
0.544044
0.541137
0.544460
0.546513
0.554276
0.548709
0.548663
0.535165
0.536162
0.547460
0.542426
0.537667
0.548061
0.556297
0.543326
0.541416
0.542363
0.553331
0.549763
0.551292
0.539698
0.535948
0.555922
0.548604
0.547820
0.546061
0.545697
0.544355
0.533991
0.537067
0.547158
0.544636
0.542585
0.541693
0.545880
0.540355
0.558469
0.552138
