1.687800
-1.521000
-0.030600
0.744600
0.139800
-1.185000
1.368000
-0.307800
-0.544200
-0.021000
0.097800
-0.672000
-0.031200
0.363000
1.295400
1.125000
-0.150000
0.858600
0.617400
0.501600
0.159600
-0.406800
1.047000
-0.990000
-0.129000
0.440400
-1.128000
0.859200
0.171600
1.082400
-0.350400
-0.021600
-0.011400
2.412000
-0.244200
0.642600
0.085200
0.580800
-0.272400
0.940800
-0.666000
-0.516600
1.020600
-0.319800
0.843000
0.455400
1.022400
-1.044000
-0.995400
1.600800
-0.760200
0.649800
-0.958200
2.364600
-0.759000
0.736200
-0.192000
0.476400
0.880800
-1.521000
0.892800
-0.841200
0.985800
0.871200
