-4.657347
-5.635464
-5.371926
-4.170637
-3.865197
-2.910927
-5.924329
-2.965113
-1.060016
-3.663677
-3.613155
0.232888
-2.383579
-1.407789
-4.159372
-1.832113
-1.711078
-3.473679
-2.926219
-4.665562
-2.649948
-3.521586
-5.009834
-4.735454
-2.144833
-3.796863
-3.137545
-4.673936
-2.957898
-3.959939
-1.719295
-3.479755
-3.563817
-4.696250
-2.670469
-5.441371
-4.990836
-4.616293
-2.754972
-3.399666
-0.563834
-2.291969
-6.850894
-4.689615
-3.827202
-5.312779
-3.381915
-4.811451
-3.761944
-4.151350
-3.123143
-1.060273
-1.785264
-3.187937
-6.166931
-3.035519
-3.168540
-4.702245
-0.541048
-3.789421
-2.530279
-3.986319
-3.697419
-1.781656
-2.840013
-2.279200
-0.507177
-2.080096
-2.191612
-2.920852
-2.565039
-4.419114
-2.399249
-1.492790
-3.087025
-1.243525
-5.242209
-4.046114
-2.747003
-3.907393
-3.124326
-5.407698
-4.801328
-1.982982
-4.759389
-6.058520
-0.590699
-3.028858
-3.077906
-3.411001
-2.752564
-4.257548
-4.103983
-5.735307
-1.550145
-5.721240
-3.011323
-5.335744
-3.422244
-3.177849
