1.080000
-0.780000
0.660000
-1.710000
1.620000
-0.840000
1.290000
-1.590000
-0.930000
-0.000000
-0.060000
0.120000
-0.780000
1.350000
-1.800000
1.470000
0.090000
0.060000
-0.240000
-0.090000
1.140000
-2.220000
1.590000
-2.400000
-0.180000
-0.630000
0.180000
0.330000
-1.470000
1.560000
-1.590000
1.560000
-0.420000
0.780000
-0.060000
0.120000
0.060000
-0.570000
0.840000
-1.980000
-0.390000
-0.060000
-0.180000
-0.300000
0.180000
0.030000
-0.480000
1.170000
0.270000
-0.180000
-0.450000
0.600000
-0.480000
-0.180000
0.060000
-0.330000
-0.120000
-0.000000
0.300000
-0.510000
0.060000
-0.390000
0.120000
-0.180000
