-1.217149
-1.221882
-1.236234
-1.239051
-1.271103
-1.201127
-5.892167
-1.231014
-1.282476
-1.246008
-1.206086
-1.225188
-1.334870
-1.336963
-5.522566
-1.270512
-1.247670
-1.301094
-1.334299
-1.284881
-1.314469
-1.181721
-1.378295
-1.222166
-1.227252
-1.227761
-1.224545
-1.254412
-1.244730
-1.331382
-1.333727
-1.250419
-5.232424
-1.237348
-4.570685
-1.322859
-6.728618
-1.264799
-1.239596
-5.505187
-1.248029
-1.234750
-6.638421
-1.198941
-1.328009
-1.236941
-5.597683
-1.181659
-1.238318
-1.201035
-1.202368
-5.634036
-1.320680
-1.258446
-1.268996
-1.229329
-5.155226
-1.339942
-1.238316
-1.179527
-1.261757
-5.759859
-6.069551
-1.331137
-6.011357
-1.255916
-1.199621
-1.205246
-1.325579
-1.296791
-1.211898
-1.252270
-1.333370
-1.283610
-1.249243
-1.227717
-1.331073
-5.782805
-6.850789
-3.994877
-1.238461
-1.280852
-1.310874
-1.192492
-1.260587
-1.216502
-1.263634
-1.329758
-1.271853
-1.194123
-1.243919
-1.216041
-1.297565
-1.334879
-1.320761
-1.276674
-1.211262
-3.853328
-5.349920
-5.052425
