0.036000
-0.612000
0.513000
-0.360000
0.252000
0.009000
0.279000
-0.297000
0.090000
0.135000
-0.621000
-0.000000
-0.162000
0.252000
-0.297000
0.297000
0.045000
0.153000
0.576000
-0.270000
0.738000
-0.207000
0.513000
-0.819000
-0.225000
-0.207000
0.090000
0.450000
-0.720000
0.126000
-0.180000
0.450000
-0.117000
0.423000
-0.639000
0.333000
0.090000
-0.099000
-0.279000
-0.414000
-0.243000
-0.000000
0.324000
-0.351000
0.162000
-0.261000
0.063000
-0.198000
-0.036000
0.225000
-0.126000
0.396000
-0.882000
0.378000
-0.441000
0.459000
-0.171000
-0.144000
-0.441000
-0.018000
0.108000
-0.387000
0.621000
-0.549000
