-2.654624
-1.356494
-1.365459
-1.327540
-1.321000
-1.397397
-1.367950
-1.367654
-2.933755
-1.388190
-1.461922
-1.319865
-3.904989
-2.664593
-3.195306
-1.353096
-1.372840
-1.404682
-1.361957
-1.335717
-1.336850
-1.494238
-1.457095
-1.322311
-3.481569
-1.375613
-1.327132
-1.386790
-3.286631
-1.342225
-1.336533
-1.389654
-1.375367
-1.408300
-4.238188
-1.360638
-2.825684
-3.082884
-3.480561
-1.373518
-1.393253
-1.420061
-3.526919
-3.267821
-1.341969
-1.388784
-2.835090
-3.491002
-1.380775
-1.502403
-1.393832
-1.341222
-1.342270
-1.335550
-3.030074
-1.336051
-1.341647
-2.928815
-1.387400
-3.041809
-3.846719
-2.783696
-1.390490
-1.354914
-3.174497
-2.808797
-1.368734
-3.807266
-1.355487
-3.145671
-3.820430
-1.388076
-3.854494
-1.348989
-3.797077
-1.349913
-1.350370
-1.339167
-3.414791
-2.449440
-1.342893
-1.362698
-3.587464
-2.748890
-1.387385
-1.406586
-1.360954
-1.355076
-1.337215
-2.476239
-2.934227
-4.633657
-1.345560
-3.562057
-2.935662
-1.344522
-4.203595
-4.029499
-2.956514
-1.414328
