-0.022278
-0.177012
-0.082775
0.051403
-0.302993
-0.360066
-0.197484
-0.145457
-0.102075
0.053018
0.010871
0.019780
-0.198676
-0.281521
0.006210
-0.093626
-0.017722
0.054851
-0.159515
-0.010842
0.019383
0.030095
0.013213
-0.062635
0.057222
-0.386395
-0.085380
0.036638
-0.035918
-0.015180
0.022421
-0.301113
-0.075692
0.053206
0.054309
-0.112504
0.052116
-0.095234
-0.136709
-0.352086
-0.139352
-0.111686
0.051662
0.052147
-0.016936
0.020947
-0.142640
0.005003
-0.211042
-0.024990
0.048775
-0.034278
-0.051968
-0.060536
-0.164133
-0.223575
-0.047940
0.049999
-0.036821
-0.118476
0.030266
-0.059142
-0.240827
-0.261096
