4.378851
4.401505
4.080930
4.015489
3.965236
4.256362
4.354831
4.041300
4.387719
4.119256
4.088913
3.988142
4.256768
4.516225
4.257927
3.971460
4.213135
4.047659
4.562629
4.005183
4.136970
4.289930
4.489044
3.961643
4.248647
4.450555
4.003213
4.382810
4.182349
4.167451
4.085466
4.283228
4.173343
4.357187
4.291216
4.470686
4.073370
4.057215
4.461609
4.532160
4.012511
4.528594
3.982865
4.120096
4.194982
4.027753
4.195545
4.131989
4.018032
4.087858
4.023473
3.994150
4.119162
4.140557
4.357424
4.110061
4.198806
4.424201
4.406350
4.078228
4.316918
4.374749
4.180269
4.279485
4.474502
4.193752
4.027117
4.394881
4.238528
4.482076
4.260309
4.124200
4.208573
4.424390
4.017850
4.019258
4.468855
4.153745
4.097742
4.114335
4.088706
4.205482
4.415432
4.452757
4.030802
4.044360
4.123901
4.203667
4.148099
4.497800
4.421036
4.408764
4.124796
4.275597
4.387282
4.162548
4.218826
4.439181
4.019437
4.050790
