-1.462344
-1.424394
-1.389400
-1.459675
-1.379202
-1.428442
-8.594037
-1.476790
-1.398297
-1.461991
-1.426745
-1.432558
-1.494493
-1.391691
-7.682752
-1.406925
-1.468237
-1.418886
-1.479312
-1.381656
-1.412911
-1.359111
-7.951666
-1.470193
-1.426935
-1.440186
-1.463537
-1.414085
-1.385035
-1.461445
-1.414472
-1.415799
-6.809228
-1.438958
-6.996090
-1.512627
-7.352894
-1.398810
-1.418764
-1.472195
-1.362506
-1.469438
-7.366312
-1.425622
-1.435445
-1.466116
-8.612317
-1.379899
-1.444577
-1.421386
-1.433540
-6.988749
-1.431191
-1.394314
-1.381251
-1.456470
-7.636358
-1.412178
-1.470496
-1.382462
-1.463297
-8.373893
-8.495685
-1.427393
-8.909366
-1.417167
-1.426694
-1.423919
-7.853878
-7.685110
-1.426082
-1.394807
-7.931712
-1.435579
-1.431861
-1.467756
-1.467552
-7.622907
-12.008282
-7.348860
-1.480652
-1.368508
-1.397900
-1.428317
-1.494061
-1.429519
-1.362032
-1.484972
-1.385071
-1.426043
-1.398496
-1.459960
-1.429361
-1.416358
-1.440043
-1.429500
-1.423511
-7.258201
-7.389557
-7.404350
