-4.130256
-2.243067
-3.816280
-4.951694
-5.464615
-2.628353
-3.286416
-3.063036
-2.657802
-3.286277
-2.589604
-1.831737
-4.027361
-1.386741
-1.873204
-1.522456
-4.108697
-2.776467
-1.188732
-3.062503
-1.301095
0.230991
-1.163837
-3.448188
-5.985585
-4.279606
-2.098814
-5.119906
-3.236840
-4.829615
-2.599691
-4.875752
-3.122858
-2.772501
-4.259829
-6.754656
-3.361929
-2.247857
-2.090291
-4.074107
-2.160537
-4.363433
-6.826143
-4.301589
-5.198719
-5.304237
-2.155651
-6.231086
-6.213288
-3.736521
-3.574684
-4.395639
-4.790444
-0.664794
-3.539110
-4.141211
-2.862704
-6.988852
-5.793843
-6.717740
-1.501253
-1.864379
-4.395365
-3.639629
-1.600140
-8.105501
-3.759123
-5.454496
-6.218836
-4.808783
-5.156288
-4.165664
-4.862140
-2.901377
-5.420248
-1.587149
-6.195045
-5.855835
-2.051464
-9.541584
-6.709599
-3.526212
-7.310118
-6.199889
-0.998455
-5.633308
-3.554171
-4.756553
-3.793367
-3.261228
-6.113567
-3.292645
-6.702871
-5.827846
-7.873315
-4.108666
-2.441908
-4.768967
-2.057954
-1.300739
