-0.944000
0.287200
0.516000
0.364000
-0.431200
0.730400
-0.770400
0.629600
1.769600
-0.705600
-0.652800
-0.122400
0.569600
0.280800
0.512000
0.501600
-1.065600
0.448000
0.446400
-0.156800
0.078400
0.340000
0.283200
-0.836800
0.428000
0.107200
0.256800
0.956800
0.115200
1.180800
0.179200
-0.287200
-1.128000
1.520000
-0.470400
-0.024800
-0.164000
-0.092000
-0.397600
1.819200
0.647200
0.098400
0.840800
0.206400
0.462400
-0.161600
0.825600
-0.576800
-1.570400
1.236000
0.569600
0.392000
-2.163200
2.672000
-1.276800
0.036800
1.483200
-1.445600
0.459200
-0.439200
2.092800
-1.613600
1.092800
0.418400
