-0.142230
-1.896539
-0.935560
0.264698
-3.150348
-3.479044
-2.034599
-1.381127
-1.054129
0.434867
0.096370
0.598954
-2.005273
-2.789245
-0.244577
-1.162298
0.003159
0.183049
-1.657183
0.315084
0.073369
0.159834
0.346939
-0.986747
0.444545
-3.927498
-1.166198
0.468070
-0.255749
-0.071819
0.086857
-3.051618
-1.148653
0.653378
0.507536
-0.832234
0.315041
-0.911424
-1.079186
-3.525905
-1.341006
-1.019929
0.753885
0.503195
-0.126085
-0.003024
-1.408546
0.399354
-1.901774
-0.498594
0.593589
-0.449671
-0.781648
-0.471132
-1.362694
-2.195761
-0.096622
0.680302
-0.494618
-1.289730
0.197540
-0.508659
-2.379783
-2.331364
