0.006568
-0.023930
-0.008226
0.008503
-0.040629
-0.045266
-0.035921
-0.023169
-0.008747
0.014766
-0.013548
-0.013030
-0.032067
-0.033382
-0.004738
0.006047
-0.013221
0.001672
-0.034764
-0.011080
0.002806
-0.011537
-0.009358
-0.026696
0.016569
-0.053141
-0.013795
0.010821
-0.004405
-0.020061
-0.006369
-0.049928
-0.022100
-0.011079
-0.003745
-0.010661
0.013101
-0.026817
-0.025829
-0.057036
-0.018019
-0.016930
-0.009907
-0.008608
-0.014278
0.005129
-0.034559
-0.012166
-0.033336
-0.003303
0.018493
-0.007270
-0.008403
-0.018043
-0.024772
-0.041706
0.008289
0.002692
0.009992
-0.020666
0.000033
-0.020380
-0.037419
-0.027212
