-1.954000
-4.004600
-35.693500
-4.818900
-0.889000
-2.255400
-1.957800
-4.166100
-4.373500
-35.059000
-648.682200
-9.840100
-4.690900
-1.600800
-5.609200
-34.089400
-11.667800
-5.571700
-11.259300
-3.256300
-0.904100
-1.874300
-23.537600
-666.618200
-13.836200
-2.662600
-1.998800
-1.805300
-1.897100
-2.533600
-17.057900
-62.998000
-6.355200
-2.433600
-1.275000
-2.268900
-3.741300
-1.738900
-0.611500
-8.878100
-1.698600
-2.893700
-2.181900
-2.569400
-4.391200
-2.496100
-3.307800
-1.482100
-2.707700
-3.412800
-2.506800
-5.947400
-2.532500
-3.092100
-3.440300
-3.570600
-2.887500
-3.914100
-6.438300
-3.812300
-1.312200
-0.854800
-1.582800
-1.778300
