6.913576
2.579825
1.786323
1.301339
1.646481
2.257487
1.912854
3.244511
3.360213
2.695240
2.580801
1.349285
1.711326
1.675509
1.302070
5.920605
2.222936
3.645072
2.580543
2.132396
2.629987
1.561753
2.357084
1.817049
5.966955
1.561765
1.482534
1.476547
4.150175
1.816903
1.647491
2.545584
1.343725
1.646483
1.476416
5.968840
-4.680592
5.855540
8.781946
1.586014
2.967853
1.816442
-10.087535
2.579689
1.817043
2.527454
1.706629
5.872301
1.855738
2.414992
3.896232
2.867759
2.579826
2.382685
1.646595
2.888569
1.301502
1.671350
2.204717
2.579650
2.579829
1.561765
2.363110
2.834899
1.694071
2.691782
1.822034
1.561734
1.762501
7.633097
6.924128
2.407220
2.368264
1.972838
1.477152
1.561763
2.613072
1.586014
6.804449
3.104391
1.380486
8.510673
1.561764
1.301632
1.560781
3.492540
1.753281
1.918787
3.043104
2.866275
2.229056
6.107060
1.560071
1.482534
1.560631
2.579658
1.482545
1.778286
1.646542
5.858405
