0.430500
0.295960
0.683710
0.486340
0.672090
0.393730
0.516800
0.512400
0.700660
0.425260
0.233920
0.380900
0.643940
0.634150
0.360650
0.120400
0.563810
0.271410
0.270060
0.520350
0.308550
0.150980
0.369290
0.590020
0.429080
0.363490
0.513520
0.538010
0.484870
0.359750
0.564250
0.774120
0.538550
0.792070
0.279210
0.606470
0.421910
0.257830
0.787210
0.699250
0.885470
0.544620
0.273470
0.382940
0.486710
0.329080
0.422750
0.571770
0.510470
0.332520
0.455980
0.754370
0.510780
0.584160
0.421290
0.536310
0.747920
0.693800
0.394370
0.508720
0.541690
0.733180
0.347380
0.432170
