1.161267
0.309800
0.701701
0.348978
0.527851
0.642604
0.629949
0.778803
1.139409
0.171503
1.153135
0.404199
0.930214
-0.186814
0.277094
-0.312531
0.573323
0.317711
0.689616
0.479004
0.593767
0.596290
-0.168853
0.167159
0.990277
0.056639
0.608529
0.640575
0.855914
0.305804
0.702032
0.689341
1.072189
0.741544
1.008749
0.817510
-0.000999
0.804153
0.824861
0.572783
0.702423
0.959640
0.003187
1.180374
0.829790
0.408968
1.269501
0.958314
0.526618
1.351686
0.187933
0.557243
0.728932
0.466344
0.764217
0.502965
0.894768
0.113324
0.648847
1.314125
0.509676
0.798744
0.613396
0.758298
0.509253
1.085532
0.685027
1.095023
0.723505
0.350804
0.991616
0.636425
0.926485
0.800181
1.019979
0.596599
0.337578
0.219871
0.490469
0.333014
0.707834
0.364520
0.573205
0.886079
1.119593
0.512553
0.478398
0.582884
0.683808
1.166895
0.443463
1.011291
0.938474
0.204405
0.141701
1.189115
1.283618
0.637943
0.674959
0.786556
